epoch,train_loss,rmse_loss,trend_loss,val_rmse,val_trend_acc
0,0.18230214317639667,0.17335207909345626,8.950063276290894,0.12048300355672836,0.44166666666666665
1,0.09049266874790192,0.08720369264483452,3.288976462682088,0.103539377450943,0.43333333333333335
2,0.07522513642907143,0.0730268952747186,2.198240844408671,0.09826204180717468,0.4583333333333333
3,0.07261980523665747,0.07071867063641549,1.901134196917216,0.09547550231218338,0.475
4,0.06960475121935208,0.06764183392127356,1.9629162232081094,0.09987695515155792,0.4583333333333333
5,0.06691869695981344,0.06558101748426755,1.3376796166102092,0.10036300122737885,0.45
6,0.06769704595208167,0.06634499331315359,1.3520527283350627,0.0928182527422905,0.4666666666666667
7,0.06653473302721977,0.0651754471162955,1.3592856884002686,0.09498774260282516,0.5166666666666667
8,0.07171729654073715,0.07012069225311279,1.5966036240259807,0.09852796047925949,0.425
9,0.07101313223441443,0.06936698257923127,1.6461496790250143,0.0950763002038002,0.5083333333333333
10,0.06807069132725398,0.06659305443366369,1.477636710802714,0.09939463436603546,0.43333333333333335
11,0.06443399786949158,0.06307341307401657,1.3605840802192688,0.1040906012058258,0.5
12,0.07472308576107026,0.07264904205997785,2.07404355208079,0.09750726073980331,0.5166666666666667
13,0.06746580923597018,0.06606055622299513,1.4052523811658224,0.09477013349533081,0.48333333333333334
14,0.06435439710815748,0.06315294777353604,1.201448917388916,0.10008059442043304,0.48333333333333334
15,0.0692793736855189,0.06783255065480868,1.4468228697776795,0.1041473001241684,0.44166666666666665
16,0.06701064556837082,0.0655867097278436,1.423935838540395,0.10116936266422272,0.4666666666666667
17,0.06562667191028596,0.06442431484659512,1.2023581981658935,0.09104743599891663,0.5333333333333333
18,0.06581616029143333,0.06432253494858742,1.4936254342397055,0.09493299573659897,0.44166666666666665
19,0.06161847760279973,0.06040563036998113,1.2128480156262715,0.09041011333465576,0.5083333333333333
20,0.06225942720969518,0.061203789959351225,1.0556372046470641,0.09446112811565399,0.44166666666666665
21,0.06136980553468068,0.060321500649054845,1.0483045379320781,0.09140488505363464,0.49166666666666664
22,0.06351308127244314,0.0624539685746034,1.0591121991475423,0.0933765098452568,0.475
23,0.06555831084648768,0.06417935788631439,1.3789528369903565,0.09813053160905838,0.5416666666666666
24,0.07297877470652263,0.07145822544892629,1.5205485860506693,0.1012275218963623,0.45
25,0.06914547930161158,0.06799676467974981,1.1487144231796265,0.09791041165590286,0.4666666666666667
26,0.06787408068776131,0.06671862751245498,1.1554537177085877,0.11774332821369171,0.49166666666666664
27,0.07710298250118891,0.07532199248671531,1.7809897502263388,0.10840187966823578,0.4583333333333333
28,0.06685081919034322,0.06549679736296336,1.354021433989207,0.09368699789047241,0.43333333333333335
29,0.06747937202453613,0.0662104959289233,1.268875793615977,0.09216876327991486,0.45
30,0.06828051060438156,0.06663025791446368,1.6502525250116984,0.09609846770763397,0.525
31,0.06408372968435287,0.06297698120276134,1.1067480444908142,0.09090344607830048,0.48333333333333334
32,0.0616524467865626,0.06068073237935702,0.9717135707537333,0.09453196078538895,0.4666666666666667
33,0.06267611756920814,0.06154265503088633,1.133462421099345,0.09323316067457199,0.45
34,0.0656027985115846,0.0644529310365518,1.1498666961987813,0.10004834830760956,0.5333333333333333
35,0.06897184749444325,0.06734470302859942,1.6271446108818055,0.09913992881774902,0.43333333333333335
36,0.06893348122636477,0.06729213496049245,1.6413457592328389,0.1038832813501358,0.5
37,0.06261922096212705,0.06152486031254133,1.094361412525177,0.09311706572771072,0.4083333333333333
38,0.06408593828479449,0.06298090542356173,1.1050327142079672,0.0939987301826477,0.49166666666666664
39,0.06177001148462295,0.06068660666545232,1.0834045132001242,0.09256908297538757,0.4583333333333333
40,0.0629207027455171,0.061784846087296806,1.135857363541921,0.09760262817144394,0.49166666666666664
41,0.06579753533005714,0.06448417529463768,1.3133595983187358,0.0951550304889679,0.49166666666666664
42,0.06401975552241007,0.06278398955861728,1.2357651074727376,0.09565079212188721,0.425
43,0.06334882527589798,0.0620158351957798,1.3329899668693543,0.09474720805883408,0.4583333333333333
44,0.06283526867628098,0.061492836972077684,1.3424322048823039,0.09686676412820816,0.4666666666666667
45,0.06861141746242841,0.0671572133898735,1.454204785823822,0.09539323300123215,0.475
46,0.061345789084831875,0.06024790406227112,1.097884484132131,0.09656940400600433,0.45
47,0.06373218968510627,0.0628129797677199,0.9192102074623107,0.09730594605207443,0.525
48,0.06594107945760092,0.06482756262024243,1.113516139984131,0.09495759755373001,0.48333333333333334
49,0.06678901066382727,0.06562064290046692,1.1683676441510518,0.09525012969970703,0.45
50,0.06412257502476375,0.06293652678529421,1.186047891775767,0.09833763539791107,0.5083333333333333
51,0.06524835328261057,0.06385245993733406,1.3958932518959046,0.09975148737430573,0.475
52,0.06271666437387466,0.06172909637292226,0.987567937374115,0.09284960478544235,0.43333333333333335
53,0.059838031480709715,0.05874582529067993,1.0922061562538148,0.09601418673992157,0.49166666666666664
54,0.060301873336235684,0.05936075796683629,0.9411165475845337,0.09490302950143814,0.5
55,0.061489712446928024,0.06038022289673487,1.1094899773597717,0.09852836281061172,0.475
56,0.06235325286785762,0.06110661452015241,1.246638055642446,0.09398830682039261,0.5083333333333333
57,0.061585586269696554,0.0603946678340435,1.1909183899561564,0.09539605677127838,0.4583333333333333
58,0.06192611704270045,0.06088528707623482,1.040830103556315,0.09244632720947266,0.475
59,0.06924529448151588,0.06744024331370989,1.8050515254338582,0.09680856764316559,0.5083333333333333
60,0.0672217624882857,0.06603004857897758,1.1917137821515402,0.10039333254098892,0.44166666666666665
61,0.06152193049589793,0.06039289012551308,1.1290404518445334,0.09331151098012924,0.475
62,0.06339484751224518,0.062189013510942456,1.2058345357577005,0.09742696583271027,0.5083333333333333
63,0.062414762129386264,0.06129833509524663,1.1164269288380941,0.09588902443647385,0.49166666666666664
64,0.06088091507554054,0.05980112999677658,1.0797849535942077,0.09428230673074722,0.4666666666666667
65,0.061404567956924436,0.06029523983597755,1.1093274792035421,0.1032736599445343,0.5
66,0.06899710396925608,0.06759704500436783,1.4000587662061055,0.09562516212463379,0.5
67,0.060444050033887226,0.05945815294981003,0.9858968496322632,0.09330035001039505,0.44166666666666665
68,0.06202528327703476,0.061100251972675323,0.9250308513641358,0.09512576460838318,0.5083333333333333
69,0.06169292579094569,0.060437775154908495,1.255150286356608,0.09431133419275284,0.44166666666666665
70,0.06164410337805748,0.06058339402079582,1.0607088208198547,0.09288853406906128,0.5083333333333333
71,0.062400975326697035,0.06119477575023969,1.2061994949976602,0.09754270315170288,0.4583333333333333
72,0.062114669879277544,0.06101763173937798,1.0970386226971944,0.10047678649425507,0.5
73,0.0617101455728213,0.06054047072927157,1.1696742256482442,0.0954231321811676,0.475
74,0.06100034862756729,0.05994134545326233,1.0590032537778218,0.09445717930793762,0.475
75,0.06037415315707525,0.05930951635042826,1.0646366715431212,0.09554964303970337,0.5083333333333333
76,0.060541021078824996,0.05946011965473493,1.080900990962982,0.09433922171592712,0.5
77,0.0652072178820769,0.06420871540904045,0.9985015273094178,0.09569558501243591,0.5166666666666667
78,0.06607507218917211,0.06478308041890463,1.2919920325279235,0.09478088468313217,0.45
79,0.07142413929104804,0.0699523647626241,1.4717742721239726,0.09468652307987213,0.49166666666666664
80,0.06581368297338486,0.06456905504067739,1.2446277578671774,0.09487907588481903,0.475
81,0.059651967883110044,0.05846108992894491,1.1908781131108601,0.09448123723268509,0.4666666666666667
82,0.059663445502519605,0.05855378011862437,1.1096656322479248,0.09279225766658783,0.49166666666666664
83,0.06056137134631475,0.059400162845849994,1.1612077752749126,0.09977320581674576,0.4666666666666667
84,0.061496522774298984,0.060436968505382535,1.059554131825765,0.09171756356954575,0.475
85,0.059794921427965164,0.05858418047428131,1.2107405622800191,0.09576465934515,0.44166666666666665
86,0.06034520665804545,0.0592529426018397,1.0922630230585735,0.0986269935965538,0.5583333333333333
87,0.06093145161867142,0.0596642126639684,1.2672382275263467,0.09545044600963593,0.45
88,0.06837567786375681,0.06702268446485202,1.3529935002326965,0.1113259568810463,0.5166666666666667
89,0.062005947530269626,0.06078531444072723,1.2206331451733907,0.09359591454267502,0.4583333333333333
90,0.05988779440522194,0.05858226294318835,1.305531871318817,0.09441236406564713,0.5
91,0.06266766190528869,0.0614324060579141,1.2352558255195618,0.0925585925579071,0.5166666666666667
92,0.06268294403950374,0.06140454361836115,1.278400150934855,0.1022697389125824,0.5333333333333333
93,0.06386987691124281,0.062442215532064436,1.427661160628001,0.09574374556541443,0.4666666666666667
94,0.06288376847902934,0.061764135211706164,1.1196329116821289,0.09592144936323166,0.5333333333333333
95,0.058158592383066816,0.057199099908272426,0.9594922661781311,0.09261487424373627,0.44166666666666665
96,0.06130289981762568,0.06029944742719332,1.0034522374471029,0.09761451184749603,0.5083333333333333
97,0.06162214428186417,0.060250702500343326,1.3714406609535217,0.09445720165967941,0.5166666666666667
98,0.06353496313095093,0.0618417593340079,1.6932040850321453,0.09813448786735535,0.45
99,0.062744902074337,0.06134270181258519,1.4021998961766562,0.09715163707733154,0.49166666666666664
100,0.06043408686916033,0.05935526490211487,1.0788217862447103,0.09857292473316193,0.475
101,0.059205195804437,0.05804014330108961,1.1650528271993001,0.09210149943828583,0.5
102,0.059002964198589324,0.05797997986276945,1.0229837894439697,0.09688246995210648,0.4666666666666667
103,0.058518450458844504,0.05761297568678856,0.905474325021108,0.09215205907821655,0.55
104,0.057871561994155246,0.056977974126736324,0.893587879339854,0.0935341939330101,0.5
105,0.05699063142140706,0.0560273880759875,0.9632433493932088,0.09118419140577316,0.525
106,0.060581741482019426,0.059460087368885674,1.1216544389724732,0.09382139146327972,0.4666666666666667
107,0.05909083758791288,0.058006527523199715,1.0843105872472127,0.09135086089372635,0.525
108,0.06081538771589597,0.05976191535592079,1.0534723997116089,0.09849347174167633,0.4666666666666667
109,0.05951198264956474,0.05839103038112323,1.1209522207578024,0.09499766677618027,0.525
110,0.0583712803820769,0.057297660410404204,1.0736202955245973,0.095456063747406,0.48333333333333334
111,0.0585500697294871,0.05746484821041425,1.0852210799853006,0.09844473749399185,0.5333333333333333
112,0.06055172408620516,0.05936708152294159,1.184641965230306,0.09469489008188248,0.44166666666666665
113,0.05826324597001076,0.05723163411021233,1.0316112240155537,0.09492447972297668,0.5166666666666667
114,0.057911649346351624,0.05687314793467522,1.0385014772415162,0.09265945106744766,0.5
115,0.06085652187466621,0.05972907120982806,1.1274506409962972,0.09467751532793045,0.5833333333333334
116,0.05923140297333399,0.05823248028755188,0.9989225745201111,0.09251250326633453,0.5083333333333333
117,0.05945141191283862,0.058495900283257164,0.9555112719535828,0.09490763396024704,0.55
118,0.05934873720010122,0.05838568061590195,0.9630559682846069,0.09140445291996002,0.525
119,0.056605877727270125,0.05569235607981682,0.9135213772455851,0.09318602085113525,0.48333333333333334
120,0.057094637552897134,0.0559031310180823,1.191506274541219,0.09330594539642334,0.5166666666666667
121,0.059305959939956666,0.05808304821451505,1.2229113578796387,0.09321925044059753,0.5333333333333333
122,0.05996166219313939,0.05891851137081782,1.043150512377421,0.10161667317152023,0.5083333333333333
123,0.0679996152718862,0.06680939967433612,1.190215539932251,0.0907978042960167,0.5166666666666667
124,0.061273067444562915,0.0601348839700222,1.1381831924120585,0.09096474945545197,0.4666666666666667
125,0.05696065649390221,0.055864250659942626,1.0964054743448892,0.09270496666431427,0.525
126,0.05708232546846072,0.05606238593657811,1.0199391047159831,0.0946992039680481,0.45
127,0.05667233914136886,0.05570629114905993,0.9660484274228414,0.09354747086763382,0.5416666666666666
128,0.057996189097563426,0.0569444422920545,1.0517464319864909,0.09306572377681732,0.49166666666666664
129,0.05652638971805572,0.05554918820659319,0.977201497554779,0.09906993806362152,0.5416666666666666
130,0.0625142939388752,0.061432320376237234,1.081972849369049,0.10405304282903671,0.44166666666666665
131,0.0602354238430659,0.05907705103357633,1.158372433980306,0.09604694694280624,0.575
132,0.058678521464268364,0.05744282826781273,1.2356932838757833,0.09187004715204239,0.475
133,0.0582810178399086,0.057018828888734184,1.2621883352597554,0.09617377817630768,0.525
134,0.05891080449024836,0.05779002706209819,1.1207770586013794,0.09211104363203049,0.5083333333333333
135,0.05769023100535075,0.05660141880313555,1.0888123075167337,0.09732372313737869,0.49166666666666664
136,0.06256881157557169,0.061160771052042644,1.4080398718516032,0.09959380328655243,0.5416666666666666
137,0.05843641882141431,0.05739600956439972,1.0404089609781901,0.09348130226135254,0.475
138,0.05462569718559583,0.053767666469017664,0.8580301523208618,0.09973631054162979,0.425
139,0.057713978737592694,0.05668013965090116,1.0338394045829773,0.09958034753799438,0.475
140,0.05908572922150294,0.05796828071276347,1.1174482941627502,0.09330128133296967,0.48333333333333334
141,0.05626116891702016,0.0552856224278609,0.9755459109942118,0.09275175631046295,0.5166666666666667
142,0.05593979780872663,0.055020423233509065,0.9193736354509989,0.09217280894517899,0.5083333333333333
143,0.056785128513971966,0.0556202528377374,1.164875594774882,0.09550076723098755,0.45
144,0.05656238744656245,0.05550353899598122,1.058848532040914,0.09423603862524033,0.5166666666666667
145,0.05619222049911817,0.05509227563937505,1.0999444683392843,0.09482190757989883,0.5083333333333333
146,0.05828673020005226,0.05711644391218821,1.1702861626942953,0.09566152095794678,0.5166666666666667
147,0.05720724513133367,0.05614861622452736,1.0586294611295064,0.09444955736398697,0.5666666666666667
148,0.05400765637556712,0.05311428507169088,0.8933713912963868,0.09762722253799438,0.48333333333333334
149,0.05465875566005707,0.05371153727173805,0.9472182114919027,0.09864021837711334,0.4666666666666667
150,0.054822982847690584,0.05379804670810699,1.0249364972114563,0.09612099826335907,0.55
151,0.05384458328286807,0.052964115887880324,0.8804671367009481,0.09453000128269196,0.45
152,0.054343784352143605,0.05342632308602333,0.9174606959025066,0.09572630375623703,0.48333333333333334
153,0.059101071457068124,0.05795234814286232,1.1487234671910604,0.10174532234668732,0.4583333333333333
154,0.05868505413333575,0.05754497349262237,1.1400803605715433,0.09611894935369492,0.5333333333333333
155,0.056327154487371446,0.05540838564435641,0.9187694152196249,0.09992150217294693,0.44166666666666665
156,0.05639445707201958,0.055252097795406976,1.1423588951428731,0.09325411915779114,0.475
157,0.05450738941629728,0.05361420437693596,0.8931854089101156,0.09340381622314453,0.49166666666666664
158,0.05456008315086365,0.053577076147,0.9830070972442627,0.09929350018501282,0.5333333333333333
159,0.05872255762418111,0.05775781696041425,0.9647402962048849,0.09306870400905609,0.525
160,0.05744347224632899,0.056462219605843224,0.9812527616818746,0.0966918021440506,0.48333333333333334
161,0.05481372227271398,0.05376174400250117,1.0519781192143758,0.0959094762802124,0.4583333333333333
162,0.05332706868648529,0.052513984590768815,0.8130842169125875,0.09557843208312988,0.5
163,0.054544560114542645,0.053597520540157956,0.9470391392707824,0.10138285905122757,0.5083333333333333
164,0.0572944700717926,0.056235962609450026,1.0585078676541646,0.09466614574193954,0.5
165,0.05509351864457131,0.05393942967057228,1.154088830947876,0.09142573922872543,0.5083333333333333
166,0.05444443722565969,0.053454926858345665,0.9895100275675456,0.09632077813148499,0.5166666666666667
167,0.052437445521354674,0.0515681949754556,0.8692502061525981,0.09537334740161896,0.4583333333333333
168,0.054864757259686786,0.05386369203527768,1.0010654290517171,0.09295862913131714,0.49166666666666664
169,0.05242111360033353,0.05138912027080854,1.031993285814921,0.09365145862102509,0.5083333333333333
170,0.053292487561702725,0.05230817720293999,0.9843108256657919,0.09795782715082169,0.45
171,0.06213476086656253,0.0609343575934569,1.200402804215749,0.09882727265357971,0.525
172,0.05717341924707095,0.055976931005716324,1.1964879194895426,0.0960000604391098,0.475
173,0.05390841588377952,0.05289323627948761,1.0151796261469523,0.09719092398881912,0.5
174,0.053685795267422995,0.05249259943763415,1.193195887406667,0.09376470744609833,0.5333333333333333
175,0.06434832687179247,0.06285934622089068,1.48898051182429,0.10595470666885376,0.49166666666666664
176,0.061600313832362495,0.06000043551127116,1.5998787085215251,0.09336568415164948,0.48333333333333334
177,0.06257744580507278,0.0613274705906709,1.2499759515126547,0.10556242614984512,0.5166666666666667
178,0.06642153312762579,0.06482814674576123,1.593386419614156,0.10453515499830246,0.4166666666666667
179,0.06369010061025619,0.062332673867543535,1.3574269930521647,0.11780217289924622,0.4583333333333333
180,0.06437223677833875,0.06298437416553497,1.3878625790278116,0.09727060794830322,0.5
181,0.05564116289218267,0.054482465237379075,1.1586978435516357,0.09224172681570053,0.4666666666666667
182,0.05391013373931249,0.05284764717022578,1.0624865253766378,0.09816472232341766,0.48333333333333334
183,0.058880200733741124,0.05770878071586291,1.1714199344317118,0.09955216199159622,0.43333333333333335
184,0.052017466227213545,0.051080771783987684,0.9366947770118713,0.09308311343193054,0.4666666666666667
185,0.05193745916088422,0.05103986884156863,0.8975897153218587,0.09215270727872849,0.4583333333333333
186,0.0524089756111304,0.051465082665284476,0.9438923120498657,0.09353376179933548,0.5083333333333333
187,0.054534466067949934,0.053397824863592784,1.1366406758626302,0.09693103283643723,0.5166666666666667
188,0.05541539862751961,0.054205282529195147,1.2101157466570536,0.09302981942892075,0.475
189,0.05484635904431343,0.053774803131818774,1.0715560078620912,0.09378720819950104,0.525
190,0.05512225975592931,0.05390985334912936,1.2124067783355712,0.09632335603237152,0.49166666666666664
191,0.0520796666542689,0.05104247406125069,1.0371926466623942,0.09287174046039581,0.475
192,0.05290303925673167,0.05186948503057162,1.0335544308026632,0.09321662038564682,0.475
193,0.05446370393037796,0.053343215584754945,1.1204883933067322,0.0947188287973404,0.45
194,0.05219658836722374,0.05112129896879196,1.0752894083658855,0.09021193534135818,0.48333333333333334
195,0.05159386148055394,0.050570101787646614,1.0237595319747925,0.10013136267662048,0.4666666666666667
196,0.05406693145632744,0.05291445230444272,1.1524790128072102,0.09782326966524124,0.525
197,0.05414477040370305,0.05305658727884292,1.0881829857826233,0.0935426652431488,0.5833333333333334
198,0.05889714186390241,0.05760437846183777,1.2927630265553793,0.1022924855351448,0.5166666666666667
199,0.05700139477849007,0.055767748753229776,1.233646309375763,0.08863844722509384,0.525
200,0.054297092060248055,0.05330520545442899,0.9918864647547404,0.09480608254671097,0.48333333333333334
201,0.052655176570018135,0.05166244804859162,0.9927284757296244,0.09327368438243866,0.4583333333333333
202,0.05390444795290629,0.052818413823843,1.086034095287323,0.09322766959667206,0.5
203,0.05255982528130213,0.05145995542407036,1.0998689810434976,0.10989510267972946,0.5083333333333333
204,0.061418063938617706,0.06013334468007088,1.2847188234329223,0.10803981125354767,0.4583333333333333
205,0.0606770617266496,0.05941096320748329,1.266097358862559,0.09672997891902924,0.5083333333333333
206,0.05262711321314176,0.05162117307384809,1.0059403777122498,0.09763048589229584,0.55
207,0.05750607873002688,0.05652057528495789,0.9855034470558166,0.09562352299690247,0.5
208,0.0562770701944828,0.05523885836203893,1.0382117867469787,0.09584654867649078,0.5083333333333333
209,0.053559651225805284,0.05257898246248563,0.9806687235832214,0.09264487028121948,0.525
210,0.05178567692637444,0.05084984054168065,0.9358358899752299,0.100648894906044,0.5083333333333333
211,0.05696750531593959,0.05590154280265172,1.0659626801808675,0.0980721041560173,0.48333333333333334
212,0.057604523251454036,0.05620189706484477,1.4026259779930115,0.09232067316770554,0.49166666666666664
213,0.05345737710595131,0.052310303598642346,1.147073229153951,0.09360963851213455,0.5083333333333333
214,0.05248105575640996,0.051308718820412956,1.1723366538683573,0.09415303170681,0.475
215,0.05214366018772125,0.05117029597361882,0.9733640074729919,0.09346625953912735,0.5166666666666667
216,0.050994518647591275,0.05011403386791547,0.8804845015207926,0.0912475436925888,0.5666666666666667
217,0.051304903874794645,0.05026995340983073,1.0349499980608623,0.09554415941238403,0.48333333333333334
218,0.0527845598757267,0.05174044171969096,1.0441183209419251,0.09519112855195999,0.5
219,0.05710225527485212,0.05576913927992185,1.3331162889798482,0.09699627757072449,0.5166666666666667
220,0.06116150443752607,0.05992035493254662,1.241149373849233,0.09425509721040726,0.575
221,0.05551540826757749,0.05447218269109726,1.0432258129119873,0.09576824307441711,0.525
222,0.05391906400521596,0.05285778989394506,1.0612738768259684,0.09679348766803741,0.5
223,0.053932400544484456,0.05279702146848043,1.135378658771515,0.08948379755020142,0.5083333333333333
224,0.05476948047677676,0.05355695138374964,1.2125287016232809,0.09347102046012878,0.5
225,0.052232599010070165,0.05099840412537257,1.2341943860054017,0.09347572177648544,0.5416666666666666
226,0.053551309555768964,0.05261623536547025,0.9350738803545634,0.09698792546987534,0.5
227,0.05185485283533732,0.05089018618067106,0.9646664222081502,0.09687758982181549,0.475
228,0.05354189574718475,0.05230310037732124,1.2387951374053956,0.10121041536331177,0.475
229,0.05518340344230334,0.05401167124509811,1.1717322230339051,0.09437292814254761,0.49166666666666664
230,0.05273334880669912,0.05181327611207962,0.9200726230939229,0.09118212014436722,0.5
231,0.053401699662208556,0.05246748353044192,0.9342163880666097,0.09119570255279541,0.48333333333333334
232,0.05094900329907735,0.049990772952636084,0.9582304040590922,0.09624767303466797,0.4666666666666667
233,0.05058938885728518,0.04972345481316249,0.8659338672955831,0.09426094591617584,0.4583333333333333
234,0.05323713148633639,0.05226261541247368,0.9745157996813456,0.09251797199249268,0.5666666666666667
235,0.0541163091858228,0.05287960370381673,1.2367055018742878,0.09485803544521332,0.5166666666666667
236,0.05636189828316371,0.05494978949427605,1.412108552455902,0.09607209265232086,0.4583333333333333
237,0.05373049974441528,0.05250842596093814,1.2220735867818198,0.09315404295921326,0.45
238,0.05309253657857577,0.052069481213887533,1.0230559945106505,0.09258585423231125,0.5083333333333333
239,0.05129543940226237,0.050387053688367205,0.908385694026947,0.09167004376649857,0.49166666666666664
240,0.04989258001248042,0.048984671880801516,0.9079087495803833,0.09605677425861359,0.48333333333333334
241,0.051778176426887514,0.050682476411263146,1.0956997950871785,0.09082591533660889,0.5166666666666667
242,0.052600903809070586,0.05174045115709305,0.8604531009991964,0.09272558242082596,0.55
243,0.05482810040314992,0.053864966581265133,0.9631335099538167,0.09188266098499298,0.525
244,0.05366501162449519,0.05273727402091026,0.9277372638384501,0.09284680336713791,0.525
245,0.05488439823190371,0.05355087021986644,1.3335285584131877,0.09722820669412613,0.5416666666666666
246,0.05561784033974012,0.05456459497412046,1.053245202700297,0.09213902056217194,0.4583333333333333
247,0.05220715378721555,0.0512527788678805,0.9543747703234354,0.09414999932050705,0.5083333333333333
248,0.05194959764679273,0.05103524128595988,0.9143556833267212,0.0970771461725235,0.45
249,0.05055355752507846,0.04966984490553538,0.8837124943733216,0.08958310633897781,0.5416666666666666
250,0.05136268958449364,0.050479490558306375,0.8831990400950114,0.09379417449235916,0.5083333333333333
251,0.05253979116678238,0.05152955030401548,1.0102407137552898,0.09049198776483536,0.575
252,0.05314045771956444,0.05213979184627533,1.0006659189860025,0.09134722501039505,0.5333333333333333
253,0.0493918148179849,0.04852104807893435,0.8707667668660481,0.09179128706455231,0.5083333333333333
254,0.048835804065068565,0.047937136391798654,0.8986675103505453,0.09520020335912704,0.5083333333333333
255,0.05007672384381294,0.049228163063526155,0.8485606193542481,0.09246838837862015,0.45
256,0.04848767717679341,0.04773808270692825,0.7495941678682964,0.09268232434988022,0.5333333333333333
257,0.05599916229645411,0.05504184737801552,0.9573145508766174,0.1069469302892685,0.55
258,0.056647329777479175,0.055541007220745085,1.106322435537974,0.08879106491804123,0.5166666666666667
259,0.05125182569026947,0.05023896296819051,1.0128625790278116,0.08861095458269119,0.48333333333333334
260,0.054178630312283836,0.052923208971818285,1.255420982837677,0.10663513094186783,0.4583333333333333
261,0.0585737389822801,0.0573483981192112,1.2253404577573141,0.0953189954161644,0.475
262,0.05483171741167704,0.05365462750196457,1.177089508374532,0.0941007062792778,0.525
263,0.05277668585379918,0.05170316646496455,1.073519194126129,0.08987931162118912,0.49166666666666664
264,0.05203651289145152,0.050921186059713366,1.1153266906738282,0.09626220166683197,0.5416666666666666
265,0.049717467029889426,0.04870211159189542,1.0153550267219544,0.09384865313768387,0.49166666666666664
266,0.0500830960770448,0.04925609764953454,0.8269984086354574,0.09105458855628967,0.5083333333333333
267,0.0506255807975928,0.0497908557454745,0.8347255110740661,0.09595555812120438,0.5583333333333333
268,0.05067706927657127,0.0497972955306371,0.8797738154729208,0.09044144302606583,0.5333333333333333
269,0.05021948143839836,0.04927962049841881,0.939860995610555,0.09055619686841965,0.5166666666666667
270,0.0516743761797746,0.0506519744793574,1.0224010666211447,0.09374763071537018,0.5416666666666666
271,0.05555045530200005,0.054436867435773216,1.1135875463485718,0.09305640310049057,0.4666666666666667
272,0.052486711740493776,0.0515278401474158,0.9588719805081686,0.09084019064903259,0.5
273,0.05607537453373273,0.05501510376731555,1.0602713028589885,0.09522919356822968,0.4583333333333333
274,0.053291691839694975,0.052120111385981244,1.17158043384552,0.09240537136793137,0.5
275,0.05187405372659366,0.05093413218855858,0.9399216771125793,0.09572554379701614,0.525
276,0.05280172328154246,0.051677656918764116,1.1240665594736734,0.08833283931016922,0.5
277,0.053789086639881134,0.05275254746278127,1.0365390658378602,0.09627052396535873,0.48333333333333334
278,0.051738298932711285,0.050658118228117624,1.0801804582277934,0.09265553206205368,0.4666666666666667
279,0.04923701534668604,0.04832796603441238,0.9090492765108744,0.09794994443655014,0.5166666666666667
280,0.05856072977185249,0.05736678143342336,1.193948761622111,0.09388019144535065,0.55
281,0.053103574613730116,0.0521132526298364,0.9903219024340312,0.09543489664793015,0.525
282,0.05148126135269801,0.05047248775760333,1.0087730328241984,0.09049269556999207,0.5416666666666666
283,0.050731282432874045,0.04973634158571561,0.9949408213297526,0.0915672555565834,0.525
284,0.05218296870589256,0.05105730791886647,1.1256609241167703,0.09438905119895935,0.4666666666666667
285,0.04912323902050654,0.04816903198758761,0.9542070587476095,0.09343083202838898,0.55
286,0.052109528332948685,0.05102712363004684,1.082404879728953,0.09162677079439163,0.48333333333333334
287,0.04946418876449267,0.04853578507900238,0.9284035801887512,0.09016817063093185,0.5583333333333333
288,0.047527839243412015,0.04667207300662994,0.8557662884394328,0.09264697134494781,0.5166666666666667
289,0.05101914902528127,0.05014526645342509,0.8738824446996053,0.09308765083551407,0.5083333333333333
290,0.05170496453841527,0.050713285555442175,0.9916787664095561,0.09158454835414886,0.55
291,0.052680467069149015,0.05167748630046844,1.0029807209968566,0.0933528020977974,0.49166666666666664
292,0.04962770069638888,0.048833752423524855,0.7939480582873026,0.09221986681222916,0.4666666666666667
293,0.04857440491517385,0.04771729881564776,0.8571064392725627,0.08922283351421356,0.49166666666666664
294,0.05089578355352084,0.04986004283030828,1.035740613937378,0.08825021982192993,0.5416666666666666
295,0.05132213508089383,0.05011626159151395,1.2058736602465312,0.09689410775899887,0.5666666666666667
296,0.050613462924957275,0.04952292342980703,1.0905396699905396,0.09415621310472488,0.5083333333333333
297,0.04990734408299128,0.04889470239480336,1.0126413265864054,0.09404239803552628,0.48333333333333334
298,0.05258534997701645,0.051511864612499875,1.0734854857126872,0.09751696139574051,0.525
299,0.05244556715091069,0.05132083271940549,1.1247343699137369,0.09008253365755081,0.55
300,0.05270721092820167,0.05158770258227984,1.1195083816846212,0.10424056649208069,0.5166666666666667
301,0.05114591841896375,0.05020685146252314,0.9390668749809266,0.09192055463790894,0.49166666666666664
302,0.05297646820545197,0.05184626107414563,1.130206819375356,0.0945625975728035,0.5333333333333333
303,0.05079335570335388,0.04969632973273595,1.09702574412028,0.09379520267248154,0.5583333333333333
304,0.05010250732302666,0.049119680126508074,0.9828267574310303,0.0930197685956955,0.5
305,0.04762584293882052,0.04676820089419683,0.8576417962710062,0.08921001106500626,0.5083333333333333
306,0.04914723758896192,0.04815365200241407,0.9935856699943543,0.09848643094301224,0.525
307,0.05000688657164574,0.04912262782454491,0.8842583298683167,0.09569831937551498,0.5
308,0.0505978062748909,0.04966802274187406,0.9297835151354472,0.09249568730592728,0.5166666666666667
309,0.04859738846619924,0.04770327235261599,0.8941161115964253,0.09199760854244232,0.5583333333333333
310,0.0509918637573719,0.05008966624736786,0.902197265625,0.08965324610471725,0.5666666666666667
311,0.050259148826201756,0.04919633716344833,1.0628111600875854,0.09308505058288574,0.5166666666666667
312,0.05207869211832682,0.051169014225403466,0.9096778035163879,0.0913405567407608,0.575
313,0.04932522078355153,0.048334661622842154,0.9905595183372498,0.0929897129535675,0.5
314,0.048557258148988085,0.047579723844925564,0.9775346636772155,0.09063148498535156,0.5333333333333333
315,0.046353349337975185,0.045544343441724776,0.8090055783589681,0.09447698295116425,0.525
316,0.047463528563578924,0.046613313754399616,0.8502148111661275,0.08832445740699768,0.5166666666666667
317,0.050432322174310686,0.04944794128338496,0.9843809564908346,0.09222032874822617,0.5166666666666667
318,0.051036807149648665,0.050123846034208934,0.9129617849985758,0.09818899631500244,0.48333333333333334
319,0.05018547823031743,0.04930088147521019,0.8845966776212056,0.09209055453538895,0.5
320,0.04794019013643265,0.0471161146958669,0.8240755796432495,0.09266731888055801,0.525
321,0.04828911771376928,0.0473956324160099,0.8934853672981262,0.09156565368175507,0.5
322,0.048000695059696834,0.04713526541988055,0.8654297590255737,0.09058591723442078,0.49166666666666664
323,0.04755259131391843,0.04664278998970985,0.9098010142644246,0.09607935696840286,0.5
324,0.04852429231007894,0.047473638256390886,1.0506537119547525,0.09816945344209671,0.5083333333333333
325,0.04790643279751142,0.04691872919599215,0.9877039154370626,0.09249809384346008,0.4166666666666667
326,0.05185825551549594,0.05097552339235942,0.8827320138613383,0.09346025437116623,0.525
327,0.04881170615553856,0.047864507387081784,0.9471988360087077,0.09173744171857834,0.5416666666666666
328,0.048843184610207875,0.04796903133392334,0.8741530776023865,0.09115687757730484,0.5166666666666667
329,0.04713922291994095,0.0462414396305879,0.8977830568949382,0.0972963199019432,0.5583333333333333
330,0.049072096745173134,0.048251376549402876,0.8207203388214112,0.09751737117767334,0.5083333333333333
331,0.04961249679327011,0.04878232528765996,0.8301716486612956,0.0909426361322403,0.5083333333333333
332,0.048694319029649095,0.04770181824763616,0.9925006190935771,0.09086200594902039,0.49166666666666664
333,0.050105306506156924,0.04913325086236,0.9720556696256002,0.09743773192167282,0.5583333333333333
334,0.04972900996605555,0.0488573412100474,0.871668541431427,0.10234341770410538,0.5833333333333334
335,0.053665424883365634,0.05277561222513517,0.8898123304049174,0.08731027692556381,0.55
336,0.04988809327284495,0.04912087495128314,0.767218267917633,0.09644708037376404,0.5166666666666667
337,0.05038788840174675,0.04944505815704663,0.94283047914505,0.10195712000131607,0.5083333333333333
338,0.05199975669384003,0.05096849277615547,1.0312636693318684,0.09978969395160675,0.45
339,0.0492334562043349,0.04836352268854777,0.8699334224065145,0.09888353943824768,0.5
340,0.053496212760607405,0.052554509788751605,0.9417031089464823,0.09309187531471252,0.5333333333333333
341,0.049291127175092694,0.0483403908709685,0.9507363716761271,0.09412121772766113,0.5083333333333333
342,0.052874698489904406,0.05201135252912839,0.8633462190628052,0.09738202393054962,0.525
343,0.05391906052827835,0.05268963327010472,1.2294270992279053,0.09238947927951813,0.525
344,0.0507358101507028,0.049692068497339884,1.0437413732210794,0.09519580006599426,0.5083333333333333
345,0.05249673575162887,0.05118829434116681,1.3084414680798848,0.0946066826581955,0.48333333333333334
346,0.05041662057240804,0.049340737114350004,1.0758831342061361,0.09439215809106827,0.48333333333333334
347,0.04853421598672867,0.04745793864130974,1.0762771805127462,0.09007628262042999,0.48333333333333334
348,0.04922806173563003,0.04818626791238785,1.0417936444282532,0.09661699831485748,0.49166666666666664
349,0.05376221612095833,0.052614147464434304,1.1480683445930482,0.09440094977617264,0.4666666666666667
350,0.05199832320213318,0.05079643651843071,1.201886244614919,0.09674820303916931,0.5416666666666666
351,0.04929056614637375,0.04826115121444066,1.029414983590444,0.09111902117729187,0.5333333333333333
352,0.04689910113811493,0.046031737824281056,0.8673627535502116,0.09457693994045258,0.45
353,0.05166906292239825,0.050604477524757385,1.0645850976308187,0.09385088831186295,0.5583333333333333
354,0.047502268105745316,0.04663252582152685,0.8697426795959473,0.09389474987983704,0.5333333333333333
355,0.048343093444903694,0.04733227218190829,1.0108215093612671,0.09463411569595337,0.49166666666666664
356,0.047481532643238705,0.04647006243467331,1.0114705204963683,0.08962014317512512,0.5
357,0.047797784705956775,0.04689345210790634,0.9043326735496521,0.0980246514081955,0.5833333333333334
358,0.0487277274330457,0.04792797068754832,0.7997564713160197,0.10053875297307968,0.525
359,0.05082244873046875,0.0499181275566419,0.904320998986562,0.10450072586536407,0.4666666666666667
360,0.04949871599674225,0.048614249626795454,0.8844661951065064,0.09305127710103989,0.5083333333333333
361,0.04979820673664411,0.048953465869029364,0.8447406649589538,0.0933355838060379,0.55
362,0.05031770343581835,0.049431180705626805,0.8865226904551188,0.09227851778268814,0.5083333333333333
363,0.04665938367446264,0.04579375386238098,0.8656301339467366,0.09278067201375961,0.49166666666666664
364,0.04727820555369059,0.04649421175320943,0.7839935024579366,0.0877818837761879,0.5416666666666666
365,0.04848334367076556,0.047733150174220404,0.7501936435699463,0.08911263197660446,0.5166666666666667
366,0.05655732080340385,0.055395430574814476,1.1618900179862977,0.09196234494447708,0.48333333333333334
367,0.05533466637134552,0.05425737847884496,1.0772877256075541,0.09065400809049606,0.5833333333333334
368,0.047695681701103845,0.04676463231444359,0.9310483495394389,0.09511566907167435,0.475
369,0.04791623751322428,0.046952319145202634,0.9639184713363648,0.09592540562152863,0.49166666666666664
370,0.0500325138370196,0.049004418899615605,1.0280945499738057,0.09325625002384186,0.5083333333333333
371,0.048733147730429964,0.047764244675636294,0.968903108437856,0.09359811246395111,0.5
372,0.046796682228644686,0.04599683061242103,0.7998512466748555,0.09829776734113693,0.5416666666666666
373,0.04738160197933515,0.046523749083280566,0.8578529040018718,0.09636963158845901,0.49166666666666664
374,0.053290977825721106,0.05210462932785352,1.186348036924998,0.09857546538114548,0.48333333333333334
375,0.05148572747906049,0.050488357742627464,0.9973696708679199,0.09429865330457687,0.5166666666666667
376,0.05047538429498673,0.04954627131422361,0.9291128714879354,0.09940420091152191,0.5166666666666667
377,0.04897635926802953,0.047911894818147026,1.064464310805003,0.09102113544940948,0.5083333333333333
378,0.04765383973717689,0.046654807031154634,0.999032485485077,0.09472861886024475,0.5083333333333333
379,0.04727723797162374,0.046163177490234374,1.114060366153717,0.09255679696798325,0.5166666666666667
380,0.046743686745564145,0.0457411212225755,1.0025656580924989,0.09268240630626678,0.5416666666666666
381,0.04886548096934954,0.047894226759672164,0.9712542335192362,0.0975094735622406,0.48333333333333334
382,0.04594190021355947,0.04519598682721456,0.7459139307339986,0.09968786686658859,0.475
383,0.04983704537153244,0.04883517275253932,1.0018725752830506,0.09094338864088058,0.525
384,0.04671360900004705,0.04589584320783615,0.817765470345815,0.09303584694862366,0.5166666666666667
385,0.048359708736340205,0.04740133409698804,0.9583743850390116,0.09250488132238388,0.49166666666666664
386,0.04711872339248657,0.04601397042473157,1.1047525763511659,0.10666950047016144,0.5
387,0.05277530625462532,0.05165029888351758,1.1250074704488118,0.09560076147317886,0.5583333333333333
388,0.04640037069718043,0.04548163761695226,0.918733286857605,0.09362943470478058,0.5333333333333333
389,0.04670070186257362,0.04590955103437106,0.7911510785420736,0.09935479611158371,0.525
390,0.04744278714060783,0.04654181624452273,0.9009707848230998,0.09380883723497391,0.525
391,0.047565879424413045,0.046691964070002236,0.8739152272542318,0.09118641912937164,0.5416666666666666
392,0.04648079400261243,0.045583206415176394,0.8975874145825704,0.09591404348611832,0.5083333333333333
393,0.04583604906996091,0.04499857351183891,0.8374757806460063,0.09565748274326324,0.5
394,0.05013449142376582,0.04916916514436404,0.9653258721033732,0.09186522662639618,0.525
395,0.043536274880170825,0.042788259933392206,0.7480151136716207,0.0924370065331459,0.48333333333333334
396,0.04854064087073008,0.04766484250624974,0.8757986664772034,0.09952195733785629,0.5083333333333333
397,0.04731200362245242,0.04642339100440343,0.888612671693166,0.09493181109428406,0.5
398,0.04581914842128754,0.0448716123898824,0.9475362181663514,0.0940990075469017,0.5166666666666667
399,0.05170534253120422,0.050631410876909894,1.0739320039749145,0.09779879450798035,0.49166666666666664
400,0.04778723145524661,0.0467246209581693,1.062610669930776,0.09220657497644424,0.5083333333333333
401,0.047392282138268155,0.04651058812936147,0.8816946903864543,0.09528376162052155,0.5166666666666667
402,0.049786814798911415,0.0489115834236145,0.875231130917867,0.09544461965560913,0.48333333333333334
403,0.047717747092247007,0.04686671669284503,0.8510301192601522,0.09005993604660034,0.5083333333333333
404,0.04532368245224158,0.04449770612021287,0.825975775718689,0.09689146280288696,0.5166666666666667
405,0.0467024656633536,0.045880672583977385,0.8217928846677144,0.09526342898607254,0.525
406,0.046644383172194166,0.045838688810666404,0.8056938608487447,0.09264060854911804,0.5
407,0.048366091400384906,0.04733024736245473,1.0358443140983582,0.09610005468130112,0.5083333333333333
408,0.0449502502878507,0.04416100184122721,0.7892486691474915,0.09303215891122818,0.4666666666666667
409,0.045461017886797586,0.04466913342475891,0.7918843309084574,0.0987589880824089,0.4666666666666667
410,0.0457424096763134,0.0448371559381485,0.905253779888153,0.09433921426534653,0.49166666666666664
411,0.04934353232383728,0.048292681326468787,1.0508512576421103,0.0941832885146141,0.5
412,0.04674835130572319,0.04574698110421498,1.0013701399167378,0.09219398349523544,0.5166666666666667
413,0.046269937356313066,0.04521526321768761,1.0546743194262187,0.09577453881502151,0.5166666666666667
414,0.046427839001019794,0.04541326612234116,1.0145724455515543,0.09377261996269226,0.5
415,0.04500837872425715,0.04410318558414777,0.9051934361457825,0.09452942758798599,0.5166666666666667
416,0.04504252995053927,0.044137358913818994,0.905171008904775,0.09608505666255951,0.5666666666666667
417,0.046548599004745485,0.04572487299640973,0.823726220925649,0.08907671272754669,0.5083333333333333
418,0.04808906515439351,0.04715147390961647,0.9375911275545756,0.09188366681337357,0.5583333333333333
419,0.052295679102341334,0.05142026642958323,0.8754127820332845,0.09552054107189178,0.5333333333333333
420,0.0503177913526694,0.04939632962147395,0.9214615384737651,0.09024333953857422,0.48333333333333334
421,0.05176920220255852,0.05083383346597354,0.9353687723477682,0.09144340455532074,0.5333333333333333
422,0.04529500976204872,0.044490786145130794,0.8042230168978374,0.09689982235431671,0.5
423,0.04555737425883611,0.044836574544509254,0.7207999269167582,0.08995809406042099,0.5583333333333333
424,0.04634594495097796,0.045566656192143756,0.7792886614799499,0.09111130982637405,0.48333333333333334
425,0.049834731469551724,0.048775967210531235,1.058763893445333,0.09670011699199677,0.5583333333333333
426,0.046887102723121646,0.045923501004775366,0.9636016170183818,0.09405029565095901,0.55
427,0.0432396799325943,0.042397695034742354,0.8419850587844848,0.0915503054857254,0.55
428,0.044972275694211326,0.044145124157269795,0.8271511316299438,0.09580402821302414,0.5333333333333333
429,0.04541756212711334,0.04447234595815341,0.9452163338661194,0.09185027331113815,0.5416666666666666
430,0.04536668360233307,0.044460105647643404,0.9065777659416199,0.0984068289399147,0.4666666666666667
431,0.04556121155619621,0.04459064876039823,0.9705623586972555,0.09295623004436493,0.5083333333333333
432,0.044348036001125975,0.043428562581539154,0.9194737553596497,0.09415648132562637,0.5416666666666666
433,0.04272752826412519,0.04197268212834994,0.7548465092976888,0.09699562937021255,0.48333333333333334
434,0.04477731337149938,0.04379953816533089,0.9777749458948771,0.09213519841432571,0.5083333333333333
435,0.043519074966510134,0.042700048287709555,0.819027062257131,0.09488523006439209,0.5083333333333333
436,0.04821525240937869,0.04713954702019692,1.0757048686345418,0.09171663224697113,0.5
437,0.04858016148209572,0.04766993597149849,0.9102254748344422,0.09125558286905289,0.49166666666666664
438,0.04653090486923853,0.04556441679596901,0.9664881666501363,0.0893520712852478,0.5166666666666667
439,0.04498518581191699,0.044052540759245556,0.9326451659202576,0.09258973598480225,0.5083333333333333
440,0.046605336914459866,0.045585137854019804,1.0201985796292623,0.10082156956195831,0.4583333333333333
441,0.047089149802923204,0.04603643119335175,1.052718500296275,0.09775109589099884,0.5083333333333333
442,0.04454926798741023,0.04364688023924827,0.902387547492981,0.0948081836104393,0.5166666666666667
443,0.04304370780785879,0.04228455995519956,0.7591474612553915,0.09833984822034836,0.5083333333333333
444,0.04558925405144691,0.04478929092486699,0.799962866306305,0.08949661999940872,0.525
445,0.0431454415122668,0.04230885803699493,0.8365830461184184,0.09624167531728745,0.5
446,0.04437819967667262,0.043561381349960966,0.8168185154596964,0.09315753728151321,0.575
447,0.04476013307770093,0.04392511447270711,0.8350183685620626,0.09154827147722244,0.5333333333333333
448,0.04323298707604408,0.042282340675592424,0.9506463845570882,0.09340959787368774,0.5083333333333333
449,0.045790549367666245,0.044965736816326776,0.8248120864232381,0.09600303322076797,0.49166666666666664
450,0.04474919078250726,0.0439181175082922,0.8310728629430135,0.09141753613948822,0.5166666666666667
451,0.04611019765337308,0.045152278741200765,0.9579193592071533,0.09405174851417542,0.5083333333333333
452,0.04492541079719861,0.043861487756172816,1.0639225482940673,0.0912938192486763,0.5333333333333333
453,0.04410274947683016,0.04320326720674832,0.8994823614756267,0.09467783570289612,0.5666666666666667
454,0.04559301088253657,0.04474767247835795,0.8453381816546123,0.08598752319812775,0.5083333333333333
455,0.0455513671040535,0.04466790060202281,0.8834665695826213,0.09681344032287598,0.5583333333333333
456,0.04503087103366852,0.044152515133221944,0.8783562223116557,0.09569021314382553,0.48333333333333334
457,0.04329925204316775,0.04249225258827209,0.8069998145103454,0.092269167304039,0.5583333333333333
458,0.04354708691438039,0.04272053937117259,0.8265473167101542,0.09377506375312805,0.48333333333333334
459,0.04700316662589709,0.04605581164360047,0.9473549485206604,0.0938471183180809,0.5416666666666666
460,0.04431515087683995,0.043468549847602844,0.8466006477673849,0.09779291599988937,0.49166666666666664
461,0.042953733106454214,0.04211704755822818,0.8366853912671407,0.09525278955698013,0.5333333333333333
462,0.04403080542882284,0.043227298309405644,0.8035072008768718,0.0905204638838768,0.525
463,0.047281861305236816,0.04639465808868408,0.8872029662132264,0.09672682732343674,0.5
464,0.044721688826878866,0.04386617590983709,0.855512777964274,0.09101983904838562,0.5166666666666667
465,0.04383541022737821,0.042899213482936224,0.9361967086791992,0.09314088523387909,0.5
466,0.04711439286669095,0.045880060146252316,1.234332811832428,0.09049700200557709,0.55
467,0.044890664517879486,0.0439011404911677,0.9895238796869914,0.09438786655664444,0.5083333333333333
468,0.04192682951688766,0.04113719090819359,0.7896386981010437,0.09041913598775864,0.475
469,0.04318431342641513,0.04242298503716787,0.761328128973643,0.09437861293554306,0.55
470,0.04352396652102471,0.0426678108672301,0.8561553676923116,0.09318751841783524,0.5166666666666667
471,0.04233367666602135,0.041572440415620804,0.7612360795338948,0.09480858594179153,0.5416666666666666
472,0.04238633041580518,0.04160272801915805,0.783601971467336,0.09387039393186569,0.5166666666666667
473,0.04408425539731979,0.043170994396011034,0.913260801633199,0.09607942402362823,0.48333333333333334
474,0.04538162996371587,0.04442358613014221,0.9580434362093607,0.09593222290277481,0.5083333333333333
475,0.04676342681050301,0.04571900963783264,1.0444172342618308,0.094918392598629,0.55
476,0.05000815391540527,0.048931994040807086,1.0761598626772562,0.09136977791786194,0.5416666666666666
477,0.04445740828911463,0.04348811854918798,0.9692899266878764,0.09046783298254013,0.525
478,0.04344782804449399,0.04263901760180791,0.8088105042775472,0.09348444640636444,0.5333333333333333
479,0.04239078039924304,0.04159574471414089,0.7950353940327962,0.09192235767841339,0.5333333333333333
480,0.04582226797938347,0.04483279685179393,0.9894709547360738,0.09070858359336853,0.5416666666666666
481,0.04839252084493637,0.047398261229197186,0.9942594647407532,0.09449838101863861,0.5833333333333334
482,0.043939769143859546,0.04309360980987549,0.8461595257123311,0.1014324501156807,0.5583333333333333
483,0.04687733898560206,0.04603174651662509,0.8455920855204264,0.08913041651248932,0.5083333333333333
484,0.04699410572648048,0.045898113896449405,1.0959921161333719,0.0941205695271492,0.5416666666666666
485,0.04421073943376541,0.0433505691587925,0.860170288880666,0.09088423103094101,0.5166666666666667
486,0.04408804103732109,0.04314787263671557,0.9401681741078695,0.09683408588171005,0.5166666666666667
487,0.043035665651162465,0.04209931790828705,0.936347500483195,0.09484130144119263,0.5666666666666667
488,0.043921283135811486,0.04310299058755239,0.8182922601699829,0.09159481525421143,0.49166666666666664
489,0.042106204728285475,0.04124958689014117,0.8566177407900493,0.09786169975996017,0.49166666666666664
490,0.04145429159204165,0.04068472882111867,0.7695622046788534,0.08786684274673462,0.525
491,0.041944536318381624,0.0412079726656278,0.7365636308987935,0.0961138904094696,0.525
492,0.04116058150927226,0.040271855890750885,0.8887254118919372,0.09804540127515793,0.43333333333333335
493,0.04332113737861316,0.042368780076503756,0.9523572961489359,0.09357094764709473,0.5416666666666666
494,0.043554713825384776,0.042730679611365,0.824034309387207,0.09167471528053284,0.55
495,0.04320427253842354,0.042328651249408725,0.8756214062372843,0.09106791019439697,0.5
496,0.04654493803779284,0.04558721383412679,0.957723867893219,0.08938165009021759,0.5583333333333333
497,0.045053230971097945,0.044208727031946185,0.8445043007532755,0.09962041676044464,0.525
498,0.04728019163012505,0.04644960140188535,0.8305911183357239,0.09436254948377609,0.55
499,0.04696545029679934,0.046032176911830903,0.9332736333211263,0.09722115844488144,0.5083333333333333
500,0.045195392519235614,0.04422052800655365,0.9748640457789103,0.09171115607023239,0.475
