epoch,train_loss,rmse_loss,trend_loss,val_rmse,val_trend_acc
0,0.33515474597613015,0.3170573542515437,18.097388235727944,0.17019040882587433,0.5666666666666667
1,0.10327867120504379,0.09844204733769099,4.836624844868978,0.08567836880683899,0.45
2,0.0646445669233799,0.06196763018767039,2.6769364277521768,0.08690906316041946,0.5166666666666667
3,0.05157963484525681,0.04976019834478696,1.819436502456665,0.08515584468841553,0.65
4,0.04544458215435346,0.043890882780154544,1.5536997238794963,0.08261671662330627,0.5833333333333334
5,0.04847009753187497,0.04694372241695722,1.5263748009999594,0.08752446621656418,0.5666666666666667
6,0.05004318580031395,0.04829966326554616,1.743522079785665,0.08744463324546814,0.4
7,0.046154124786456426,0.04433700256049633,1.8171222448348998,0.08873943239450455,0.5
8,0.044145797938108446,0.042778892815113066,1.3669051011403401,0.08220680803060532,0.5166666666666667
9,0.0435258445640405,0.04218064658343792,1.3451974550882975,0.08166774362325668,0.5666666666666667
10,0.043693504234155016,0.04249176283677419,1.2017415483792624,0.09061085432767868,0.5666666666666667
11,0.03998178231219451,0.0387781431277593,1.2036388079325357,0.08757694810628891,0.65
12,0.040262915069858234,0.03910791538655758,1.1549999356269836,0.08140739798545837,0.5666666666666667
13,0.04366275245944659,0.042435901860396065,1.2268505493799846,0.08265771716833115,0.5333333333333333
14,0.040073039631048836,0.03900750502943993,1.0655346353848776,0.08499093353748322,0.6
15,0.03921525329351425,0.03815485561887423,1.060397775967916,0.08646789938211441,0.6
16,0.04335801427563032,0.04215695237119992,1.201061979929606,0.08446509391069412,0.5666666666666667
17,0.04374608819683393,0.04260842601458232,1.1376619736353557,0.08328088372945786,0.4666666666666667
18,0.04337006583809853,0.04221171736717224,1.1583486318588256,0.08037659525871277,0.5833333333333334
19,0.04454098070661227,0.0434961420794328,1.0448384006818137,0.09779813140630722,0.43333333333333335
20,0.042550550277034443,0.04128500347336133,1.2655469497044882,0.08164533972740173,0.6166666666666667
21,0.039822592834631604,0.03875790536403656,1.0646870096524557,0.08411818742752075,0.6
22,0.040460180242856345,0.039389741917451225,1.0704379598299663,0.08584059029817581,0.48333333333333334
23,0.042312080909808474,0.04104372834165891,1.2683527231216432,0.08393379300832748,0.6
24,0.04110141371687253,0.03977591544389725,1.3254981954892477,0.10051535069942474,0.5833333333333334
25,0.041499224056800205,0.04038320084412893,1.1160232464472453,0.08408743143081665,0.45
26,0.039626770714918776,0.038543132692575456,1.0836379925409954,0.1022142693400383,0.5
27,0.04229368269443512,0.04099337384104729,1.3003092805544536,0.08056963235139847,0.6833333333333333
28,0.042375397558013596,0.04116163079937299,1.2137667814890543,0.09588729590177536,0.5166666666666667
29,0.04367380738258362,0.042426804453134535,1.2470033446947733,0.08145899325609207,0.5833333333333334
30,0.046960545082887016,0.04563131853938103,1.3292263587315878,0.0889192521572113,0.55
31,0.042982808748881024,0.04164209514856339,1.3407133301099141,0.08126696199178696,0.45
32,0.04273736874262492,0.041664026429255804,1.0733418544133504,0.10084186494350433,0.5666666666666667
33,0.04307954112688701,0.042068443198998766,1.0110980192820231,0.08174235373735428,0.45
34,0.040105275064706805,0.03917632723848025,0.9289478381474813,0.08129754662513733,0.5666666666666667
35,0.04497340073188146,0.0439134086171786,1.0599924047787985,0.09292841702699661,0.5166666666666667
36,0.04243249942859014,0.041487383345762886,0.9451162974039714,0.08051270246505737,0.5
37,0.0456673393646876,0.044543350115418434,1.1239888429641725,0.0843437910079956,0.43333333333333335
38,0.04041506225864092,0.0394355242451032,0.9795380115509034,0.08035505563020706,0.5333333333333333
39,0.03944536944230397,0.03838168904185295,1.0636797308921815,0.08470222353935242,0.48333333333333334
40,0.04088329647978147,0.03976124115288258,1.1220553477605184,0.09304487705230713,0.4666666666666667
41,0.04185619552930196,0.0408297782142957,1.0264172037442525,0.0800822451710701,0.5
42,0.03930566037694613,0.038243244091669716,1.0624165097872416,0.08145787566900253,0.6166666666666667
43,0.0399118434637785,0.03885510911544164,1.0567343990008036,0.08934423327445984,0.5333333333333333
44,0.04006720520555973,0.0390569880604744,1.010217054684957,0.08230128884315491,0.48333333333333334
45,0.04318261047204335,0.04195664425690969,1.2259659846623738,0.08748234063386917,0.55
46,0.04069840038816134,0.039638705799976984,1.0596946795781454,0.08500765264034271,0.55
47,0.04214529308180014,0.041015940035382906,1.1293532649676006,0.09067817777395248,0.5666666666666667
48,0.043928711861372,0.0426649605234464,1.2637515743573506,0.1000378355383873,0.43333333333333335
49,0.04316997056206067,0.04186510095993678,1.3048695921897888,0.0820157453417778,0.5166666666666667
50,0.039651484414935115,0.03850595789651076,1.1455265045166017,0.09935926645994186,0.5333333333333333
51,0.0389522513995568,0.03800547532737255,0.946775758266449,0.08763033896684647,0.4666666666666667
52,0.04487881287932396,0.043773839622735976,1.1049724181493124,0.08484552055597305,0.5
53,0.04925519054134687,0.047838776186108586,1.4164143959681192,0.08091257512569427,0.5333333333333333
54,0.04834744359056155,0.04720350094139576,1.1439428488413492,0.08933155983686447,0.55
55,0.042296932389338814,0.04118750418225924,1.1094279090563457,0.08346404135227203,0.5
56,0.03960057447353999,0.03841962578396003,1.1809486905733744,0.08219590038061142,0.55
57,0.039804013321797053,0.03866626992821694,1.1377431829770406,0.08461702615022659,0.5666666666666667
58,0.03995865161220233,0.038804009184241296,1.1546423792839051,0.08503972738981247,0.5333333333333333
59,0.044658873975276944,0.04347223440806071,1.1866393645604452,0.08487751334905624,0.4166666666666667
60,0.04176278586188952,0.04057567206521829,1.187113610903422,0.08428818732500076,0.55
61,0.05051818912227948,0.04913747608661652,1.3807131012280782,0.083220936357975,0.4666666666666667
62,0.04200439055760701,0.04081796730558077,1.1864233334859213,0.080315001308918,0.5833333333333334
63,0.041003514329592386,0.03994949733217557,1.0540166775385538,0.09103246033191681,0.5166666666666667
64,0.036660661548376085,0.035814372822642326,0.8462890625,0.09004899859428406,0.4666666666666667
65,0.03935936590035757,0.0384126474459966,0.9467184742291769,0.08469081670045853,0.45
66,0.04003183245658874,0.038909318794806795,1.1225137948989867,0.08456652611494064,0.5166666666666667
67,0.037915190557638805,0.03697623163461685,0.93895898660024,0.09274183213710785,0.5333333333333333
68,0.038793732225894925,0.03768436089158058,1.109370970726013,0.08504398912191391,0.5166666666666667
69,0.03900162714223067,0.0380734874556462,0.9281398971875509,0.0878308117389679,0.55
70,0.04533742715915044,0.04408323044578234,1.2541965087254843,0.09784484654664993,0.48333333333333334
71,0.04187580645084381,0.04071348396440347,1.1623228391011555,0.0840279683470726,0.5166666666666667
72,0.03760930287341277,0.036709560578068096,0.8997422854105631,0.08100232481956482,0.55
73,0.03771562874317169,0.03679648290077845,0.9191459616025289,0.09280024468898773,0.5333333333333333
74,0.03849753638108571,0.03755022920668125,0.947306760152181,0.08983258903026581,0.55
75,0.03845328216751417,0.03730746967097123,1.145812217394511,0.08243375271558762,0.5
76,0.03916707759102186,0.03816020227968693,1.0068753878275554,0.08019893616437912,0.4666666666666667
77,0.038886803885300955,0.03791217679778735,0.9746269782384237,0.09203364700078964,0.5666666666666667
78,0.04070597824951013,0.03964289128780365,1.0630870103836059,0.08204818516969681,0.5166666666666667
79,0.03686828824381034,0.035982704286774,0.8855840563774109,0.08881345391273499,0.4666666666666667
80,0.04038561706741651,0.03937490731477737,1.0107102195421855,0.0905168429017067,0.5333333333333333
81,0.03842685694495837,0.037470819304386775,0.9560375889142354,0.08189232647418976,0.5333333333333333
82,0.044031225020686786,0.042873635143041613,1.1575900197029114,0.08074544370174408,0.43333333333333335
83,0.043783080453673996,0.04269650988280773,1.0865707794825237,0.09048449248075485,0.4666666666666667
84,0.04197078496217728,0.04057896869877974,1.3918159206708272,0.0873953178524971,0.43333333333333335
85,0.03979102994004886,0.03852552523215612,1.2655048926671346,0.08273810148239136,0.5
86,0.040365405132373175,0.039365816364685696,0.99958815574646,0.08174321800470352,0.5
87,0.03733163215219974,0.03643607733150323,0.895554784933726,0.0885932669043541,0.48333333333333334
88,0.03868674524128437,0.0375340008487304,1.1527445117632549,0.08197924494743347,0.48333333333333334
89,0.03786977765460809,0.036747197558482485,1.1225797216097513,0.08333536237478256,0.4166666666666667
90,0.038022493074337645,0.037035447731614116,0.9870452523231507,0.08926978707313538,0.4666666666666667
91,0.03846736364066601,0.0373971135665973,1.0702498356501262,0.09167733788490295,0.45
92,0.04073613584041595,0.03957513570785522,1.1610002875328065,0.08537392318248749,0.55
93,0.03935401688019435,0.03821685661872228,1.1371600468953451,0.09543082118034363,0.4166666666666667
94,0.042916325479745866,0.04180995759864648,1.1063681681950888,0.08039091527462006,0.5166666666666667
95,0.0425739660859108,0.04150579919417699,1.0681668917338054,0.08830344676971436,0.43333333333333335
96,0.04003767048319181,0.038806210209925966,1.2314602732658386,0.0824262797832489,0.48333333333333334
97,0.04081731749077638,0.039724038417140645,1.0932788689931234,0.08024191111326218,0.5
98,0.03630558835963408,0.035428768520553905,0.8768202622731527,0.08929883688688278,0.5833333333333334
99,0.03843364641070366,0.03747144987185796,0.9621966918309529,0.09451277554035187,0.43333333333333335
100,0.044654086728890735,0.04336536154150963,1.288724668820699,0.08134723454713821,0.5
101,0.04125748996933301,0.040059857070446014,1.1976331671079,0.08165869861841202,0.5666666666666667
102,0.0386740783850352,0.03753795760373275,1.1361204385757446,0.0858231857419014,0.4666666666666667
103,0.038272706667582194,0.037333463132381436,0.9392435391743977,0.09179955720901489,0.6166666666666667
104,0.039614890391627945,0.03849454807738463,1.1203424175580343,0.08535060286521912,0.48333333333333334
105,0.04025497511029243,0.03913894792397817,1.1160271247227986,0.09213176369667053,0.45
106,0.0397644134859244,0.03883450180292129,0.9299118200937907,0.07920045405626297,0.48333333333333334
107,0.03840580259760221,0.037394900992512706,1.0109017531077067,0.08655665069818497,0.5
108,0.037322100003560385,0.036424182976285614,0.897917111714681,0.08691463619470596,0.5333333333333333
109,0.036518102635939916,0.03551588952541351,1.002212921778361,0.08186211436986923,0.4666666666666667
110,0.0393680140376091,0.03824091913799445,1.1270947694778441,0.08579237014055252,0.5333333333333333
111,0.040833863864342373,0.039593642204999925,1.2402214686075845,0.08328300714492798,0.4166666666666667
112,0.040106505155563354,0.03894303118189176,1.163473868370056,0.08465243130922318,0.5
113,0.03784567825496197,0.03682416615386804,1.0215121467908224,0.08510644733905792,0.5666666666666667
114,0.03909845426678658,0.03800411100188891,1.0943434635798137,0.08107549697160721,0.5
115,0.0434008963406086,0.04229708711306254,1.1038089871406556,0.0876421183347702,0.43333333333333335
116,0.03870928684870402,0.03776969723403454,0.9395899136861166,0.09403611719608307,0.48333333333333334
117,0.04023401687542597,0.039249501874049506,0.9845146814982096,0.08041457086801529,0.5166666666666667
118,0.04441854183872541,0.04329304546117783,1.1254965225855509,0.08229024708271027,0.45
119,0.037437205264965696,0.03653078277905782,0.906421979268392,0.09391242265701294,0.4666666666666667
120,0.03924243897199631,0.03830846051375071,0.9339781602223715,0.08291321247816086,0.48333333333333334
121,0.03645070269703865,0.035505749906102814,0.944952388604482,0.08201580494642258,0.5333333333333333
122,0.036961302161216736,0.036000090464949605,0.9612113157908122,0.08113469928503036,0.5166666666666667
123,0.03695686310529709,0.03603853347400824,0.9183291594187418,0.09503135830163956,0.55
124,0.04556457263727983,0.044410465036829314,1.154107423623403,0.08673518151044846,0.4666666666666667
125,0.038690737634897235,0.03776240696509679,0.9283306956291199,0.08610370755195618,0.5666666666666667
126,0.03918888668219248,0.03815920961399873,1.0296766638755799,0.08340244740247726,0.4666666666666667
127,0.03940422882636388,0.038399607067306836,1.0046220342318217,0.09020300209522247,0.5166666666666667
128,0.042247578501701355,0.04111108047266801,1.1364978353182476,0.08444764465093613,0.55
129,0.0391027236978213,0.038147656122843425,0.9550673246383667,0.0805252194404602,0.4666666666666667
130,0.04066895768046379,0.039524828518430394,1.1441285729408264,0.0939963087439537,0.5333333333333333
131,0.04125466545422872,0.04023400681714217,1.0206582903862,0.08092649281024933,0.5333333333333333
132,0.04069203299780687,0.03966376408934593,1.0282689650853476,0.08680921047925949,0.43333333333333335
133,0.039271222551663716,0.038247739896178246,1.0234827955563863,0.08148433268070221,0.45
134,0.037875018144647284,0.03678435410062472,1.090663993358612,0.08525682240724564,0.5
135,0.03740863638619582,0.03638639946778615,1.022236975034078,0.08916434645652771,0.43333333333333335
136,0.038448166102170944,0.03747322435180346,0.9749419093132019,0.08186108618974686,0.5166666666666667
137,0.04012838328878085,0.0391214981675148,1.006885047753652,0.08670361340045929,0.45
138,0.038449471319715184,0.03741506015261014,1.0344110131263733,0.0855603963136673,0.5333333333333333
139,0.03853912192086379,0.03753826692700386,1.0008551557858785,0.10248923301696777,0.4666666666666667
140,0.04347393090526263,0.04225232476989428,1.221606469154358,0.08521492034196854,0.5333333333333333
141,0.03922937326133251,0.038195325930913286,1.034047293663025,0.08458881080150604,0.5666666666666667
142,0.038606158643960956,0.03762209216753642,0.984066617488861,0.08552289754152298,0.4666666666666667
143,0.03888826270898183,0.037744332725803055,1.1439295848210653,0.08237504214048386,0.4666666666666667
144,0.03636740657190482,0.03541001652677854,0.9573901295661926,0.09619712829589844,0.4166666666666667
145,0.04171651477615038,0.040668748194972675,1.047766673564911,0.08396401256322861,0.55
146,0.03890768364071846,0.03781510777771473,1.0925760507583617,0.08097774535417557,0.5166666666666667
147,0.039799330135186516,0.03870944008231163,1.0898900111516316,0.09086231887340546,0.5333333333333333
148,0.038827423378825186,0.03777638363341491,1.051039457321167,0.08640876412391663,0.45
149,0.03915162906050682,0.038181699936588605,0.9699289719263713,0.08164239674806595,0.5833333333333334
150,0.041661852846542995,0.040579409897327424,1.082442824045817,0.08825214207172394,0.45
151,0.04332345773776372,0.04212249256670475,1.2009650190671286,0.08409156650304794,0.48333333333333334
152,0.03920127004384995,0.038091589510440824,1.1096805493036905,0.09321147203445435,0.4
153,0.04017171387871107,0.03904834700127443,1.123366943995158,0.08320777863264084,0.5666666666666667
154,0.039741124212741855,0.03877752932409446,0.9635948737462362,0.08519629389047623,0.48333333333333334
155,0.040624434252580006,0.039536696920792265,1.087737222512563,0.08027445524930954,0.5333333333333333
156,0.03675821237266064,0.035843368247151376,0.9148438334465027,0.08273156732320786,0.43333333333333335
157,0.0402380421757698,0.03925729369123777,0.9807488203048706,0.0896000936627388,0.5333333333333333
158,0.03702840693295002,0.03603446409106255,0.9939434051513671,0.08573377132415771,0.5166666666666667
159,0.03712890297174454,0.03615012280642986,0.9787798206011454,0.0886557400226593,0.5666666666666667
160,0.036476258436838785,0.03560515940189361,0.8710986852645874,0.0818372294306755,0.5
161,0.038056960329413414,0.037113982066512105,0.9429781079292298,0.09398717433214188,0.55
162,0.042421356836954756,0.04133067714671294,1.0906796733538309,0.08482872694730759,0.5
163,0.038190269470214845,0.03724320891002814,0.9470608552296956,0.08301056921482086,0.43333333333333335
164,0.04011188435057799,0.03887261065344016,1.2392738938331604,0.08404541015625,0.5333333333333333
165,0.03750416648884614,0.03640365339815617,1.1005133231480917,0.09701389819383621,0.5
166,0.038080585872133574,0.037157294278343515,0.9232915004094442,0.08424019813537598,0.4666666666666667
167,0.03588232733309269,0.0350107720742623,0.8715554674466451,0.08365098387002945,0.5
168,0.03789505461851756,0.03692263985673586,0.972414501508077,0.08102013915777206,0.45
169,0.03818819994727771,0.03718736072381337,1.0008390466372172,0.09502354264259338,0.5
170,0.0419956107934316,0.040898235887289046,1.0973748127619425,0.08279173821210861,0.5
171,0.03782710880041122,0.036829592660069466,0.9975164771080017,0.0796036422252655,0.5166666666666667
172,0.039893951763709384,0.03889507154623668,0.9988807280858357,0.08668800443410873,0.5
173,0.03795149736106396,0.03698258909086386,0.9689087231953939,0.08356655389070511,0.5833333333333334
174,0.03959816296895345,0.03857834935188294,1.0198132952054342,0.0808020830154419,0.5666666666666667
175,0.04034453680117925,0.039392443373799324,0.9520932992299398,0.08757597953081131,0.5
176,0.03974912613630295,0.038623723884423575,1.1254024585088094,0.08177407085895538,0.4666666666666667
177,0.036171364784240725,0.035316970696051914,0.8543943603833516,0.08035822212696075,0.5
178,0.039744783192873,0.038784245029091835,0.9605382045110067,0.08262276649475098,0.5166666666666667
179,0.03778030810256799,0.03682099096477032,0.9593173225720724,0.08118205517530441,0.5
180,0.03549082390964031,0.03462234425048034,0.8684793512026469,0.08150604367256165,0.4166666666666667
181,0.039256816481550535,0.03794871519009272,1.3081012924512228,0.08172231167554855,0.6
182,0.03754675438006719,0.036462825660904245,1.083928350607554,0.08200039714574814,0.45
183,0.037084266419212024,0.036109934623042746,0.9743317087491353,0.08438529819250107,0.5
184,0.037340374166766804,0.0362631897131602,1.0771846572558086,0.08740125596523285,0.5
185,0.03688831242422263,0.03581025476257006,1.0780576984087626,0.08116152882575989,0.45
186,0.03636789222558339,0.03542605265974998,0.9418393055597941,0.08003456145524979,0.55
187,0.03894021287560463,0.038018785789608954,0.9214262803395589,0.08223683387041092,0.5166666666666667
188,0.04129330863555272,0.0402162529528141,1.077055855592092,0.09240589290857315,0.5333333333333333
189,0.04144967819253604,0.0401197620977958,1.3299162189165752,0.08386995643377304,0.4666666666666667
190,0.035998682181040444,0.03507766847809156,0.9210138003031413,0.08961658179759979,0.4666666666666667
191,0.03685797018309434,0.03605970491965612,0.7982651432355244,0.08043061941862106,0.48333333333333334
192,0.03782063772281011,0.03691577439506848,0.9048639416694642,0.08262543380260468,0.4666666666666667
193,0.03721035644412041,0.036290733019510905,0.9196233828862508,0.08949114382266998,0.55
194,0.03837428763508797,0.03723118143777052,1.1431060075759887,0.08173557370901108,0.4666666666666667
195,0.04023297900954882,0.039135755101839705,1.0972238143285116,0.09460380673408508,0.4666666666666667
196,0.040551840762297314,0.039421578869223595,1.1302618463834126,0.08933907747268677,0.5666666666666667
197,0.03896978584428628,0.03788110961516698,1.08867636124293,0.08455343544483185,0.43333333333333335
198,0.038641711324453355,0.0374433363477389,1.1983751694361369,0.08077149093151093,0.5
199,0.03714563039441903,0.03621654435992241,0.9290859222412109,0.08525646477937698,0.48333333333333334
200,0.036671568329135575,0.035826892033219336,0.8446764826774598,0.08169984817504883,0.38333333333333336
201,0.03734203614294529,0.036394142732024196,0.9478935837745667,0.08478888869285583,0.5166666666666667
202,0.03896632691224416,0.03788835890591145,1.077967878182729,0.08534648269414902,0.4666666666666667
203,0.03870006079475085,0.037703309456507364,0.9967510064442953,0.08501777797937393,0.5333333333333333
204,0.040487000594536464,0.03935576031605403,1.1312403162320455,0.08530917763710022,0.43333333333333335
205,0.03927624759574731,0.03821028545498848,1.0659625331560771,0.08236125856637955,0.5333333333333333
206,0.040376947820186616,0.039334462583065034,1.0424853801727294,0.08449669182300568,0.45
207,0.03850992185374101,0.03745687579115232,1.0530457297960918,0.08286742866039276,0.5
208,0.036671515305836996,0.035721543431282046,0.949971604347229,0.0831446424126625,0.6166666666666667
209,0.03590686892469724,0.0349142341564099,0.9926345109939575,0.08610250800848007,0.5
210,0.03806580677628517,0.03700399535397689,1.061811379591624,0.0909181758761406,0.5833333333333334
211,0.03866289369761944,0.03769993024567763,0.9629631996154785,0.08388327062129974,0.4166666666666667
212,0.03898539754251639,0.03799908099075158,0.9863163471221924,0.08741426467895508,0.55
213,0.03907459129889806,0.03804440821210543,1.0301830927530924,0.08372271060943604,0.4166666666666667
214,0.034720494349797563,0.03391836620867252,0.8021284461021423,0.0862198919057846,0.43333333333333335
215,0.03611724811295668,0.03516400282581647,0.953245198726654,0.08093783259391785,0.5
216,0.039819073180357614,0.038760211194554965,1.0588619311650593,0.08942851424217224,0.45
217,0.03902153993646304,0.03797173537313938,1.0498047828674317,0.08075318485498428,0.55
218,0.040612073118487996,0.03949663961927096,1.1154332836469014,0.08889316022396088,0.5666666666666667
219,0.042967379093170166,0.041812599077820777,1.154779863357544,0.085990309715271,0.45
220,0.04053058475255966,0.03939363571504752,1.1369491696357727,0.0835328921675682,0.48333333333333334
221,0.037822142491738,0.036705261344710985,1.116880981127421,0.08420094847679138,0.5333333333333333
222,0.03736150078475475,0.03634260036051273,1.0189002871513366,0.09121336787939072,0.4666666666666667
223,0.03976984011630217,0.03874553007384141,1.024310290813446,0.08294223248958588,0.5
224,0.04418133993943532,0.04303150027990341,1.1498394330342612,0.09019700437784195,0.43333333333333335
225,0.04126025040944417,0.04012800430258115,1.132245902220408,0.08749940991401672,0.5833333333333334
226,0.03706776164472103,0.03593956169982751,1.1281997283299765,0.08311457186937332,0.45
227,0.037096248318751655,0.036015635604659715,1.0806124567985536,0.08447430282831192,0.4
228,0.04167901873588562,0.04059018020828565,1.0888384342193604,0.08548085391521454,0.5666666666666667
229,0.03589665840069453,0.035019100705782576,0.8775577306747436,0.08963876217603683,0.45
230,0.036589545135696726,0.0355903297662735,0.9992149790128072,0.08503181487321854,0.55
231,0.037344723691542944,0.036418108642101286,0.9266147216161092,0.08640182763338089,0.43333333333333335
232,0.037451089918613435,0.03648948185145855,0.961608091990153,0.08200735598802567,0.5666666666666667
233,0.03913317347566287,0.038062167912721635,1.0710052569707236,0.08481694757938385,0.55
234,0.04299945831298828,0.041498829672733946,1.5006286064783732,0.08888443559408188,0.4166666666666667
235,0.04299745832880338,0.04144753391544024,1.5499244888623556,0.08454759418964386,0.4666666666666667
236,0.03999611958861351,0.03863737136125565,1.3587484161059062,0.08600163459777832,0.5333333333333333
237,0.03829752989113331,0.037308228636781376,0.9893015503883362,0.08496639132499695,0.43333333333333335
238,0.037640391911069555,0.036715749899546304,0.9246422131856282,0.0827580988407135,0.55
239,0.03730371308823426,0.036387407779693605,0.9163053234418234,0.08483374118804932,0.5
240,0.03866192065179348,0.0376236063738664,1.038313905398051,0.0831352099776268,0.48333333333333334
241,0.035452052702506384,0.034619949261347455,0.8321031530698141,0.08806504309177399,0.5166666666666667
242,0.03826484680175781,0.0372881523023049,0.9766947507858277,0.08443019539117813,0.5
243,0.04183430845538775,0.04069584955771764,1.138459034760793,0.09281716495752335,0.5
244,0.04141793710490068,0.04011471594373385,1.3032214681307475,0.08527299761772156,0.4
245,0.038375243172049524,0.037356805180509885,1.018437639872233,0.08193390816450119,0.5333333333333333
246,0.036840655654668805,0.035872186596194906,0.9684689203898112,0.0894952267408371,0.4166666666666667
247,0.0379047488172849,0.03696974851191044,0.935000479221344,0.08165966719388962,0.5166666666666667
248,0.03631206465264161,0.035364957774678865,0.9471069057782491,0.0824645534157753,0.4666666666666667
249,0.03597032229105632,0.03497881057361762,0.9915113925933838,0.08822627365589142,0.48333333333333334
250,0.03696938244005044,0.03600178236762683,0.9675997376441956,0.08528449386358261,0.5
251,0.03560362607240677,0.03465878305335839,0.944842541217804,0.08520503342151642,0.43333333333333335
252,0.03517988411088784,0.03430443033576012,0.8754538655281067,0.0817035585641861,0.5333333333333333
253,0.036090963830550514,0.03525830805301666,0.8326554735501607,0.08475220203399658,0.48333333333333334
254,0.03619716775914033,0.03539337528248628,0.8037920355796814,0.08826085180044174,0.43333333333333335
255,0.03573834349711736,0.034825403988361356,0.9129391431808471,0.08585043251514435,0.45
256,0.037838735183080036,0.03677512643237909,1.063608956336975,0.08606816828250885,0.48333333333333334
257,0.03805003836750984,0.0369860727339983,1.0639658490816752,0.08654268085956573,0.48333333333333334
258,0.036757618685563404,0.03583104809125264,0.9265703638394673,0.08189349621534348,0.5666666666666667
259,0.038082728659113246,0.03711949984232585,0.9632283091545105,0.09173941612243652,0.4666666666666667
260,0.03494537696242332,0.03402714605132739,0.9182305455207824,0.0860627293586731,0.5166666666666667
261,0.03682393493751685,0.03600329558054606,0.820639181137085,0.10016556084156036,0.4666666666666667
262,0.040348929911851884,0.03918484623233477,1.164083723227183,0.0844087302684784,0.55
263,0.03506399653851986,0.03423578068614006,0.8282161394755045,0.08518575876951218,0.45
264,0.03694445627431075,0.03600715758899848,0.9372984846433003,0.08990050852298737,0.5
265,0.04105445196231206,0.04000491760671139,1.0495344797770183,0.08879208564758301,0.43333333333333335
266,0.03779063398639361,0.03669497184455395,1.095661981900533,0.08376741409301758,0.5833333333333334
267,0.03469633994003137,0.033854615439971286,0.8417247811953227,0.08664543181657791,0.5
268,0.03661495670676231,0.03571616324285666,0.8987930893898011,0.09086675196886063,0.5166666666666667
269,0.03822980026404063,0.03721112683415413,1.018673833211263,0.08027078956365585,0.5333333333333333
270,0.03641839163998763,0.0355517307917277,0.8666609247525533,0.09253233671188354,0.5333333333333333
271,0.03738067162533601,0.036436741799116136,0.9439295053482055,0.08446252346038818,0.5166666666666667
272,0.03583576120436192,0.034969739615917206,0.8660217682520549,0.0858864113688469,0.4166666666666667
273,0.0362288015584151,0.03520002464453379,1.0287769079208373,0.08336865156888962,0.5
274,0.042168859764933585,0.041149864345788954,1.018995185693105,0.08293941617012024,0.5
275,0.04055389128625393,0.039579659576217334,0.9742319464683533,0.09683964401483536,0.48333333333333334
276,0.03935736579199632,0.03844187135497729,0.9154945969581604,0.0853399932384491,0.48333333333333334
277,0.03810349479317665,0.0371637678394715,0.9397265950838725,0.09106464684009552,0.45
278,0.037523097917437555,0.036570606753230095,0.9524915337562561,0.1048082634806633,0.38333333333333336
279,0.03736707617839177,0.03635239079594612,1.0146847446759542,0.08542728424072266,0.55
280,0.03790286046763261,0.03669048175215721,1.212379022439321,0.08941156417131424,0.5333333333333333
281,0.03728288648029168,0.03610574950774511,1.1771364609400432,0.08435384184122086,0.45
282,0.03598322073618571,0.03510621413588524,0.8770065704981486,0.08430502563714981,0.4666666666666667
283,0.0357808880507946,0.03495420602460702,0.8266824563344319,0.08219331502914429,0.48333333333333334
284,0.03509681187570095,0.03423698457578818,0.8598275740941366,0.09999668598175049,0.5
285,0.038981262346108755,0.038034906859199205,0.9463553349177043,0.09112332761287689,0.43333333333333335
286,0.03718366685012976,0.03616472706198692,1.018939769268036,0.0840994343161583,0.4666666666666667
287,0.03889938419063886,0.0378606333086888,1.0387506802876791,0.08108870685100555,0.55
288,0.03715137094259262,0.036147736261288324,1.003634468714396,0.09162260591983795,0.5833333333333334
289,0.03680155153075854,0.035759548842906955,1.042002789179484,0.0881020575761795,0.48333333333333334
290,0.03724958673119545,0.03633779721955458,0.9117899457613627,0.08790725469589233,0.5166666666666667
291,0.035184144601225854,0.03432941523691018,0.8547291994094849,0.09212487190961838,0.4166666666666667
292,0.03537253613273303,0.03459527355929216,0.7772622227668762,0.09174242615699768,0.5
293,0.03629572813709577,0.03534347179035346,0.9522562185923259,0.0926363468170166,0.4666666666666667
294,0.037295427670081455,0.036399211982885996,0.8962153514226278,0.0923011526465416,0.4666666666666667
295,0.03326079808175564,0.03246577382087708,0.7950246254603068,0.09270552545785904,0.5833333333333334
296,0.03437100276350975,0.033506690089901287,0.8643123149871826,0.09678817540407181,0.43333333333333335
297,0.036913725857933365,0.03601407843331496,0.8996476252873739,0.09826719760894775,0.4666666666666667
298,0.03482942469418049,0.03401739696661631,0.8120271603266398,0.08667957782745361,0.4666666666666667
299,0.03649073032041391,0.035628711556394896,0.862018887201945,0.09371974319219589,0.5
300,0.03762155709167322,0.03653122807542483,1.090328860282898,0.10065583139657974,0.45
301,0.04041739205519358,0.03939014822244644,1.0272435784339904,0.09246267378330231,0.4666666666666667
302,0.035856637607018155,0.034951827675104144,0.9048097729682922,0.0981362909078598,0.4166666666666667
303,0.03821353949606419,0.03717657501498858,1.0369646628697713,0.0994737297296524,0.48333333333333334
304,0.03936728251477083,0.03823269431789716,1.134588317076365,0.08569496870040894,0.35
305,0.03918842511872451,0.038199307521184285,0.9891173283259074,0.08033598959445953,0.5166666666666667
306,0.034398208186030385,0.033539151897033055,0.8590564688046773,0.08168383687734604,0.43333333333333335
307,0.036808655286828675,0.035811622192462284,0.9970333218574524,0.08423380553722382,0.5166666666666667
308,0.03622536510229111,0.035236008216937384,0.9893564979235331,0.0894453227519989,0.55
309,0.03738645476599534,0.03633970978359381,1.0467447638511658,0.0939691960811615,0.4666666666666667
310,0.04118330453832944,0.04010213116804759,1.081173038482666,0.08695097267627716,0.45
311,0.04532709792256355,0.044101818650960925,1.2252792914708455,0.08643825352191925,0.5333333333333333
312,0.04133381942907969,0.040373722836375234,0.9600967446962992,0.0931229218840599,0.48333333333333334
313,0.03843178078532219,0.03753241064647834,0.8993701020876567,0.10042382031679153,0.43333333333333335
314,0.03611744306981564,0.03519235737621784,0.925085707505544,0.08978608250617981,0.5166666666666667
315,0.03786900080740452,0.03692032471299171,0.9486765384674072,0.09622879326343536,0.5666666666666667
316,0.03856124182542165,0.03753802304466566,1.0232189496358235,0.1037055179476738,0.4666666666666667
317,0.03811499613026778,0.03717557104925315,0.9394251426060994,0.1035231426358223,0.5666666666666667
318,0.03995273063580195,0.03879270466665427,1.1600262721379597,0.10078879445791245,0.5333333333333333
319,0.03635137664775054,0.035402994602918625,0.9483822464942933,0.09996774792671204,0.5333333333333333
320,0.03611185103654861,0.03515442398687204,0.9574271519978841,0.09288124740123749,0.48333333333333334
321,0.03918943703174591,0.038106903061270715,1.0825333793958027,0.09375018626451492,0.43333333333333335
322,0.04009002732733886,0.03914857556422551,0.9414518078168234,0.09534204751253128,0.45
323,0.035564446821808815,0.03464362335701784,0.9208233475685119,0.09254798293113708,0.4166666666666667
324,0.03735565257569154,0.03650044972697894,0.8552023490269979,0.09603998810052872,0.5
325,0.038215123613675434,0.037186992540955546,1.0281308571497598,0.08740676939487457,0.4
326,0.03608379711707433,0.035178458069761595,0.90533899863561,0.08414452522993088,0.43333333333333335
327,0.036483925332625705,0.03558388637999694,0.9000390966733297,0.08127313107252121,0.38333333333333336
328,0.03720799187819163,0.03624358872572581,0.964402683575948,0.08791936933994293,0.38333333333333336
329,0.03733497833212217,0.03640839519600073,0.9265835523605347,0.0855303481221199,0.4666666666666667
330,0.03827567212283611,0.03719883188605309,1.076840086778005,0.08585257083177567,0.43333333333333335
331,0.03579143546521664,0.03485243432223797,0.9390008568763732,0.08931570500135422,0.6
332,0.033491657301783564,0.032684710497657456,0.8069467147191366,0.09222857654094696,0.48333333333333334
333,0.040247109284003574,0.03924600345393022,1.0011053562164307,0.09317084401845932,0.45
334,0.036151732131838796,0.03526596116522948,0.8857708692550659,0.09019217640161514,0.6
335,0.03430625560383002,0.03351229565838973,0.7939601222674052,0.09470388293266296,0.6166666666666667
336,0.034937828034162524,0.03410535380244255,0.8324742277463277,0.10066033899784088,0.5333333333333333
337,0.0338520098477602,0.033011579513549806,0.840430482228597,0.08190638571977615,0.45
338,0.0342569130162398,0.03349128564198812,0.7656267841657003,0.08264846354722977,0.4666666666666667
339,0.03668832878271739,0.03573729135096073,0.951037323474884,0.08719956129789352,0.5333333333333333
340,0.03679810091853142,0.03584701791405678,0.9510831634203593,0.09028912335634232,0.4666666666666667
341,0.03504631196459134,0.03417117198308309,0.875140102704366,0.08981428295373917,0.4
342,0.034502265105644865,0.033689418186744056,0.8128465811411539,0.09070076048374176,0.45
343,0.035564821834365525,0.0346473050614198,0.917517340183258,0.08527564257383347,0.38333333333333336
344,0.03565141794582208,0.03474683947861194,0.9045788645744324,0.08763981610536575,0.5666666666666667
345,0.03533940402170022,0.03450284786522388,0.8365556716918945,0.08864296227693558,0.43333333333333335
346,0.0348888532569011,0.03399079826970895,0.8980549931526184,0.08554146438837051,0.4166666666666667
347,0.03544012829661369,0.03456249510248502,0.8776330272356669,0.08700475841760635,0.5166666666666667
348,0.03684644562502702,0.035974306116501494,0.8721394578615824,0.08718284219503403,0.43333333333333335
349,0.03606281106670697,0.035167143245538074,0.895668097337087,0.09048706293106079,0.4666666666666667
350,0.034603841106096905,0.033760934074719744,0.8429069558779398,0.08486183732748032,0.5833333333333334
351,0.035646475354830426,0.03481745099027952,0.8290243784586588,0.09716350585222244,0.48333333333333334
352,0.03427671318252881,0.0334306334455808,0.8460793654123943,0.09003755450248718,0.45
353,0.03613020790119966,0.03524821003278097,0.8819979786872864,0.09140249341726303,0.55
354,0.037681128829717636,0.036702540889382365,0.9785877744356791,0.10330010205507278,0.5
355,0.03934502676129341,0.0383870809028546,0.9579458157221477,0.08782883733510971,0.5166666666666667
356,0.03866414477427801,0.03743954027692477,1.224604610602061,0.08966214954853058,0.43333333333333335
357,0.03635311784843604,0.035196225096782045,1.1568924109141032,0.08816544711589813,0.5333333333333333
358,0.03682267715533574,0.0357578427841266,1.064834682146708,0.09293422102928162,0.4
359,0.04032587098578612,0.03928225263953209,1.0436182896296182,0.08443722128868103,0.5166666666666667
360,0.034927220766743025,0.03407303976515929,0.8541807651519775,0.08089588582515717,0.4166666666666667
361,0.03536135964095592,0.0345508024096489,0.8105572700500489,0.08216223865747452,0.5333333333333333
362,0.03436470764378707,0.03349960496028264,0.8651031732559205,0.09407253563404083,0.43333333333333335
363,0.03452428455154101,0.03372046922643979,0.8038149436314901,0.08899826556444168,0.4666666666666667
364,0.03474270291626454,0.03382106982171536,0.9216334184010824,0.09176433831453323,0.5166666666666667
365,0.03827789314091205,0.03732894758383433,0.9489455858866374,0.09106118232011795,0.5166666666666667
366,0.03701569698750973,0.03601769544184208,0.9980016469955444,0.0889332965016365,0.5
367,0.03576610287030538,0.03482916839420795,0.9369348684946696,0.09249122440814972,0.5333333333333333
368,0.03574214267234008,0.034763193254669505,0.9789496064186096,0.08891551941633224,0.4666666666666667
369,0.03567368860046069,0.03476850402851899,0.9051846106847127,0.0898861438035965,0.5
370,0.03584952726960182,0.034875364725788435,0.9741619427998861,0.08777901530265808,0.4166666666666667
371,0.03467168534795443,0.033785759533445044,0.8859251856803894,0.08599988371133804,0.5333333333333333
372,0.03596227504312992,0.03506218555072944,0.9000894546508789,0.0859907865524292,0.38333333333333336
373,0.03567017974952857,0.03471436463296414,0.9558148423830668,0.09023723006248474,0.5
374,0.03796766834954421,0.03691679301361243,1.0508755087852477,0.09438750147819519,0.4666666666666667
375,0.03664949933687846,0.03565252088010311,0.9969785332679748,0.10580318421125412,0.45
376,0.03811906402309736,0.03718975161512693,0.9293122490247091,0.08723888546228409,0.4166666666666667
377,0.03597962918380896,0.03514670617878437,0.8329230189323426,0.09104322642087936,0.43333333333333335
378,0.036453800896803536,0.03555625515679518,0.8975457469622294,0.08970322459936142,0.4166666666666667
379,0.035376507540543875,0.034494005143642426,0.8825019319852193,0.08822900056838989,0.6333333333333333
380,0.03447038729985555,0.033607972661654155,0.8624146143595378,0.0897718071937561,0.48333333333333334
381,0.035661893089612325,0.03473530908425649,0.9265838543574015,0.09455027431249619,0.45
382,0.036775104825695355,0.035701884577671684,1.0732200145721436,0.09457524120807648,0.5
383,0.0354207714398702,0.03451276272535324,0.9080085277557373,0.09007300436496735,0.43333333333333335
384,0.03791910161574682,0.03694213355580966,0.9769679228464763,0.09131284058094025,0.4
385,0.036378756538033484,0.03547322774926821,0.9055288553237915,0.09036692976951599,0.5166666666666667
386,0.0377076147745053,0.03675415441393852,0.9534600615501404,0.09308776259422302,0.45
387,0.03614616220196088,0.03508886508643627,1.057297412554423,0.08520171046257019,0.5
388,0.039998460561037064,0.038920482993125914,1.0779773275057474,0.08960331976413727,0.5
389,0.039138699695467946,0.0380530076722304,1.0856919050216676,0.09419389069080353,0.5166666666666667
390,0.03475779766837756,0.03377474173903465,0.9830557982126872,0.08552359789609909,0.43333333333333335
391,0.03488528554638227,0.03398016629119714,0.9051192164421081,0.09854709357023239,0.48333333333333334
392,0.03754882936676343,0.03658381203810374,0.9650173823038737,0.08515898138284683,0.5166666666666667
393,0.034773833304643634,0.03386234578986962,0.9114874720573425,0.08778859674930573,0.43333333333333335
394,0.03432049291829268,0.033508447806040446,0.8120449701944987,0.09116632491350174,0.43333333333333335
395,0.03514692038297653,0.03421157089372476,0.9353492538134257,0.08960490673780441,0.5166666666666667
396,0.0337509856869777,0.03295561720927556,0.7953683733940125,0.08764061331748962,0.5166666666666667
397,0.03417539248863856,0.03323882160087426,0.9365709026654562,0.08925104886293411,0.43333333333333335
398,0.03428993920485179,0.03345444016158581,0.8354987819989522,0.09554404765367508,0.5333333333333333
399,0.03658193449179332,0.03558787542084853,0.9940590580304464,0.0887722596526146,0.45
400,0.03554418720304966,0.03459307278196017,0.9511140624682108,0.09174232929944992,0.5
401,0.03393398970365524,0.033031475047270456,0.9025149981180827,0.09436453878879547,0.43333333333333335
402,0.035986898466944695,0.035085612908005714,0.9012857596079509,0.09881965816020966,0.55
403,0.03486733560760816,0.03396265891691049,0.9046768506368001,0.09143905341625214,0.4166666666666667
404,0.035346500327189764,0.0344868078827858,0.8596923470497131,0.0911317765712738,0.4666666666666667
405,0.03653481031457583,0.03551953956484795,1.015270706017812,0.08940756320953369,0.5333333333333333
406,0.03540534464021524,0.034358734637498854,1.046610164642334,0.08836622536182404,0.5
407,0.03701441908876101,0.03620512535174688,0.8092939257621765,0.09952390193939209,0.43333333333333335
408,0.03715885194639365,0.03620145892103513,0.9573928991953532,0.09294960647821426,0.5333333333333333
409,0.036423518384496374,0.03542680119474729,0.9967174092928569,0.08435380458831787,0.5333333333333333
410,0.035375199591120086,0.034446235994497934,0.9289636731147766,0.0856470987200737,0.4
411,0.03592007408539454,0.03505009909470876,0.8699756224950155,0.08938374370336533,0.4166666666666667
412,0.03583570346236229,0.034953417256474495,0.8822861274083456,0.09050874412059784,0.5166666666666667
413,0.03608500647048155,0.03524515094856421,0.8398552417755127,0.09412325173616409,0.5166666666666667
414,0.037992048139373465,0.03704424612224102,0.94780193567276,0.08981776237487793,0.5166666666666667
415,0.035876764977971716,0.03490795008838177,0.9688148379325867,0.09778913855552673,0.38333333333333336
416,0.03604272368053595,0.03498171456158161,1.061009403069814,0.08927749842405319,0.55
417,0.03512715523441633,0.034292634452382724,0.8345205426216126,0.10087741166353226,0.4666666666666667
418,0.03663668061296145,0.035542528207103415,1.0941524426142375,0.09490612894296646,0.48333333333333334
419,0.03551015382011732,0.03459033779799938,0.9198157906532287,0.09639735519886017,0.38333333333333336
420,0.03369303283592065,0.03283279774089654,0.8602353692054748,0.10220368206501007,0.5666666666666667
421,0.03798094640175501,0.036996596554915114,0.9843502084414164,0.08688447624444962,0.5833333333333334
422,0.03472638502717018,0.03383604710300763,0.8903373519579569,0.0819166898727417,0.4666666666666667
423,0.03443048658470313,0.03347696550190449,0.9535209178924561,0.08463136851787567,0.5333333333333333
424,0.03666255896290143,0.035737070813775064,0.9254885037740072,0.08571948856115341,0.4666666666666667
425,0.037315326059858,0.036363769819339115,0.9515561858812968,0.09359538555145264,0.43333333333333335
426,0.03680378943681717,0.03593466617166996,0.869122854868571,0.08801920711994171,0.4166666666666667
427,0.035297147805492084,0.034454876681168874,0.8422711809476217,0.09037966281175613,0.43333333333333335
428,0.03677478209137917,0.03580967585245768,0.9651063124338786,0.09111595153808594,0.43333333333333335
429,0.03671921330193679,0.03576731023689111,0.9519032120704651,0.0869421511888504,0.5166666666666667
430,0.03565207136174043,0.034822642679015796,0.8294289151827494,0.09550289064645767,0.43333333333333335
431,0.03680229000747204,0.035887546837329865,0.914742906888326,0.09350509941577911,0.48333333333333334
432,0.03815970830619335,0.03719258656104406,0.9671218276023865,0.10023073107004166,0.5333333333333333
433,0.03820317015051842,0.037129839633901915,1.073330251375834,0.09969812631607056,0.43333333333333335
434,0.034632025038202605,0.03366156555712223,0.9704590638478597,0.09917191416025162,0.4666666666666667
435,0.03441367087264856,0.03347418196499348,0.9394887288411459,0.09378882497549057,0.48333333333333334
436,0.03691925878326098,0.03604190436502298,0.8773546020189921,0.10551133006811142,0.5166666666666667
437,0.03582400617500146,0.034897270674506826,0.9267354051272074,0.09737886488437653,0.4666666666666667
438,0.03474784791469574,0.03382525319854419,0.9225945234298706,0.09246713668107986,0.4666666666666667
439,0.03770933772126834,0.03678190497060617,0.9274327556292216,0.09105727076530457,0.43333333333333335
440,0.03512708681325118,0.03427466551462809,0.8524217009544373,0.09959135204553604,0.4
441,0.0355114534497261,0.0345779825001955,0.9334710359573364,0.09974941611289978,0.45
442,0.036033042892813685,0.03513352051377296,0.8995223879814148,0.0986441895365715,0.48333333333333334
443,0.036591097712516785,0.03569350093603134,0.8975970506668091,0.09221941232681274,0.45
444,0.03658059711257617,0.03560806562503179,0.9725313464800517,0.09106194972991943,0.5
445,0.0363290881117185,0.03539062266548475,0.9384653925895691,0.09925367683172226,0.4
446,0.03841926840444406,0.0373627466460069,1.0565223137537638,0.09280023723840714,0.55
447,0.03549065515398979,0.034382056817412375,1.108598514397939,0.08436554670333862,0.5166666666666667
448,0.03695989139378071,0.03586938244601091,1.0905091961224873,0.08910490572452545,0.55
449,0.03518845451374849,0.03415715532998244,1.031299090385437,0.09294609725475311,0.5166666666666667
450,0.03749345565835635,0.03656480511029561,0.9286503791809082,0.09553557634353638,0.38333333333333336
451,0.03621351532638073,0.035253914818167684,0.9596006075541178,0.08484405279159546,0.5166666666666667
452,0.037486708040038744,0.03654116094112396,0.9455474019050598,0.08703843504190445,0.5333333333333333
453,0.03874041140079498,0.03747831781705221,1.2620931267738342,0.09169092029333115,0.43333333333333335
454,0.03360253187517325,0.03274766405423482,0.8548680345217387,0.08553697913885117,0.5166666666666667
455,0.03763221378127734,0.03657578614850839,1.0564274032910665,0.09668193757534027,0.4666666666666667
456,0.03655344607929389,0.03564789878825347,0.9055467844009399,0.0894349068403244,0.4166666666666667
457,0.0376616183668375,0.03661386830111345,1.0477497140566507,0.08991581201553345,0.4166666666666667
458,0.03580077787240346,0.0349119246006012,0.8888534545898438,0.08910519629716873,0.45
459,0.03681425961355368,0.035843274494012194,0.9709845860799153,0.09016922861337662,0.55
460,0.03761204096178214,0.03647425000866254,1.1377909064292908,0.09649176895618439,0.48333333333333334
461,0.03681565746665001,0.035753376161058746,1.062281060218811,0.08973437547683716,0.4666666666666667
462,0.03854754542311033,0.03757691408197085,0.9706307689348856,0.0913274958729744,0.4666666666666667
463,0.035189116125305495,0.03429970430831115,0.8894120216369629,0.09321577847003937,0.45
464,0.038170742243528365,0.03728015720844269,0.890584663550059,0.08626815676689148,0.5166666666666667
465,0.03936418481171131,0.0382540337741375,1.1101507941881816,0.0873953178524971,0.4166666666666667
466,0.03707333269218604,0.03606862264374892,1.0047101974487305,0.09971896559000015,0.45
467,0.036014116803805035,0.03498683522144953,1.0272815624872844,0.09260863065719604,0.4666666666666667
468,0.03345098209877809,0.03251747687657674,0.933504855632782,0.09838642179965973,0.5333333333333333
469,0.03886211228867372,0.03759137180944284,1.270740024248759,0.09914816915988922,0.4666666666666667
470,0.037923952812949815,0.03666740395128727,1.2565482258796692,0.09356838464736938,0.5166666666666667
471,0.03674400585393111,0.03560270220041275,1.141303559144338,0.0899437963962555,0.5666666666666667
472,0.037601072092851004,0.0366422380010287,0.9588336110115051,0.09649290889501572,0.43333333333333335
473,0.03496666078766187,0.034082069993019104,0.8845910549163818,0.08964197337627411,0.48333333333333334
474,0.03440812888244788,0.0335143572340409,0.8937715768814087,0.08893556147813797,0.45
475,0.03461929100255171,0.03376302731533845,0.8562637329101562,0.09464108943939209,0.4
476,0.034243264918526015,0.033449527745445566,0.793736974398295,0.09938178211450577,0.43333333333333335
477,0.03391146970291933,0.03296237202982108,0.9490975141525269,0.09820970892906189,0.5
478,0.03643726954857508,0.035492273047566414,0.9449959476788838,0.09466536343097687,0.5166666666666667
479,0.033924168720841405,0.03303677588701248,0.8873927990595499,0.09956619888544083,0.4666666666666667
480,0.034694628417491914,0.03377595394849777,0.9186746756235759,0.08517077565193176,0.43333333333333335
481,0.03727453338603179,0.036203665534655254,1.0708679238955179,0.09382779896259308,0.5333333333333333
482,0.03575902779897054,0.03470597788691521,1.0530496954917907,0.1014191061258316,0.4166666666666667
483,0.03580272371570269,0.03488096135358016,0.9217626214027405,0.10229466110467911,0.45
484,0.03505979180335998,0.03419433558980624,0.8654562751452128,0.09303375333547592,0.48333333333333334
485,0.03664649724960327,0.03584450073540211,0.8019963939984639,0.09836070239543915,0.4166666666666667
486,0.033514663204550744,0.03274094139536222,0.773721702893575,0.09676045179367065,0.36666666666666664
487,0.035320634270707765,0.03444362059235573,0.8770132263501486,0.09601098299026489,0.4666666666666667
488,0.035421608264247575,0.03451701613763968,0.9045923670132955,0.08888816088438034,0.4166666666666667
489,0.03717167923847834,0.0362152940283219,0.9563854654630025,0.09018392860889435,0.48333333333333334
490,0.03434389308094978,0.03355987332761288,0.7840195655822754,0.09143977612257004,0.45
491,0.033659298842151956,0.032835420593619345,0.8238784392674764,0.09952683001756668,0.55
492,0.03553895366688569,0.03455152573684851,0.9874277273813884,0.08892177790403366,0.43333333333333335
493,0.03562155763308207,0.0344882403810819,1.133317232131958,0.09477118402719498,0.4666666666666667
494,0.034719934314489366,0.0337847446401914,0.9351895570755004,0.09014187753200531,0.4
495,0.0345100361853838,0.033713964745402336,0.7960715452829997,0.08729154616594315,0.55
496,0.03611956064899762,0.0352397703876098,0.8797900358835856,0.09416818618774414,0.45
497,0.035625890890757246,0.03480705184241136,0.8188389221827189,0.08990657329559326,0.43333333333333335
498,0.03325048051774502,0.032416098813215895,0.834381373723348,0.09710712730884552,0.5
499,0.03500003889203072,0.034129093090693154,0.8709455927213033,0.08618278056383133,0.48333333333333334
500,0.03630479164421559,0.03523323958118756,1.0715517123540244,0.08578281104564667,0.48333333333333334
