epoch,train_loss,rmse_loss,trend_loss,val_rmse,val_trend_acc
0,0.20217594901720684,0.193380664785703,8.795284938812255,0.10197971761226654,0.5
1,0.08054226065675417,0.07723667919635772,3.305581307411194,0.06132197752594948,0.48333333333333334
2,0.0611264131963253,0.059317877143621446,1.8085360527038574,0.056154847145080566,0.55
3,0.06041967595616977,0.058758361885945,1.6613143761952718,0.05398627370595932,0.5
4,0.0593630646665891,0.05777329877018929,1.5897653977076212,0.05591146647930145,0.5333333333333333
5,0.0589202918112278,0.05746284574270248,1.4574450810750326,0.05733393877744675,0.5
6,0.06050539265076319,0.058949042856693265,1.5563497145970662,0.055569037795066833,0.4666666666666667
7,0.05640973746776581,0.05508328229188919,1.3264546354611715,0.06755448877811432,0.5666666666666667
8,0.06166870594024658,0.06008055880665779,1.5881470998128255,0.06159043684601784,0.6
9,0.057530120760202405,0.05592865819732348,1.601462678114573,0.06759640574455261,0.5166666666666667
10,0.06019515270988147,0.05876253768801689,1.432615041732788,0.0622456818819046,0.5833333333333334
11,0.06017276793718338,0.05844716578722,1.7256021738052367,0.0532386340200901,0.5833333333333334
12,0.05629975746075312,0.05497715895374616,1.3225986083348593,0.05232023447751999,0.48333333333333334
13,0.05856881638367971,0.057124759753545126,1.444056510925293,0.06393177062273026,0.5833333333333334
14,0.061971497784058256,0.06060743456085523,1.364062738418579,0.05933387577533722,0.4666666666666667
15,0.05933320547143618,0.05795424059033394,1.3789649724960327,0.05077372491359711,0.5833333333333334
16,0.05971574485301971,0.05821342592438062,1.502318557103475,0.05981075391173363,0.45
17,0.06332567433516184,0.061725958188374834,1.599715522925059,0.055469851940870285,0.4666666666666667
18,0.05932243640224139,0.05799435128768285,1.3280855536460876,0.06082428619265556,0.6166666666666667
19,0.05653794879714648,0.05538081501921018,1.1571337779362996,0.05119681358337402,0.48333333333333334
20,0.05922506774465243,0.05771173040072123,1.5133373816808064,0.050890155136585236,0.6166666666666667
21,0.0573252076903979,0.05606177101532618,1.2634368499120077,0.05147259682416916,0.5166666666666667
22,0.057281613598267236,0.05615369776884715,1.1279162724812826,0.05322577804327011,0.5
23,0.0560024897257487,0.054777845988670984,1.224643309911092,0.0807676687836647,0.55
24,0.06181107064088186,0.06057834227879842,1.2327280402183534,0.047823041677474976,0.5333333333333333
25,0.05650948534409205,0.055270023395617804,1.2394617199897766,0.05628696084022522,0.43333333333333335
26,0.06117985596259435,0.05992933362722397,1.2505224784215292,0.05131296440958977,0.6333333333333333
27,0.06267082691192627,0.061279726773500444,1.391099472840627,0.05212894082069397,0.5333333333333333
28,0.0557725856701533,0.0544625627497832,1.3100228865941366,0.05077647045254707,0.5166666666666667
29,0.05621899714072545,0.05507346168160439,1.1455352624257407,0.05141023173928261,0.6
30,0.057717475295066836,0.056485932568709055,1.2315434694290162,0.05278826132416725,0.4666666666666667
31,0.0590027612944444,0.057647599776585894,1.355161686738332,0.05785218998789787,0.35
32,0.057316973060369494,0.055899038910865784,1.4179339488347371,0.06083700805902481,0.6166666666666667
33,0.05672911231716474,0.055573775867621106,1.155336598555247,0.04966118559241295,0.5166666666666667
34,0.053956381728251776,0.052838291972875595,1.1180896798769633,0.05745672434568405,0.55
35,0.05760540813207626,0.056232640395561855,1.3727677742640176,0.08360230177640915,0.5
36,0.062455342958370845,0.061299746731917064,1.155596709251404,0.05551938712596893,0.5
37,0.05532719840606053,0.05426990489164988,1.0572938958803813,0.051359064877033234,0.4166666666666667
38,0.05789349302649498,0.05654078076283137,1.3527120073636374,0.05042941868305206,0.6333333333333333
39,0.05928326124946277,0.05810127531488737,1.181986387570699,0.05426647141575813,0.48333333333333334
40,0.05646181876460711,0.05539237086971601,1.0694479505221048,0.04999558627605438,0.36666666666666664
41,0.05237047672271729,0.05136520639061928,1.0052700757980346,0.052906256169080734,0.6166666666666667
42,0.05339934254686038,0.05226680636405945,1.1325361490249635,0.06199214980006218,0.5333333333333333
43,0.05877064367135366,0.0572876679400603,1.4829755544662475,0.05174907296895981,0.5666666666666667
44,0.05472802643974622,0.053647835304339725,1.0801918546358744,0.05418682098388672,0.5
45,0.05615046918392182,0.05495059366027514,1.1998751680056254,0.06006798520684242,0.5166666666666667
46,0.056750331570704776,0.0552634671330452,1.4868645588556926,0.060627009719610214,0.4666666666666667
47,0.06031626388430596,0.05897730737924576,1.3389564633369446,0.053427040576934814,0.43333333333333335
48,0.060315866271654764,0.059061604489882784,1.2542610923449198,0.05373008921742439,0.6166666666666667
49,0.05384535516301791,0.05276153137286504,1.0838236371676127,0.06693845987319946,0.5666666666666667
50,0.05914385889967282,0.05781539604067802,1.3284627119700114,0.05994046479463577,0.4166666666666667
51,0.060271831105152766,0.05878232171138128,1.4895095984141031,0.052711281925439835,0.4
52,0.05708021620909373,0.05571462412675222,1.3655916293462118,0.05623224377632141,0.45
53,0.05496929561098417,0.05376327534516653,1.2060204148292542,0.05202867463231087,0.4
54,0.053240798662106195,0.05234744002421697,0.8933588624000549,0.066998690366745,0.5
55,0.057645367830991744,0.0564106876651446,1.2346799770991008,0.05506018176674843,0.5166666666666667
56,0.05687956859668096,0.055601897090673445,1.2776710788408916,0.054912373423576355,0.6166666666666667
57,0.054249057670434316,0.05314872786402702,1.1003297726313273,0.0564330630004406,0.5833333333333334
58,0.05448501780629158,0.05340425570805867,1.0807623386383056,0.05948782339692116,0.48333333333333334
59,0.05478249192237854,0.05378759851058324,0.9948936184247335,0.051736876368522644,0.48333333333333334
60,0.05560353447993596,0.05452567165096601,1.0778618375460307,0.058964867144823074,0.5333333333333333
61,0.05547161748011907,0.05438698803385099,1.084629241625468,0.056731581687927246,0.45
62,0.05443345904350281,0.053366754204034805,1.0667048613230388,0.05089699104428291,0.5666666666666667
63,0.055596212794383364,0.05429223751028379,1.3039758801460266,0.05219177156686783,0.6
64,0.0533495657145977,0.05217174018422763,1.1778247038523355,0.05047646909952164,0.6333333333333333
65,0.053387926022211714,0.052396491169929504,0.9914346893628438,0.049648184329271317,0.4166666666666667
66,0.0576056403418382,0.05662522166967392,0.9804185152053833,0.06280764192342758,0.5333333333333333
67,0.05977763235569,0.05824603388706843,1.5315984606742858,0.05785922706127167,0.55
68,0.05451234330733617,0.05298206259806951,1.5302802681922913,0.06534731388092041,0.55
69,0.05708062102397283,0.05600297252337138,1.0776482820510864,0.05712847784161568,0.48333333333333334
70,0.05468245098988215,0.05355001414815585,1.132437252998352,0.057383544743061066,0.48333333333333334
71,0.05722807422280311,0.05586499671141307,1.3630774339040121,0.06247307360172272,0.5
72,0.05504225467642148,0.05396656741698583,1.0756875197092692,0.054759226739406586,0.35
73,0.05563264712691307,0.05451147605975469,1.1211709101994833,0.06139851734042168,0.5833333333333334
74,0.055269768089056016,0.05412106414635976,1.148703944683075,0.05698039382696152,0.6
75,0.05117255126436551,0.049936274190743764,1.2362771113713582,0.06296797096729279,0.5
76,0.05732995544870694,0.05625050788124402,1.0794469396273294,0.05399974063038826,0.4666666666666667
77,0.056634189436833064,0.05544091487924258,1.1932743628819784,0.05820511654019356,0.4
78,0.05619745130340258,0.05506342848141988,1.13402232726415,0.05136917904019356,0.5333333333333333
79,0.057489121705293654,0.05612633898854256,1.3627827684084575,0.06467094272375107,0.6166666666666667
80,0.057737531264623006,0.056244719525178274,1.492811878522237,0.05479016900062561,0.5
81,0.05405264273285866,0.052855893472830456,1.1967495640118917,0.05909856781363487,0.4666666666666667
82,0.05338988949855169,0.05213725169499715,1.2526378631591797,0.05360943824052811,0.38333333333333336
83,0.05390030468503634,0.05269166131814321,1.2086435516675313,0.06105199083685875,0.6
84,0.06230574970444044,0.061007126669089,1.2986233552296957,0.06274102628231049,0.48333333333333334
85,0.055416275809208555,0.054352554678916934,1.0637203017870585,0.061674997210502625,0.5666666666666667
86,0.053578035533428194,0.0526380866765976,0.9399485945701599,0.0580415315926075,0.5
87,0.055492931107680006,0.05432764937480291,1.1652819554011027,0.05540655553340912,0.36666666666666664
88,0.05242241745193799,0.05123527993758519,1.1871375719706216,0.05567842349410057,0.38333333333333336
89,0.053898084660371146,0.05274189983805021,1.15618497133255,0.0662989467382431,0.45
90,0.05857042744755745,0.05745556950569153,1.1148579279581705,0.059970609843730927,0.43333333333333335
91,0.054154943923155466,0.05283007447918256,1.3248695691426595,0.06161347031593323,0.5333333333333333
92,0.05344015980760256,0.05229749083518982,1.1426687796910604,0.0567341223359108,0.5
93,0.052691829452912016,0.05154888182878494,1.142947542667389,0.05475252866744995,0.6
94,0.05536486754814784,0.054211953282356264,1.1529141624768575,0.056010209023952484,0.6166666666666667
95,0.054601214329401654,0.05333802302678426,1.2631914496421814,0.05940860137343407,0.4166666666666667
96,0.05840886582930883,0.05723499705394109,1.1738685846328736,0.05305501073598862,0.6166666666666667
97,0.05697733014822006,0.05585536907116572,1.1219602545102438,0.05857572704553604,0.4
98,0.053689452509085335,0.05252190803488096,1.1675442814826966,0.05220784991979599,0.4666666666666667
99,0.05312676876783371,0.051984730362892154,1.1420385599136353,0.05406777188181877,0.4666666666666667
100,0.05306776463985443,0.051936888694763185,1.1308762987454732,0.05270715430378914,0.5333333333333333
101,0.051894414921601614,0.05080716932813326,1.0872458934783935,0.0585143119096756,0.5
102,0.05512703036268552,0.05394238357742628,1.1846469600995382,0.06905458122491837,0.43333333333333335
103,0.06110924705862999,0.05983188450336456,1.2773621916770934,0.0593276172876358,0.38333333333333336
104,0.052216501285632454,0.05133643920222918,0.8800622463226319,0.05369475111365318,0.5333333333333333
105,0.05391852657000224,0.052816754082838695,1.1017722566922505,0.05947823077440262,0.6166666666666667
106,0.0550951786339283,0.05363779986898105,1.4573783715566,0.05535123497247696,0.48333333333333334
107,0.054642102867364886,0.05349050064881643,1.1516025384267172,0.059043798595666885,0.6166666666666667
108,0.056375978887081145,0.055180855592091876,1.1951231161753337,0.06635549664497375,0.36666666666666664
109,0.05683304990331332,0.05544592837492625,1.3871210892995198,0.05932801216840744,0.5833333333333334
110,0.055894702672958374,0.05458892335494359,1.3057793656984964,0.06636637449264526,0.48333333333333334
111,0.05876422375440597,0.05775192230939865,1.012302033106486,0.0631089136004448,0.3333333333333333
112,0.05320087820291519,0.05223544140656789,0.9654372533162435,0.05525659769773483,0.6333333333333333
113,0.05724494581421216,0.05613040079673131,1.1145447572072347,0.05643647164106369,0.5
114,0.054655986527601876,0.053473681956529615,1.1823047359784444,0.06875742971897125,0.55
115,0.05418932512402534,0.05294315045078595,1.2461743354797363,0.054508548229932785,0.43333333333333335
116,0.0536495732764403,0.0526358425617218,1.013729699452718,0.0584561750292778,0.43333333333333335
117,0.05398547227183978,0.05286201313138008,1.1234593629837035,0.05464722961187363,0.43333333333333335
118,0.05297692989309629,0.05186427757143974,1.1126525481541951,0.053233250975608826,0.5833333333333334
119,0.05231527810295423,0.05133324836691221,0.9820295929908752,0.052047889679670334,0.6333333333333333
120,0.05131695369879405,0.05033948744336764,0.9774661938349406,0.0531872920691967,0.45
121,0.05472048322359721,0.053570517152547834,1.149965751171112,0.05515311658382416,0.43333333333333335
122,0.05179065143068631,0.05058574924866358,1.2049017667770385,0.06384488195180893,0.5
123,0.06099605535467466,0.05988718196749687,1.108873931566874,0.05469994246959686,0.5166666666666667
124,0.05133741088211537,0.050310908009608586,1.0265029668807983,0.05261824652552605,0.5833333333333334
125,0.054305928448836006,0.05334195246299108,0.9639764229456583,0.07095390558242798,0.48333333333333334
126,0.06096067254741987,0.05990874692797661,1.0519251704216004,0.05334003269672394,0.5666666666666667
127,0.058658790588378903,0.05756531481941541,1.0934762477874755,0.06393005698919296,0.48333333333333334
128,0.059066050499677655,0.05779628331462542,1.269767435391744,0.0539558045566082,0.6
129,0.055593864619731904,0.05442362080017726,1.1702434778213502,0.07824205607175827,0.48333333333333334
130,0.05710043633977572,0.05599563742677371,1.1047989845275878,0.06373145431280136,0.36666666666666664
131,0.05587923626104991,0.05476057628790538,1.1186599651972453,0.06011040136218071,0.5333333333333333
132,0.056403403729200365,0.055214498192071915,1.1889058073361716,0.08202486485242844,0.38333333333333336
133,0.06068322658538818,0.05953065901994705,1.1525676051775615,0.0627235472202301,0.4666666666666667
134,0.055977099637190504,0.054909435411294304,1.0676648338635764,0.055234480649232864,0.55
135,0.05162118077278137,0.050732685873905815,0.8884941101074219,0.0530816912651062,0.4666666666666667
136,0.05047515705227852,0.04954508716861407,0.9300695816675822,0.05524458736181259,0.6166666666666667
137,0.05326627468069394,0.05226433624823888,1.0019385933876037,0.052051179111003876,0.4
138,0.05397104720274607,0.05278737296660741,1.1836745540301006,0.053855735808610916,0.6333333333333333
139,0.05002164915204048,0.04891590898235639,1.1057405710220336,0.05382740870118141,0.5333333333333333
140,0.053417200595140456,0.05232031866908073,1.0968815485636394,0.05573466047644615,0.45
141,0.05206379542748133,0.05105334098140399,1.0104548494021097,0.05737466365098953,0.5
142,0.053384580463171,0.05229715754588445,1.0874230066935222,0.05804944783449173,0.6
143,0.056093810498714446,0.05501601149638494,1.0777981956799825,0.06015520170331001,0.5666666666666667
144,0.059221531450748446,0.05795099834601084,1.2705328265825908,0.06252226233482361,0.5666666666666667
145,0.055535345276196794,0.054294990251461665,1.2403549234072366,0.055600475519895554,0.5333333333333333
146,0.05872879102826119,0.05748322233557701,1.2455686211586,0.06084110215306282,0.5166666666666667
147,0.06276988461613656,0.06135188117623329,1.4180034875869751,0.06288722157478333,0.4166666666666667
148,0.055341425041357674,0.054209722330172856,1.1317028959592184,0.05696598067879677,0.5333333333333333
149,0.054233260452747345,0.05309154863158862,1.1417118668556214,0.06149151176214218,0.55
150,0.05229938526948293,0.05128906642397245,1.0103184858957925,0.06300996243953705,0.4666666666666667
151,0.05224634259939194,0.0512552114824454,0.991131051381429,0.05339138209819794,0.5
152,0.05218626161416372,0.05126608510812124,0.9201767643292745,0.05385503172874451,0.6
153,0.053295698513587314,0.05230203767617544,0.9936604817708333,0.05200963094830513,0.4666666666666667
154,0.05393292009830475,0.052784057706594466,1.1488621234893799,0.07057378441095352,0.45
155,0.05625047658880552,0.05518383656938871,1.0666403810183207,0.05718124285340309,0.5666666666666667
156,0.05496709470947583,0.053750604887803394,1.216490129629771,0.05740291252732277,0.55
157,0.056246015677849454,0.05494438161452611,1.30163467725118,0.0575852207839489,0.6166666666666667
158,0.05429030135273934,0.053018468370040255,1.2718326767285666,0.057445358484983444,0.5666666666666667
159,0.05367121373613675,0.0524835745493571,1.1876394748687744,0.05383770540356636,0.4666666666666667
160,0.05342304160197576,0.05227343738079071,1.149604574839274,0.059097059071063995,0.48333333333333334
161,0.0539965791006883,0.052981672684351604,1.0149059732755026,0.05637112632393837,0.4166666666666667
162,0.05277621448040008,0.051700167606274286,1.076046613852183,0.05352184548974037,0.5333333333333333
163,0.0530623825887839,0.05201700205604235,1.0453802188237509,0.05479017272591591,0.6166666666666667
164,0.052037318547566734,0.05100275973478953,1.0345583279927573,0.055687807500362396,0.6333333333333333
165,0.05350542863210042,0.05231427475810051,1.1911534984906516,0.054412368685007095,0.6
166,0.05388858790198962,0.05272075533866882,1.1678316632906596,0.05867829546332359,0.4166666666666667
167,0.053318152825037636,0.05199966977039973,1.3184833804766336,0.05388485640287399,0.4666666666666667
168,0.05168764864404996,0.050693527609109876,0.9941210786501566,0.05268902704119682,0.5833333333333334
169,0.04904275089502334,0.04801377157370249,1.0289790670077006,0.056820549070835114,0.55
170,0.05253392507632573,0.05145177220304807,1.0821532050768534,0.056772056967020035,0.6
171,0.05176030496756236,0.050586887449026105,1.1734171112378438,0.05478107929229736,0.4666666666666667
172,0.050461634248495105,0.04942745094497999,1.0341835578282674,0.06267411261796951,0.6166666666666667
173,0.05500039036075274,0.05398862635095914,1.0117634216944376,0.06028662621974945,0.6166666666666667
174,0.05361598233381907,0.05263054991761843,0.9854321519533793,0.05458081141114235,0.5
175,0.05300846099853516,0.05206065426270167,0.9478064179420471,0.056571029126644135,0.4666666666666667
176,0.0528391070663929,0.05181045085191727,1.028656037648519,0.05821370705962181,0.4666666666666667
177,0.05086962232987086,0.04995861997207006,0.9110026160875956,0.05255846679210663,0.6
178,0.05168025692303976,0.05060816158850988,1.072095549106598,0.05980496108531952,0.4666666666666667
179,0.05611862639586131,0.0550769234697024,1.0417035182317098,0.07116249203681946,0.5333333333333333
180,0.060979044437408446,0.05953796977798144,1.441074792544047,0.059372592717409134,0.55
181,0.0521199273566405,0.051042310893535614,1.0776160597801208,0.06703198701143265,0.55
182,0.054610980302095415,0.0536177600423495,0.9932197531064352,0.058146797120571136,0.5666666666666667
183,0.05269977649052938,0.051724061866601306,0.9757148861885071,0.05600558966398239,0.5666666666666667
184,0.05602964485685031,0.054604497055212656,1.4251475175221762,0.0614553727209568,0.55
185,0.05261381690700849,0.051404059926668806,1.209757419427236,0.0537431426346302,0.4666666666666667
186,0.05937903200586637,0.058168247590462366,1.2107847094535829,0.05784481018781662,0.45
187,0.05556917165716489,0.05436756834387779,1.2016032298405965,0.0541854165494442,0.5166666666666667
188,0.05035657808184624,0.04932886088887851,1.0277175625165305,0.055204760283231735,0.5666666666666667
189,0.05285604918996493,0.05184117034077644,1.014878304799398,0.05839703977108002,0.4666666666666667
190,0.053904389341672264,0.05264883115887642,1.2555584073066712,0.06067311018705368,0.5833333333333334
191,0.0544238731265068,0.053274632742007576,1.1492413520812987,0.06080389395356178,0.4666666666666667
192,0.055890050778786345,0.054813217868407565,1.0768329779307046,0.06067155674099922,0.43333333333333335
193,0.05429893309871356,0.053192769984404246,1.1061631520589192,0.055909182876348495,0.5
194,0.05217243358492851,0.05120774408181508,0.9646896441777547,0.06228950247168541,0.43333333333333335
195,0.05631777693827947,0.05501086364189784,1.3069134473800659,0.07546786963939667,0.38333333333333336
196,0.0629070890446504,0.06173784856994947,1.169240419069926,0.0699973776936531,0.38333333333333336
197,0.06113013997673988,0.05974178028603395,1.3883589585622151,0.059121303260326385,0.5166666666666667
198,0.05425966928402583,0.05320894196629524,1.0507271806399028,0.05847783386707306,0.38333333333333336
199,0.0521719716489315,0.05109709426760674,1.074877099196116,0.05411744490265846,0.4666666666666667
200,0.051658365627129874,0.050603512674570084,1.05485284725825,0.056285422295331955,0.5666666666666667
201,0.05399985338250796,0.05283517241477966,1.1646812438964844,0.06276113539934158,0.5
202,0.05393088435133298,0.05271892671783765,1.211957613627116,0.05440761148929596,0.55
203,0.055921439081430435,0.05475815211733182,1.1632867256800334,0.05831623822450638,0.38333333333333336
204,0.052933325370152794,0.05170192966858546,1.2313956181208292,0.055802587419748306,0.43333333333333335
205,0.05557158539692561,0.054403864840666456,1.167720329761505,0.05544615909457207,0.55
206,0.05444822038213412,0.05338270391027133,1.0655165870984395,0.059661462903022766,0.5833333333333334
207,0.05423980181415876,0.05311080912748973,1.1289927124977113,0.06551356613636017,0.5833333333333334
208,0.05782560879985491,0.05641709864139557,1.4085099935531615,0.05394185334444046,0.55
209,0.0522140197455883,0.05095867738127709,1.2553422490755717,0.05493761599063873,0.6
210,0.05363683601220449,0.052528842041889824,1.1079940954844156,0.06307315081357956,0.5333333333333333
211,0.05624203955133756,0.0551167202492555,1.125319810708364,0.05615176633000374,0.45
212,0.05150514071186384,0.05038329462210337,1.1218456625938416,0.060087546706199646,0.5
213,0.05540900677442551,0.05416520535945892,1.2438020269076029,0.05522216483950615,0.6
214,0.05238987555106481,0.05135789488752683,1.0319805860519409,0.05648957937955856,0.48333333333333334
215,0.0543984812994798,0.05318072239557902,1.21775883436203,0.059376928955316544,0.5166666666666667
216,0.05153725743293762,0.0505164032181104,1.0208544532457988,0.06264499574899673,0.48333333333333334
217,0.05305265337228775,0.052088264872630435,0.964388906955719,0.056863851845264435,0.5333333333333333
218,0.051970445364713666,0.05101357350746791,0.9568717082341512,0.056470464915037155,0.4166666666666667
219,0.052874344090620674,0.05174623802304268,1.1281054417292278,0.05628855153918266,0.4166666666666667
220,0.051560525844494505,0.050480212767918906,1.0803126613299052,0.05746128410100937,0.5833333333333334
221,0.05179292410612106,0.050807302941878636,0.9856210867563884,0.05672726780176163,0.6166666666666667
222,0.05459296057621638,0.05358437150716781,1.008588679631551,0.05597222223877907,0.45
223,0.052058005581299464,0.051058528820673625,0.999476416905721,0.0529048852622509,0.4166666666666667
224,0.052391341080268224,0.05131451338529587,1.0768277605374654,0.054911524057388306,0.5833333333333334
225,0.05078655903538068,0.049704812467098236,1.0817460656166076,0.05473310872912407,0.5666666666666667
226,0.048931082834800084,0.047998398045698804,0.932685108979543,0.055584266781806946,0.43333333333333335
227,0.04923530742526054,0.04833641325434049,0.8988938768704732,0.0554068386554718,0.4166666666666667
228,0.05038813352584839,0.0493835819264253,1.0045518120129904,0.0548626072704792,0.5
229,0.04990746503074964,0.04891351014375687,0.9939546942710876,0.05399097874760628,0.4
230,0.05132395550608635,0.05039746140440305,0.9264939785003662,0.061322104185819626,0.38333333333333336
231,0.055125705401102704,0.054037818560997646,1.0878867189089456,0.05346216633915901,0.5333333333333333
232,0.049952480693658194,0.04897528563936551,0.9771956682205201,0.05528837442398071,0.5166666666666667
233,0.05220939020315806,0.05109141170978546,1.1179781357447307,0.05395723506808281,0.4666666666666667
234,0.05158267393708229,0.05043749238053958,1.1451814850171407,0.05463351309299469,0.4166666666666667
235,0.04937604169050853,0.04833956062793732,1.0364809075991313,0.0567498505115509,0.4666666666666667
236,0.04950824975967407,0.04841790584226449,1.0903437773386637,0.06182457506656647,0.48333333333333334
237,0.05903346315026283,0.05786114186048508,1.1723212758700052,0.05355704203248024,0.5166666666666667
238,0.05196565687656403,0.05096646199623744,0.9991949915885925,0.06521473079919815,0.5666666666666667
239,0.0540229673186938,0.05281365215778351,1.2093151768048604,0.05823146179318428,0.5166666666666667
240,0.05092880030473073,0.04980778122941653,1.1210191011428834,0.05908621475100517,0.5333333333333333
241,0.053319298475980756,0.052145588149627047,1.1737098177274068,0.06274537742137909,0.5666666666666667
242,0.054796226074298224,0.05374998872478803,1.0462373495101929,0.053187642246484756,0.5666666666666667
243,0.05672523304820061,0.05523796205719312,1.4872711022694907,0.06451287865638733,0.48333333333333334
244,0.05260799825191498,0.05159167697032293,1.0163209835688274,0.05766656622290611,0.4166666666666667
245,0.0531489039460818,0.05205854798356692,1.0903560360272726,0.054637361317873,0.4
246,0.054139437278111775,0.052934740732113524,1.2046964287757873,0.056619010865688324,0.55
247,0.05313231746355693,0.05188514068722725,1.2471767624219259,0.05153006315231323,0.43333333333333335
248,0.05205269952615102,0.05101267993450165,1.0400191108385721,0.06352011859416962,0.5166666666666667
249,0.05169917792081833,0.05065879970788956,1.0403780539830525,0.05357302352786064,0.5166666666666667
250,0.04907319669922193,0.04810504789153735,0.9681489825248718,0.05616491287946701,0.6
251,0.05767497842510541,0.05650429204106331,1.1706858197848002,0.06061414256691933,0.6166666666666667
252,0.05327978779872258,0.05218399415413539,1.0957930564880372,0.05972403660416603,0.5
253,0.052020386109749475,0.05097704405585925,1.0433424790700276,0.05982771888375282,0.55
254,0.05435339038570722,0.05318422441681226,1.1691660761833191,0.05518912523984909,0.45
255,0.052794546633958814,0.05167856911818187,1.1159775018692017,0.06810852140188217,0.4166666666666667
256,0.05559474974870682,0.05447719270984332,1.1175570845603944,0.059059008955955505,0.4
257,0.053144170343875884,0.05198284288247426,1.1613272229830425,0.0527728907763958,0.6166666666666667
258,0.053224620223045346,0.052284735689560574,0.939884344736735,0.07334136962890625,0.4666666666666667
259,0.05250434279441833,0.051565629243850705,0.9387135624885559,0.052447360008955,0.6
260,0.05004682118693988,0.04909497772653897,0.951844040552775,0.05857328698039055,0.6166666666666667
261,0.05300944199164708,0.05174790546298027,1.2615363160769144,0.05640775337815285,0.55
262,0.05293229992190997,0.05186220159133275,1.0700982054074606,0.05760508030653,0.55
263,0.05326131756107012,0.05182597041130066,1.4353464484214782,0.05721461772918701,0.43333333333333335
264,0.050673561791578926,0.04946998655796051,1.2035749554634094,0.054856326431035995,0.55
265,0.0478374848763148,0.04694642486671607,0.8910599112510681,0.0533607080578804,0.48333333333333334
266,0.04981934328873952,0.04893640900651614,0.8829342365264893,0.0551934652030468,0.45
267,0.048956656455993654,0.04796713913480441,0.9895170291264852,0.05981617048382759,0.6166666666666667
268,0.050022620459397635,0.048866136868794756,1.1564838727315268,0.057330623269081116,0.6
269,0.05256368964910507,0.051380739112695056,1.1829503734906515,0.05606350302696228,0.5166666666666667
270,0.052929315716028214,0.05168208082516988,1.2472352623939513,0.0548672080039978,0.5166666666666667
271,0.05201698690652847,0.050989637772242226,1.0273493607838948,0.06381377577781677,0.45
272,0.05192221601804097,0.05095750987529755,0.9647062341372172,0.05627406761050224,0.4166666666666667
273,0.04958240762352943,0.048614708334207536,0.9676989356676737,0.053725916892290115,0.55
274,0.050411191085974374,0.04952083826065064,0.8903526504834492,0.05769649147987366,0.43333333333333335
275,0.0521135409673055,0.051141584167877834,0.971956443786621,0.05483706668019295,0.43333333333333335
276,0.05138547619183858,0.0504190335671107,0.9664421121279398,0.055915821343660355,0.43333333333333335
277,0.053360303243001304,0.05233855793873469,1.0217451731363931,0.053696159273386,0.38333333333333336
278,0.05567184612154961,0.054634690284729004,1.0371556719144186,0.053636595606803894,0.4
279,0.053304052104552586,0.05220685054858525,1.097201406955719,0.05550043284893036,0.48333333333333334
280,0.05240984732906024,0.05129148463408152,1.1183631380399068,0.06434562057256699,0.5
281,0.05248224784930547,0.051166560500860214,1.3156870047251383,0.056014180183410645,0.48333333333333334
282,0.04813354710737864,0.047123335550228754,1.0102115114529928,0.058209557086229324,0.5833333333333334
283,0.05165255591273308,0.05061442280809084,1.0381332278251647,0.05554443225264549,0.5833333333333334
284,0.050660535444815954,0.04952866857250531,1.1318668842315673,0.05705370008945465,0.5
285,0.0485922634601593,0.0475542942682902,1.0379690607388814,0.05293247848749161,0.55
286,0.04868603845437368,0.04776600922147433,0.9200295011202494,0.055552635341882706,0.5833333333333334
287,0.05156180982788404,0.05062787483135859,0.9339344541231791,0.05992056801915169,0.5166666666666667
288,0.05382953857382138,0.05278638377785683,1.043154807885488,0.05246910825371742,0.5166666666666667
289,0.050438229988018675,0.04941621422767639,1.0220159967740376,0.056600525975227356,0.5
290,0.05172308161854744,0.05057726949453354,1.1458125154177348,0.057332444936037064,0.6166666666666667
291,0.0553516685962677,0.053893368939558664,1.4582999070485434,0.05650752782821655,0.6
292,0.050489846616983414,0.04951336309313774,0.976482872168223,0.057357799261808395,0.4166666666666667
293,0.05180826708674431,0.05078040957450867,1.027857772509257,0.055948469787836075,0.43333333333333335
294,0.051163945347070694,0.05026536459724108,0.8985808690388998,0.05764768645167351,0.55
295,0.05811945796012878,0.05677552918593089,1.3439282735188802,0.0706978440284729,0.6
296,0.05749794741471608,0.0562750498453776,1.22289746205012,0.05734139308333397,0.55
297,0.05078908031185468,0.04982605402668317,0.9630263169606527,0.053154222667217255,0.45
298,0.05127140904466311,0.0502267099916935,1.0446993072827657,0.05779024958610535,0.55
299,0.05160812387863795,0.05061074048280716,0.997383185227712,0.055993638932704926,0.55
300,0.05022091343998909,0.04929956644773483,0.921346926689148,0.05711011588573456,0.4666666666666667
301,0.05203746408224106,0.051136846840381625,0.900616975625356,0.05708520859479904,0.5
302,0.05103604147831599,0.05014485244949659,0.8911889910697937,0.061021361500024796,0.5333333333333333
303,0.05259613717595736,0.05157222946484884,1.0239079038302104,0.05743476003408432,0.5
304,0.052075644582509996,0.05095609426498413,1.1195502400398254,0.057079583406448364,0.6
305,0.04915096138914426,0.048225685209035876,0.9252760926882426,0.052949126809835434,0.43333333333333335
306,0.05165247619152069,0.0506552276511987,0.9972484985987345,0.06245679035782814,0.4166666666666667
307,0.05285623868306478,0.051686522116263706,1.1697168231010437,0.05884691700339317,0.5166666666666667
308,0.05086977034807205,0.04984292139609655,1.0268487056096396,0.054133445024490356,0.55
309,0.05163321619232496,0.05052237908045451,1.1108371814092,0.05467476323246956,0.6
310,0.051369002709786095,0.05025032982230186,1.118673034509023,0.05839405581355095,0.5
311,0.05434654504060745,0.05318143963813782,1.1651061693827311,0.06502030789852142,0.4666666666666667
312,0.05316164294878642,0.05193982968727748,1.2218133727709453,0.05344210937619209,0.55
313,0.050362540781497954,0.04936913500229518,0.993405803044637,0.06341797858476639,0.5666666666666667
314,0.05546185821294784,0.054378966738780336,1.082891853650411,0.05469731613993645,0.5666666666666667
315,0.05270754223068555,0.051527371257543565,1.1801713943481444,0.05384194850921631,0.6333333333333333
316,0.05137180611491203,0.0504490298529466,0.9227757334709168,0.05791601538658142,0.5
317,0.05156959642966588,0.05062117949128151,0.9484166900316874,0.05373961478471756,0.6
318,0.05022403672337532,0.04931601410110791,0.9080224990844726,0.053173430263996124,0.4666666666666667
319,0.04896419445673625,0.048143861691157024,0.8203328092892964,0.054451365023851395,0.4
320,0.04745845422148705,0.046575333923101425,0.8831207831700643,0.05749678239226341,0.55
321,0.051667604595422745,0.05048321013649305,1.184394625822703,0.051586687564849854,0.6
322,0.05061219458778699,0.049549828718105954,1.0623658974965413,0.0560862198472023,0.5333333333333333
323,0.05049979562560717,0.04946827938159307,1.031516186396281,0.05628562718629837,0.5333333333333333
324,0.05025485083460808,0.04918518265088399,1.0696682254473369,0.05922586843371391,0.55
325,0.04879802316427231,0.047835087031126024,0.962935996055603,0.05745355039834976,0.43333333333333335
326,0.04979873721798261,0.04873265301187833,1.0660841663678486,0.06118619814515114,0.4666666666666667
327,0.05216407477855682,0.05113633722066879,1.0277372598648071,0.05709848180413246,0.6
328,0.05119773199160894,0.05020138621330261,0.9963457425435384,0.054075390100479126,0.35
329,0.048754934966564176,0.047808128595352176,0.9468063910802206,0.056466490030288696,0.4166666666666667
330,0.05008465399344762,0.049230810503164926,0.8538433472315471,0.05264854058623314,0.5833333333333334
331,0.0483855535586675,0.04741799831390381,0.967555292447408,0.057679831981658936,0.6166666666666667
332,0.052778622259696324,0.05160484711329142,1.1737746318181357,0.05741780996322632,0.5666666666666667
333,0.055439688513676325,0.05419336607058843,1.2463223417599996,0.05786384269595146,0.65
334,0.04934084167083105,0.048411952207485835,0.9288895487785339,0.05465185269713402,0.5666666666666667
335,0.049289302279551826,0.048408643404642744,0.8806589484214783,0.053768981248140335,0.5333333333333333
336,0.049527072658141456,0.04860844239592552,0.9186303655306498,0.05407577008008957,0.4166666666666667
337,0.049416862428188324,0.04845932647585869,0.957536244392395,0.05928093194961548,0.48333333333333334
338,0.05009173105160395,0.04920787736773491,0.883853546778361,0.05239010229706764,0.45
339,0.053735231359799705,0.05271068066358566,1.0245500763257345,0.05773701146245003,0.55
340,0.050541128218173983,0.04950941205024719,1.0317158897717793,0.05537031218409538,0.55
341,0.04958714544773102,0.04863612577319145,0.9510192314783732,0.05385807901620865,0.5166666666666667
342,0.04996249104539553,0.0488867312669754,1.0757595539093017,0.05519525334239006,0.6166666666666667
343,0.049131825814644495,0.048114942262570064,1.0168842474619548,0.05654874071478844,0.5666666666666667
344,0.048738496750593184,0.047815441091855364,0.923055624961853,0.05759367719292641,0.48333333333333334
345,0.05258014624317487,0.05157782634099325,1.0023193955421448,0.0578366294503212,0.5833333333333334
346,0.05684482206900914,0.05562402481834094,1.2207979242006937,0.0632329061627388,0.55
347,0.0558454766869545,0.054666504512230554,1.1789725422859192,0.06605307012796402,0.55
348,0.05555582568049431,0.05420710742473602,1.348718516031901,0.05661080405116081,0.5166666666666667
349,0.05087407603859902,0.0496401106317838,1.2339654008547465,0.059239551424980164,0.38333333333333336
350,0.04906722865998745,0.04804522506892681,1.0220037937164306,0.05668196827173233,0.5333333333333333
351,0.05061101367076238,0.04951238185167313,1.0986316084861756,0.052558429539203644,0.6166666666666667
352,0.053605238099892934,0.052344927440087,1.2603099942207336,0.06592708081007004,0.5166666666666667
353,0.05446622048815091,0.05328930666049322,1.176913591225942,0.05790485441684723,0.4166666666666667
354,0.04996616716186206,0.048845950762430826,1.1202163736025492,0.055148493498563766,0.43333333333333335
355,0.05085844943920771,0.04983732849359512,1.0211206475893657,0.057456955313682556,0.48333333333333334
356,0.05070155834158262,0.04974527085820834,0.9562874436378479,0.05659453943371773,0.45
357,0.05109430253505707,0.0499163622657458,1.1779400984446207,0.060017574578523636,0.4666666666666667
358,0.04988870819409688,0.04886284098029137,1.0258673350016276,0.05386260151863098,0.6
359,0.04895461698373159,0.04810124238332113,0.8533750295639038,0.05358218774199486,0.5166666666666667
360,0.050241191188494363,0.04935156827171643,0.8896227558453877,0.05777176097035408,0.43333333333333335
361,0.04989689836899439,0.04889502202471097,1.0018763661384582,0.05886872857809067,0.45
362,0.04808917418122292,0.047189130013187724,0.9000438372294108,0.05004098266363144,0.5
363,0.04971641649802526,0.04874088888367017,0.9755276838938395,0.058891233056783676,0.38333333333333336
364,0.048596520473559696,0.047715341299772264,0.8811795155207316,0.05442926660180092,0.38333333333333336
365,0.048842322826385495,0.04778683533271154,1.0554875214894612,0.05416514351963997,0.4166666666666667
366,0.04772308816512426,0.04679517125089963,0.9279168287913004,0.05357310548424721,0.5833333333333334
367,0.04781607190767924,0.04682985618710518,0.9862157066663106,0.05775677040219307,0.6166666666666667
368,0.05275826702515284,0.05191023573279381,0.8480313539505004,0.07695135474205017,0.5333333333333333
369,0.055767209827899934,0.05471065118908882,1.0565579613049825,0.055652108043432236,0.45
370,0.049055355290571846,0.04807190671563148,0.9834486285845438,0.05078083649277687,0.6
371,0.0510588842133681,0.05018213118116061,0.8767529288927715,0.05895858630537987,0.43333333333333335
372,0.0509872150917848,0.05006145810087522,0.9257573286692301,0.05938739702105522,0.5166666666666667
373,0.05453012039264043,0.05344094733397166,1.08917338848114,0.06472183763980865,0.5833333333333334
374,0.05553146600723267,0.0542939193546772,1.237546193599701,0.0688735693693161,0.55
375,0.05514731804529826,0.054085780928532286,1.061536447207133,0.059816550463438034,0.4166666666666667
376,0.051337383190790814,0.05028595750530561,1.0514252742131551,0.05288779363036156,0.36666666666666664
377,0.052440502246220905,0.051242536803086595,1.197965399424235,0.05941016599535942,0.38333333333333336
378,0.049638206015030543,0.048618666579325995,1.0195393164952595,0.05341740697622299,0.4166666666666667
379,0.049429292480150856,0.04845066120227178,0.9786314765612284,0.06113483011722565,0.5166666666666667
380,0.050866922239462535,0.049767747273047766,1.0991749127705892,0.058008961379528046,0.5
381,0.05069953526059787,0.0496775450805823,1.0219900965690614,0.05751040205359459,0.5333333333333333
382,0.0497430682182312,0.04875225598613421,0.9908123095830281,0.06406712532043457,0.5166666666666667
383,0.05169028465946515,0.05061693092187246,1.0733532031377158,0.05126888304948807,0.5
384,0.05090478459993998,0.0498493271569411,1.055457584063212,0.071604423224926,0.55
385,0.051698849598566694,0.05073334202170372,0.9655073960622151,0.05234468728303909,0.55
386,0.048961393535137177,0.04799205263455709,0.9693408370018005,0.055610619485378265,0.5166666666666667
387,0.04933778407673041,0.04846312776207924,0.8746561566988628,0.05509328097105026,0.5833333333333334
388,0.04883149936795235,0.04785326893130938,0.9782296737035115,0.05955730751156807,0.6166666666666667
389,0.05006119981408119,0.04908797020713488,0.9732298930486043,0.05836358293890953,0.55
390,0.05001259123285611,0.048879755288362504,1.1328355511029562,0.05404540151357651,0.55
391,0.05255203967293103,0.05119345858693123,1.3585813959439597,0.051198966801166534,0.55
392,0.04810939381519953,0.04712045813600222,0.9889362335205079,0.05337367579340935,0.4
393,0.04745965252319972,0.046570978313684466,0.8886745572090149,0.05262620374560356,0.6166666666666667
394,0.05145909612377485,0.05047318041324615,0.9859156052271525,0.054469432681798935,0.6166666666666667
395,0.052453717589378356,0.05131014039119085,1.1435769637425741,0.05209442600607872,0.5166666666666667
396,0.04956558495759964,0.048598366479078926,0.9672183473904927,0.054618097841739655,0.36666666666666664
397,0.0505939448873202,0.04945714051524798,1.1368041197458902,0.0586123988032341,0.5666666666666667
398,0.05488704070448876,0.053667504837115604,1.219535724322001,0.059874553233385086,0.48333333333333334
399,0.047325603167215985,0.04628127167622249,1.0443313678105672,0.05303918570280075,0.48333333333333334
400,0.04740647102395693,0.04651287893454234,0.8935922304789226,0.054560136049985886,0.55
401,0.05313951050241788,0.051816029101610185,1.323480987548828,0.05614195019006729,0.4
402,0.0515008640786012,0.05038031587998072,1.1205481211344401,0.0531437024474144,0.43333333333333335
403,0.05040625606973966,0.04940245747566223,1.003798751036326,0.0582154244184494,0.4666666666666667
404,0.052576051900784175,0.05137227699160576,1.2037745157877604,0.05599832907319069,0.5833333333333334
405,0.05104606548945109,0.05005045433839162,0.9956104834874471,0.05607686564326286,0.5666666666666667
406,0.04891438707709313,0.04799434691667557,0.920040754477183,0.056226059794425964,0.5833333333333334
407,0.052251111964384714,0.05117602994044622,1.0750825881958008,0.05253735929727554,0.4166666666666667
408,0.04787330130736033,0.04683977390329043,1.033527143796285,0.054932158440351486,0.6166666666666667
409,0.04947539443771044,0.048562514533599214,0.9128799080848694,0.0551951564848423,0.5333333333333333
410,0.04660335381825765,0.04577101866404216,0.8323350787162781,0.051537320017814636,0.6
411,0.048027549187342325,0.047137978672981265,0.8895700097084045,0.05311620235443115,0.5166666666666667
412,0.04708207870523135,0.046238399545351666,0.8436788439750671,0.055228423327207565,0.5166666666666667
413,0.050102370977401736,0.0492116741836071,0.8906969666481018,0.05560292676091194,0.55
414,0.048142525802055997,0.0472382885714372,0.9042368451754252,0.054247017949819565,0.5
415,0.0490553118288517,0.048086654394865036,0.9686575492223104,0.06022122502326965,0.5666666666666667
416,0.05341879750291507,0.05229303166270256,1.1257651686668395,0.05601787567138672,0.5333333333333333
417,0.04741032049059868,0.046505627656976384,0.9046931743621827,0.05657103657722473,0.48333333333333334
418,0.05170454581578573,0.050579297542572024,1.12524862686793,0.05943983048200607,0.5333333333333333
419,0.05212350313862165,0.05113525539636612,0.9882478753725688,0.05439833179116249,0.55
420,0.05121486062804858,0.049937098970015845,1.2777622580528258,0.054013125598430634,0.5666666666666667
421,0.04735024745265643,0.04649787123004596,0.8523759404818217,0.05088678374886513,0.48333333333333334
422,0.04656429712971052,0.04568098187446594,0.8833149115244547,0.05215327441692352,0.45
423,0.04770556179185708,0.04667615331709385,1.0294084191322326,0.052662238478660583,0.4666666666666667
424,0.05270467698574066,0.05138259654243787,1.3220803101857503,0.056941647082567215,0.6166666666666667
425,0.05383994107445081,0.05254182741045952,1.2981134057044983,0.053540732711553574,0.55
426,0.05500027040640513,0.05383997758229574,1.1602921724319457,0.058681901544332504,0.48333333333333334
427,0.055763627092043556,0.05453854724764824,1.2250808993975322,0.0541069358587265,0.6166666666666667
428,0.05158683359622955,0.0504803920785586,1.1064412117004394,0.051432035863399506,0.6
429,0.049619771043459576,0.048691371579964955,0.928399384021759,0.052301473915576935,0.5333333333333333
430,0.04952708979447683,0.048567225535710655,0.9598641713460286,0.053260862827301025,0.5333333333333333
431,0.04800584117571513,0.0469969742000103,1.0088669896125793,0.06142134219408035,0.5333333333333333
432,0.05215095952153206,0.05109601840376854,1.0549414952596028,0.05891779437661171,0.4166666666666667
433,0.04873390098412832,0.047801243513822554,0.9326568484306336,0.05728907510638237,0.4666666666666667
434,0.05013666426142057,0.049232088526089984,0.9045755704243977,0.052508626133203506,0.5
435,0.04997442240516345,0.048858469973007836,1.1159525314966838,0.0529417060315609,0.5
436,0.04942806636293729,0.048413738856712976,1.0143275380134582,0.051338452845811844,0.48333333333333334
437,0.04806767577926318,0.047101045151551564,0.9666305780410767,0.058494165539741516,0.6
438,0.0493642712632815,0.04818079968293508,1.1834717512130737,0.052413493394851685,0.5
439,0.047105614095926285,0.0462365485727787,0.869065531094869,0.05582333728671074,0.6166666666666667
440,0.04807999903957049,0.04703921526670456,1.0407838980356852,0.052565623074769974,0.5666666666666667
441,0.04611058483521144,0.04526413877805074,0.8464458783467611,0.05813552066683769,0.5
442,0.05019425352414449,0.04908896485964457,1.1052891731262207,0.04977748915553093,0.5333333333333333
443,0.050436555842558545,0.04954620475570361,0.8903510610262553,0.05826817452907562,0.43333333333333335
444,0.04998695825537046,0.04906942794720332,0.917530091603597,0.055862244218587875,0.5666666666666667
445,0.04939344972372055,0.04849468072255452,0.8987685084342957,0.04955223202705383,0.6166666666666667
446,0.05170748805006345,0.050788380205631256,0.9191080888112386,0.067660391330719,0.43333333333333335
447,0.05619518583019575,0.05505017886559169,1.1450067122777303,0.05647508054971695,0.5166666666666667
448,0.05155918896198273,0.050718090931574505,0.8410983482996622,0.05667991563677788,0.4666666666666667
449,0.050987895826498666,0.050169870257377625,0.818025549252828,0.054047271609306335,0.5166666666666667
450,0.053266672293345134,0.05210807224114736,1.1586000084877015,0.06217348575592041,0.5166666666666667
451,0.05222612495223681,0.05112890849510829,1.0972165584564209,0.05268402397632599,0.4
452,0.0500631719827652,0.049051883568366365,1.0112878481547039,0.05343139171600342,0.48333333333333334
453,0.05137602463364601,0.050275712211926775,1.100311827659607,0.056090738624334335,0.5333333333333333
454,0.053189428399006526,0.052040340503056844,1.149087385336558,0.05540306866168976,0.4666666666666667
455,0.050918172548214596,0.04993642171223958,0.9817511836687723,0.05314725637435913,0.38333333333333336
456,0.05327401906251907,0.052083341280619304,1.190678028265635,0.0630335658788681,0.4666666666666667
457,0.054391408960024513,0.05329067533214887,1.1007332921028137,0.05650663748383522,0.55
458,0.05138063952326775,0.05035820156335831,1.0224381724993388,0.05111796408891678,0.5833333333333334
459,0.051697322229544325,0.05062957306702932,1.0677493969599405,0.05821240320801735,0.5666666666666667
460,0.052045542001724246,0.05093486209710439,1.1106801907221475,0.059078775346279144,0.6333333333333333
461,0.057563036183516186,0.05610352282722791,1.459513250986735,0.05133435130119324,0.6166666666666667
462,0.05196138893564542,0.05080987140536308,1.1515169699986776,0.05125679820775986,0.6166666666666667
463,0.04832239126165708,0.04744521379470825,0.8771773298581441,0.052247367799282074,0.45
464,0.04855268026391665,0.04769754111766815,0.8551391323407491,0.0485173724591732,0.5
465,0.050352578361829124,0.04939636662602424,0.9562118291854859,0.05278874933719635,0.4666666666666667
466,0.04929685468475024,0.048320867121219635,0.9759873270988464,0.05415454879403114,0.6
467,0.05069476788242658,0.04958753113945325,1.1072364330291748,0.06049880385398865,0.55
468,0.0532354104022185,0.0521067276597023,1.1286824941635132,0.05654916167259216,0.4666666666666667
469,0.05170699109633763,0.05076035608847936,0.9466338555018107,0.056530583649873734,0.5833333333333334
470,0.05292467499772708,0.05190460880597433,1.0200659155845642,0.055290836840867996,0.5166666666666667
471,0.052377290775378546,0.051338802774747214,1.038488233089447,0.05844290181994438,0.5666666666666667
472,0.05345085809628169,0.052388142546017966,1.0627157807350158,0.058190494775772095,0.5
473,0.05348014086484909,0.05231791138648987,1.1622292558352152,0.05436697602272034,0.5
474,0.04910224974155426,0.04821402256687482,0.8882273077964783,0.049559202045202255,0.48333333333333334
475,0.04829625710844994,0.04746176352103551,0.8344934264818827,0.05048413947224617,0.5833333333333334
476,0.05014339064558347,0.04911351849635442,1.0298721432685851,0.053350552916526794,0.45
477,0.049950829893350604,0.048858851691087085,1.0919782400131226,0.04972292110323906,0.4666666666666667
478,0.052884418765703836,0.051812330881754555,1.0720876733462015,0.054093409329652786,0.48333333333333334
479,0.04872030218442281,0.04766007363796234,1.0602286497751872,0.04874267801642418,0.55
480,0.050383014231920244,0.04932727962732315,1.055734395980835,0.05276951193809509,0.5833333333333334
481,0.04948577433824539,0.04855040833353996,0.9353661417961121,0.051279108971357346,0.48333333333333334
482,0.05054533158739408,0.04958697507778804,0.9583564162254333,0.061091348528862,0.5666666666666667
483,0.05780813843011856,0.05677300840616226,1.035129710038503,0.05328026041388512,0.65
484,0.05312653134266535,0.05204296832283338,1.083561940987905,0.05376262217760086,0.48333333333333334
485,0.05137062047918638,0.05036616548895836,1.004454755783081,0.050989553332328796,0.5333333333333333
486,0.05091545879840851,0.05001250331600507,0.9029558459917705,0.050599418580532074,0.6
487,0.04913262029488882,0.04818317070603371,0.9494488835334778,0.059833601117134094,0.5333333333333333
488,0.05499865288535754,0.05366076131661733,1.3378914674123128,0.0501268208026886,0.5333333333333333
489,0.04977869689464569,0.048738407095273335,1.0402895053227743,0.05173184350132942,0.5166666666666667
490,0.048208529502153395,0.04732810258865357,0.8804270307223002,0.05324018746614456,0.38333333333333336
491,0.04787907948096593,0.046971414734919864,0.907664680480957,0.05314796417951584,0.48333333333333334
492,0.0502949632704258,0.04916859815518061,1.1263649622599283,0.05308493226766586,0.45
493,0.049128608653942744,0.04804728974898656,1.0813189069430034,0.06151275336742401,0.48333333333333334
494,0.05272347802917163,0.05179087395469348,0.9326046864191692,0.051348939538002014,0.5
495,0.04865818346540133,0.047753816346327464,0.9043667991956075,0.053166713565588,0.38333333333333336
496,0.04877987578511238,0.04790982777873675,0.8700475772221883,0.04734456166625023,0.6166666666666667
497,0.05016662925481796,0.04926507671674093,0.9015527884165446,0.0500914491713047,0.6333333333333333
498,0.049642700950304666,0.04863922794659933,1.0034732739130656,0.0483328178524971,0.6333333333333333
499,0.047727620353301366,0.04683570936322212,0.8919107000033061,0.049658820033073425,0.38333333333333336
500,0.049320829162995024,0.04818488558133443,1.1359440803527832,0.0538521483540535,0.38333333333333336
