epoch,train_loss,rmse_loss,trend_loss,val_rmse,val_trend_acc
0,0.17743632048368455,0.16865911334753036,8.77720341682434,0.06194586306810379,0.575
1,0.060005021095275876,0.057666959861914315,2.338061634699504,0.046694301068782806,0.55
2,0.04311714693903923,0.04142360885938009,1.6935383478800456,0.031054699793457985,0.5833333333333334
3,0.03810566837588946,0.036848379547397295,1.25728888909022,0.036010339856147766,0.425
4,0.03877856855591138,0.037577237685521445,1.2013302842775981,0.030085083097219467,0.44166666666666665
5,0.034862982605894405,0.03385519174238046,1.007791487375895,0.028609540313482285,0.48333333333333334
6,0.039230878775318466,0.03800657081107298,1.2243078827857972,0.03250855952501297,0.475
7,0.03825322526196639,0.036933551107843715,1.3196738759676616,0.032022736966609955,0.49166666666666664
8,0.0386963694045941,0.03744594963888327,1.2504199226697286,0.035105716437101364,0.5833333333333334
9,0.03746223735312621,0.03635033207635085,1.111905026435852,0.03004695661365986,0.575
10,0.036133219053347904,0.035100649048884706,1.0325698653856914,0.0391150526702404,0.5666666666666667
11,0.041204741100470225,0.0400419756770134,1.1627655585606893,0.03927725926041603,0.5166666666666667
12,0.0375873077660799,0.03646739671627681,1.1199109236399332,0.03208377957344055,0.5333333333333333
13,0.03725343222419421,0.03627542878190677,0.9780033349990844,0.036512356251478195,0.5416666666666666
14,0.03746158629655838,0.03631650569538276,1.1450806180636088,0.03405402973294258,0.425
15,0.03997335893412431,0.038935421283046404,1.037937351067861,0.04962689429521561,0.6083333333333333
16,0.04177808885773023,0.04073938901225726,1.0387000997861227,0.03745195269584656,0.48333333333333334
17,0.03538465052843094,0.034397153307994206,0.9874970038731893,0.02777322381734848,0.4166666666666667
18,0.03532809441288312,0.03425857188800971,1.06952299674352,0.030802899971604347,0.5583333333333333
19,0.038860641544063886,0.03740336708724499,1.457274583975474,0.035623274743556976,0.5583333333333333
20,0.03793390182157357,0.03657640094558398,1.357500922679901,0.03743681311607361,0.4166666666666667
21,0.0385522057612737,0.037325728808840115,1.2264777143796286,0.025196798145771027,0.6
22,0.03764682101706664,0.0365018588801225,1.1449618299802145,0.030983643606305122,0.5
23,0.03626303064326445,0.03518272899091244,1.0803014755249023,0.025776131078600883,0.4666666666666667
24,0.0345400491108497,0.03357155074675878,0.9684980948766072,0.03168363496661186,0.5916666666666667
25,0.03573596365749836,0.03468427918851376,1.051684526602427,0.030528541654348373,0.5166666666666667
26,0.036628034462531406,0.03549760157863299,1.1304333766301473,0.027425479143857956,0.4666666666666667
27,0.03676400731007258,0.03568372776110967,1.0802794814109802,0.03238014504313469,0.5416666666666666
28,0.03980582828323046,0.03848132280011972,1.3245052297910054,0.03260225057601929,0.5916666666666667
29,0.038103857263922694,0.036744632696111994,1.3592244386672974,0.03458315506577492,0.5333333333333333
30,0.034470971177021664,0.033326643705368045,1.1443275213241577,0.03372979164123535,0.4
31,0.032805237794915836,0.031814417739709215,0.9908199071884155,0.02279018424451351,0.55
32,0.03250592425465584,0.031674056127667424,0.8318679213523865,0.02809154987335205,0.5666666666666667
33,0.03657482986648877,0.03562664600710074,0.9481836915016174,0.03136080503463745,0.5833333333333334
34,0.03438191997508208,0.03344653534392516,0.9353844165802002,0.02487964741885662,0.5166666666666667
35,0.032904171074430145,0.032069937139749524,0.8342337608337402,0.033956561237573624,0.5083333333333333
36,0.03579821487267812,0.03463622083266576,1.1619938413302104,0.032678961753845215,0.575
37,0.03445733884970347,0.0333628423511982,1.0944964329401652,0.026012957096099854,0.48333333333333334
38,0.034183160836497944,0.03306107980509599,1.1220808625221252,0.029782911762595177,0.5166666666666667
39,0.03365633164842923,0.032595025127132735,1.0613068660100302,0.0280006006360054,0.4583333333333333
40,0.03429397481183211,0.03326443073650201,1.0295443534851074,0.029705315828323364,0.5666666666666667
41,0.03285700293878714,0.03193990128735701,0.9171016375223796,0.028112556785345078,0.48333333333333334
42,0.0312173788746198,0.030378380169471104,0.8389985879262288,0.0336725190281868,0.44166666666666665
43,0.03124941810965538,0.03037479929625988,0.8746188322703043,0.02681467868387699,0.475
44,0.03192229457199573,0.031065205608805022,0.857088565826416,0.02532280422747135,0.5333333333333333
45,0.03303083988527457,0.03204001908500989,0.9908208926518758,0.025142712518572807,0.5833333333333334
46,0.035323299964269,0.03413112871348858,1.1921710968017578,0.02562321163713932,0.5
47,0.033591755603750544,0.03254652085403601,1.0452348232269286,0.02938779629766941,0.49166666666666664
48,0.03460990786552429,0.03348763696849346,1.1222708662350973,0.025421394035220146,0.5
49,0.034406785294413565,0.033395136271913844,1.0116487344106038,0.028223304077982903,0.6083333333333333
50,0.036113667363921804,0.03508605000873407,1.0276174386342367,0.04317207261919975,0.48333333333333334
51,0.03590367138385773,0.0349344273408254,0.9692438403765361,0.023938918486237526,0.4583333333333333
52,0.03259438909590244,0.0316941582908233,0.90023113489151,0.027442652732133865,0.5083333333333333
53,0.031889102732141815,0.03105292481680711,0.8361775954564412,0.02805987000465393,0.43333333333333335
54,0.036076053107778235,0.03501735466221968,1.058698058128357,0.03637320175766945,0.55
55,0.03484462300936381,0.033817561343312263,1.0270617643992106,0.02790238708257675,0.525
56,0.0329527930667003,0.03194719478487969,1.0055981755256653,0.03286833316087723,0.525
57,0.03443062504132589,0.03355434350669384,0.8762818296750386,0.0340505987405777,0.5
58,0.03412483744323254,0.0331817959745725,0.9430410027503967,0.03088412806391716,0.5416666666666666
59,0.03377427545686563,0.032876492291688916,0.8977834820747376,0.027473455294966698,0.45
60,0.04027295509974162,0.03912532230218251,1.1476327697436015,0.027294453233480453,0.4666666666666667
61,0.03470186404883861,0.03366062330702941,1.0412403424580892,0.027726057916879654,0.5666666666666667
62,0.03695887004335721,0.03594700942436854,1.011860469977061,0.027162820100784302,0.5083333333333333
63,0.03320161364972592,0.03226537605126699,0.9362373312314352,0.03209804370999336,0.5083333333333333
64,0.03359092324972153,0.032578254118561745,1.012669038772583,0.028255920857191086,0.4583333333333333
65,0.03520378942290942,0.034121062109867734,1.0827274401982625,0.03464677184820175,0.5
66,0.03297574408352375,0.031993108118573824,0.9826361894607544,0.025600427761673927,0.5666666666666667
67,0.03053844248255094,0.029712178682287534,0.8262639085451762,0.028952116146683693,0.4583333333333333
68,0.03146828686197599,0.030586472153663634,0.8818147699038188,0.02358565479516983,0.5666666666666667
69,0.03626819079120954,0.0352306871364514,1.0375028769175212,0.030329469591379166,0.5916666666666667
70,0.03584045022726059,0.03474038653075695,1.1000633239746094,0.03911227360367775,0.425
71,0.03658282582958539,0.03549234134455522,1.0904842813809712,0.026320859789848328,0.5666666666666667
72,0.03267029064397017,0.031634791567921636,1.0354989886283874,0.026607630774378777,0.5166666666666667
73,0.033808932701746626,0.032754103342692055,1.0548290610313416,0.03512861579656601,0.5166666666666667
74,0.034300881624221805,0.033310418700178465,0.9904626250267029,0.024283763021230698,0.5666666666666667
75,0.033082340285182,0.03202765894432862,1.0546812733014426,0.02403377741575241,0.43333333333333335
76,0.03473076348503431,0.03364422793189684,1.086535636583964,0.02787255495786667,0.5416666666666666
77,0.03180079211791356,0.030862138792872428,0.9386535326639811,0.03789959475398064,0.4083333333333333
78,0.03461307846009731,0.03368355818092823,0.9295202811559041,0.03131365776062012,0.5083333333333333
79,0.03519952769080798,0.03391702684263388,1.282500676314036,0.025420166552066803,0.45
80,0.03391908730069796,0.033001391341288884,0.9176958203315735,0.036307189613580704,0.48333333333333334
81,0.03376340617736181,0.032753507047891615,1.009898833433787,0.02797660604119301,0.48333333333333334
82,0.03932526856660843,0.03812461607158184,1.2006530006726583,0.02918737381696701,0.4583333333333333
83,0.03658929417530696,0.03533838416139285,1.2509098013242086,0.038807034492492676,0.5333333333333333
84,0.04132987211147944,0.04003532876571019,1.2945431192715964,0.04054658114910126,0.5583333333333333
85,0.03526334973673026,0.03429163421193759,0.9717148741086324,0.024956539273262024,0.55
86,0.033483665560682614,0.032468525071938835,1.0151404817899068,0.02758624218404293,0.43333333333333335
87,0.03249099130431811,0.03152140056093534,0.9695908466974894,0.04332628846168518,0.4583333333333333
88,0.03476187872389953,0.03378193899989128,0.9799393852551778,0.03507305681705475,0.48333333333333334
89,0.03514067778984706,0.03398099665840467,1.1596808830897014,0.032159674912691116,0.39166666666666666
90,0.0344853983571132,0.03337625451385975,1.1091432650883992,0.03791369870305061,0.5083333333333333
91,0.035867831235130626,0.034855478132764496,1.0123527765274047,0.03095514327287674,0.55
92,0.031088417023420335,0.030208638310432433,0.879778786500295,0.030222531408071518,0.45
93,0.03285665524502595,0.0316955308119456,1.161124336719513,0.026255888864398003,0.5833333333333334
94,0.03601011162002881,0.034944988414645196,1.0651231447855631,0.0382370799779892,0.4666666666666667
95,0.033310628061493236,0.03231691395243009,0.9937138716379802,0.032742202281951904,0.575
96,0.03404106982052326,0.0330549252529939,0.986144196987152,0.026584194973111153,0.5166666666666667
97,0.03177247196435928,0.030938139061133067,0.8343332250912984,0.03506740182638168,0.48333333333333334
98,0.03747887586553891,0.03624967572589715,1.2292004466056823,0.04336024820804596,0.6
99,0.036470883836348854,0.035384956871469815,1.085926640033722,0.03116355836391449,0.4583333333333333
100,0.031308707967400554,0.030454624195893606,0.8540838559468588,0.031021224334836006,0.5166666666666667
101,0.032024962330857915,0.031102290004491807,0.9226723432540893,0.03800816088914871,0.45
102,0.034579652920365335,0.03359341646234194,0.9862359921137492,0.026472846046090126,0.525
103,0.03205386648575465,0.031187391529480617,0.8664748986562093,0.031976647675037384,0.5583333333333333
104,0.031224261596798898,0.030387346694866816,0.8369150082270305,0.02871166355907917,0.5833333333333334
105,0.03313254031042258,0.032186176627874374,0.9463638385136922,0.03027130849659443,0.5
106,0.03653379703561465,0.03551477417349815,1.0190231720606486,0.03226706013083458,0.4666666666666667
107,0.03356152512133122,0.03261216829220454,0.949356742699941,0.025766855105757713,0.5083333333333333
108,0.03280409288903077,0.03180947788059711,0.9946151296297709,0.029833810403943062,0.5666666666666667
109,0.03399827269216379,0.03290759399533272,1.0906788945198058,0.025595691055059433,0.5166666666666667
110,0.03308940616746744,0.032086597631374995,1.0028084874153138,0.035766616463661194,0.4083333333333333
111,0.031781258434057234,0.030883385116855303,0.8978731870651245,0.024435238912701607,0.5833333333333334
112,0.032805490369598074,0.031849453474084535,0.9560370405515035,0.03010309487581253,0.5083333333333333
113,0.03395334134499232,0.032887131720781324,1.0662095506985982,0.028887514024972916,0.5333333333333333
114,0.03086180066068967,0.029980718592802682,0.8810819983482361,0.025035975500941277,0.45
115,0.03501822277903557,0.03404658784468969,0.9716349641482035,0.031578242778778076,0.55
116,0.03406015348931154,0.033020560443401334,1.039592456817627,0.03104694001376629,0.4583333333333333
117,0.03528786972165108,0.034156237915158275,1.1316314816474915,0.03411546349525452,0.43333333333333335
118,0.03442414216697216,0.033489940067132316,0.9342020074526469,0.025555824860930443,0.49166666666666664
119,0.0307967492689689,0.029845672845840453,0.9510766386985778,0.027542704716324806,0.45
120,0.03322296440601349,0.0321803259352843,1.0426384846369425,0.028411520645022392,0.5833333333333334
121,0.03502211682498455,0.03398415359357993,1.0379628499348958,0.03179578483104706,0.5166666666666667
122,0.03724443117777507,0.03590307061870893,1.3413605650266012,0.0274644885212183,0.475
123,0.03167793390651544,0.03071970691283544,0.9582267522811889,0.028317837044596672,0.4666666666666667
124,0.03126509909828504,0.030378654475013415,0.8864447752634684,0.03408784791827202,0.48333333333333334
125,0.03163714682062467,0.030770424008369445,0.8667226115862529,0.023928888142108917,0.5166666666666667
126,0.03037558893362681,0.029527913654843967,0.8476754665374756,0.024716759100556374,0.5
127,0.03282802316049735,0.03169061330457528,1.137409786383311,0.02923046052455902,0.4083333333333333
128,0.035102709631125134,0.03395324473579724,1.1494648059209187,0.038924265652894974,0.4583333333333333
129,0.039668371652563414,0.03865000978112221,1.0183621605237325,0.0364953875541687,0.5
130,0.034759930521249774,0.03373188239832719,1.0280480980873108,0.030008085072040558,0.55
131,0.037326350311438244,0.036197554568449655,1.1287952184677124,0.030896499752998352,0.5416666666666666
132,0.03482316186030706,0.033773447945714,1.0497137904167175,0.025837447494268417,0.425
133,0.03192347014943759,0.031017309799790383,0.9061604658762614,0.02624882012605667,0.45
134,0.03278687447309494,0.03180813603103161,0.9787382443745931,0.04742271080613136,0.4666666666666667
135,0.036788757890462875,0.035568257048726085,1.2205008824666341,0.030532898381352425,0.5583333333333333
136,0.03302007975677649,0.031865944340825084,1.1541355490684508,0.03171530365943909,0.45
137,0.03229904435575008,0.031312256554762524,0.9867880344390869,0.03128444775938988,0.5666666666666667
138,0.03345330941180388,0.03250961303710938,0.9436965505282084,0.029795387759804726,0.5916666666666667
139,0.034911597768465676,0.033800142755111055,1.1114545663197835,0.032654400914907455,0.49166666666666664
140,0.03333192418018977,0.032344834754864375,0.987089232603709,0.03319091722369194,0.43333333333333335
141,0.03472053445875645,0.0336319349706173,1.0885993758837382,0.037813447415828705,0.425
142,0.035190908859173455,0.034219258651137355,0.9716504255930583,0.036034416407346725,0.5
143,0.03533411088089148,0.03419048376381397,1.1436271786689758,0.03367090970277786,0.38333333333333336
144,0.036720742285251615,0.03561122032503287,1.109521762530009,0.03969614952802658,0.5083333333333333
145,0.03590596653521061,0.03470872230827808,1.1972442110379538,0.03701471537351608,0.45
146,0.03278653422991435,0.031801500171422956,0.9850338697433472,0.03973546624183655,0.43333333333333335
147,0.034530289471149445,0.033588776364922523,0.9415128628412882,0.026924937963485718,0.5583333333333333
148,0.03212135061621666,0.03122249332567056,0.898857327302297,0.03031441569328308,0.475
149,0.033171791955828665,0.03217260204255581,0.9991896033287049,0.027561990544199944,0.49166666666666664
150,0.03418209478259086,0.03320398144423962,0.9781134247779846,0.025843698531389236,0.49166666666666664
151,0.02995887560149034,0.02910814993083477,0.8507256031036377,0.027289193123579025,0.5
152,0.03194167713324229,0.031033674875895183,0.9080024520556133,0.03216524049639702,0.55
153,0.032434851427872974,0.03142029071847598,1.0145606597264607,0.030133580788969994,0.5416666666666666
154,0.03161468630035718,0.03067021816968918,0.9444679935773214,0.024747971445322037,0.55
155,0.030191305900613467,0.02930425430337588,0.8870518962542217,0.030383041128516197,0.39166666666666666
156,0.0335288026680549,0.032329067960381506,1.199734596411387,0.03016718663275242,0.475
157,0.03348827362060547,0.03224385728438695,1.2444165547688801,0.03345261141657829,0.44166666666666665
158,0.03268841505050659,0.031700502584377926,0.9879125118255615,0.030674535781145096,0.5166666666666667
159,0.030436430995663007,0.029592425748705863,0.8440053145090739,0.03587213158607483,0.4083333333333333
160,0.03419154112537702,0.033249686906735104,0.9418540676434835,0.0270843505859375,0.5916666666666667
161,0.03459343003729979,0.033594680453340214,0.9987494071324666,0.03484907001256943,0.49166666666666664
162,0.03348757239679496,0.03239549634357294,1.0920759280522665,0.036585111171007156,0.4666666666666667
163,0.03471560664474964,0.03356979601085186,1.1458112557729085,0.02982616424560547,0.4583333333333333
164,0.03135741675893466,0.03036450147628784,0.9929150462150573,0.03242923691868782,0.55
165,0.03414058474202951,0.0331197015941143,1.0208834211031597,0.030998369678854942,0.575
166,0.0358916949480772,0.03476570223768552,1.1259926756223042,0.03389797359704971,0.48333333333333334
167,0.03569836008052031,0.03449442945420742,1.2039306918780008,0.025073561817407608,0.525
168,0.03365779394904773,0.032642200713356335,1.0155933539072672,0.030618535354733467,0.5083333333333333
169,0.03392234444618225,0.032817010084788004,1.1053340196609498,0.0357063002884388,0.45
170,0.03538552870353063,0.03442800057431062,0.9575278282165527,0.03348107263445854,0.49166666666666664
171,0.03265250585973263,0.031685727958877884,0.9667777140935262,0.031619492918252945,0.4666666666666667
172,0.03348486982285977,0.0325633076330026,0.9215621550877889,0.03393271565437317,0.575
173,0.03397417018810908,0.03294525059560935,1.0289197047551473,0.031861189752817154,0.44166666666666665
174,0.035789594799280164,0.03481026043494542,0.9793344179789225,0.033163443207740784,0.43333333333333335
175,0.03221954517066479,0.03115395220617453,1.0655928373336792,0.033197902143001556,0.5416666666666666
176,0.03280448454121749,0.0317802544683218,1.0242297172546386,0.028476255014538765,0.5
177,0.032628959293166795,0.03172763412197431,0.9013247330983479,0.024028336629271507,0.55
178,0.032134268432855606,0.031245338420073192,0.8889300545056661,0.02802552655339241,0.425
179,0.03256692116459211,0.03154081478714943,1.0261062105496725,0.02777756378054619,0.5083333333333333
180,0.03450755427281062,0.033423259978493054,1.084294358889262,0.03476105257868767,0.5333333333333333
181,0.03578159163395564,0.03476019725203514,1.0213941891988119,0.03142412006855011,0.5833333333333334
182,0.036322014033794404,0.03514094700415929,1.1810672799746196,0.03800230845808983,0.48333333333333334
183,0.03589151439567407,0.034744954605897264,1.1465593695640564,0.033347245305776596,0.4166666666666667
184,0.03176480333010356,0.030867142354448637,0.897660501797994,0.0294489748775959,0.4166666666666667
185,0.03140350244939327,0.03049867178002993,0.9048309127489725,0.03466508910059929,0.5416666666666666
186,0.03215052311619123,0.031186412026484808,0.9641108632087707,0.027973521500825882,0.4166666666666667
187,0.03410097410281499,0.033042549962798755,1.0584243377049765,0.033987920731306076,0.475
188,0.03422645578781764,0.033267256493369736,0.9591992696126302,0.02966482564806938,0.6
189,0.032065394520759585,0.031040229151646295,1.0251654704411826,0.02817927487194538,0.5416666666666666
190,0.03338452838361263,0.03228897030154864,1.095557963848114,0.0349532850086689,0.4083333333333333
191,0.03336740421752135,0.03241252948840459,0.9548749248186748,0.0368654690682888,0.5833333333333334
192,0.034160705159107844,0.033053774510820706,1.1069305698076883,0.03216545283794403,0.5333333333333333
193,0.03446985644598802,0.033441637704769774,1.0282188415527345,0.029282864183187485,0.5083333333333333
194,0.03447345420718193,0.033329871793588005,1.1435823321342469,0.0333537757396698,0.5166666666666667
195,0.03389820940792561,0.032841353118419646,1.056856099764506,0.02784080244600773,0.4583333333333333
196,0.03155815315743287,0.03065922446548939,0.8989286303520203,0.025597993284463882,0.425
197,0.029793799916903178,0.028935893749197323,0.8579060912132264,0.03290126100182533,0.5
198,0.03509303480386734,0.0338604137301445,1.2326213399569192,0.03345468267798424,0.48333333333333334
199,0.03308379550774892,0.03216121010482311,0.9225853641827901,0.028333188965916634,0.38333333333333336
200,0.030409319574634233,0.029454385613401732,0.9549339214960734,0.032093148678541183,0.5083333333333333
201,0.03249235649903615,0.03148529517153899,1.007061282793681,0.02976393513381481,0.575
202,0.031195488944649696,0.030267641072471936,0.9278478344281514,0.02553800493478775,0.475
203,0.029756779223680495,0.028946683555841447,0.8100955923398335,0.025663649663329124,0.4166666666666667
204,0.03300897491474946,0.032047450666626294,0.9615239381790162,0.03426658362150192,0.55
205,0.03286088208357493,0.03194290896256765,0.917973005771637,0.03142969682812691,0.43333333333333335
206,0.032147615278760595,0.031201648836334545,0.9459663033485413,0.03247557580471039,0.43333333333333335
207,0.030733927463491757,0.02979022227227688,0.943705141544342,0.025370897725224495,0.5583333333333333
208,0.030963832015792527,0.030060602352023125,0.903229554494222,0.037684839218854904,0.525
209,0.03193621449172497,0.030896884202957154,1.0393303672472636,0.028095873072743416,0.5583333333333333
210,0.02967895877858003,0.0288442545880874,0.8347041924794515,0.0260096974670887,0.5666666666666667
211,0.03245331756770611,0.03149041570723057,0.9629018227259318,0.029159974306821823,0.5166666666666667
212,0.032680306335290274,0.03167626758416494,1.0040389935175578,0.031912073493003845,0.43333333333333335
213,0.03169196943442027,0.030815236394604047,0.876733108361562,0.03126632049679756,0.4583333333333333
214,0.03213678536315759,0.03113164318104585,1.0051419019699097,0.024119075387716293,0.5
215,0.03354884721338749,0.03257396618525187,0.9748808185259501,0.03043270669877529,0.4583333333333333
216,0.03201080188155174,0.030983876809477805,1.0269250273704529,0.032013971358537674,0.45
217,0.03275711586078008,0.03164560720324516,1.1115086714426676,0.030456142500042915,0.5583333333333333
218,0.032557523871461554,0.031565620377659795,0.9919035315513611,0.026196148246526718,0.6
219,0.030039983242750166,0.029126770173509915,0.91321276028951,0.024684395641088486,0.49166666666666664
220,0.031147657707333565,0.03015799857676029,0.9896592775980632,0.026621542870998383,0.4583333333333333
221,0.031259503588080405,0.030269062519073485,0.9904410322507222,0.03069225512444973,0.55
222,0.03136123940348625,0.030462869629263877,0.8983697970708211,0.03120298683643341,0.49166666666666664
223,0.03483908573786418,0.03392622446020444,0.912861184279124,0.025962742045521736,0.5
224,0.033870396514733635,0.032826457048455875,1.0439394990603128,0.02892455644905567,0.4666666666666667
225,0.030968560030062993,0.030066578090190886,0.9019816994667054,0.025879664346575737,0.4083333333333333
226,0.03445468011001746,0.03334234990179539,1.112330170472463,0.029155483469367027,0.45
227,0.03242459446191788,0.03153684698045254,0.8877479116121928,0.03334302082657814,0.43333333333333335
228,0.03347387661536535,0.032405912627776465,1.0679636518160502,0.026881322264671326,0.6083333333333333
229,0.03236508866151174,0.031467212736606597,0.8978757341702779,0.029204729944467545,0.625
230,0.031839384138584136,0.030901571239034333,0.9378125349680583,0.03073735348880291,0.5666666666666667
231,0.03055841103196144,0.02964463730653127,0.9137734492619832,0.028100349009037018,0.475
232,0.03418580616513888,0.0331308967123429,1.0549095590909323,0.03105665184557438,0.5416666666666666
233,0.033494322250286736,0.032285913328329724,1.2084087451299033,0.02578144147992134,0.44166666666666665
234,0.0362795510639747,0.034982408955693246,1.2971423904101054,0.030688975006341934,0.55
235,0.038258539885282515,0.03698419357339541,1.2743460257848105,0.028475960716605186,0.5333333333333333
236,0.03570361062884331,0.03451080446441968,1.1928064147631328,0.029183315113186836,0.48333333333333334
237,0.03321186813215415,0.032184407984217005,1.0274601221084594,0.033098191022872925,0.575
238,0.03337588558594386,0.03235075784226259,1.0251282254854839,0.03580233082175255,0.44166666666666665
239,0.03251583899060885,0.031429355839888255,1.0864830255508422,0.02626824751496315,0.5
240,0.032032774016261104,0.030954553931951522,1.0782201886177063,0.029580751433968544,0.4083333333333333
241,0.029727966338396073,0.02882983920474847,0.8981271306673686,0.0245825182646513,0.5416666666666666
242,0.029624465232094128,0.02877643530567487,0.8480297605196635,0.031723469495773315,0.4583333333333333
243,0.030763742451866468,0.029727616533637046,1.0361258864402771,0.027720045298337936,0.6166666666666667
244,0.032459043463071185,0.031473545481761296,0.9854981541633606,0.032345548272132874,0.5666666666666667
245,0.03855637485782305,0.03734891389807065,1.207460602124532,0.032578058540821075,0.5416666666666666
246,0.03356816135346889,0.03256365979711215,1.0045016169548036,0.03631210699677467,0.575
247,0.033909289290507634,0.03295958402256171,0.9497050205866496,0.02901133894920349,0.48333333333333334
248,0.03116459387044112,0.03027487595876058,0.8897178530693054,0.030123157426714897,0.49166666666666664
249,0.03328923086325328,0.03239848911762237,0.8907416582107544,0.041800424456596375,0.49166666666666664
250,0.03799902747074763,0.0368720809618632,1.126946779092153,0.028888268396258354,0.5333333333333333
251,0.03282627016305924,0.0318240354458491,1.0022344589233398,0.02852734364569187,0.475
252,0.032699248567223546,0.03173083191116651,0.968416674931844,0.0329752042889595,0.525
253,0.031420510510603586,0.030451625709732373,0.968884547551473,0.024017851799726486,0.49166666666666664
254,0.03050243134299914,0.029677228753765425,0.8252027869224549,0.027593566104769707,0.4
255,0.034111741185188296,0.032984737679362296,1.1270040273666382,0.029707059264183044,0.4666666666666667
256,0.03273561572035154,0.031782785803079604,0.9528295834859212,0.027163658291101456,0.5416666666666666
257,0.03306742571294308,0.03213564033309619,0.9317850470542908,0.041192397475242615,0.45
258,0.03748271490136782,0.036427482465902966,1.0552322030067445,0.03506007418036461,0.4583333333333333
259,0.03571683118740718,0.03455023877322674,1.1665926059087117,0.031121691688895226,0.45
260,0.03317813922961553,0.032065565263231594,1.1125736435254414,0.027762478217482567,0.36666666666666664
261,0.03245616890490055,0.03156078544755777,0.8953833063443501,0.031068334355950356,0.6
262,0.03406311844786008,0.033099241678913434,0.9638761838277181,0.035774022340774536,0.45
263,0.03154929305116336,0.03071644964317481,0.8328433632850647,0.02643539384007454,0.5916666666666667
264,0.030097192153334618,0.029243716225028037,0.8534758647282918,0.0232263021171093,0.525
265,0.029275732984145483,0.028408266479770343,0.8674663066864013,0.026437897235155106,0.5416666666666666
266,0.031018353129426638,0.030112657447655997,0.9056956211725871,0.026237856596708298,0.49166666666666664
267,0.03090662012497584,0.03010078283647696,0.8058375716209412,0.028239332139492035,0.425
268,0.032384303584694865,0.03148022989432017,0.9040740172068278,0.024962062016129494,0.4083333333333333
269,0.029774684086441995,0.0289485281954209,0.8261559883753459,0.028378961607813835,0.55
270,0.03281043420235316,0.03175892370442549,1.0515104452768962,0.03133824095129967,0.5333333333333333
271,0.031174797316392264,0.030196650326251982,0.9781467239061992,0.02861129492521286,0.6
272,0.02985711321234703,0.02902641656498114,0.8306961099306742,0.03227148577570915,0.5166666666666667
273,0.03373979702591896,0.03268498939772447,1.0548075119654337,0.0329836830496788,0.45
274,0.034343944614132246,0.03306087503830592,1.2830693523089092,0.022682584822177887,0.48333333333333334
275,0.029388192171851794,0.028529831394553184,0.8583610653877258,0.026100140064954758,0.4666666666666667
276,0.02968813416858514,0.028753107662002245,0.9350261688232422,0.028226103633642197,0.5166666666666667
277,0.030978990346193315,0.030077963694930078,0.9010264873504639,0.023852860555052757,0.5166666666666667
278,0.029763727262616158,0.02893042452633381,0.833302625020345,0.02583865076303482,0.43333333333333335
279,0.03453071787953377,0.03344842319687207,1.0822946985562643,0.035934656858444214,0.5333333333333333
280,0.03423031022151311,0.03299613843361537,1.2341718355814615,0.03277803212404251,0.5416666666666666
281,0.030797565107544264,0.029736503710349402,1.0610612114270528,0.03836676478385925,0.48333333333333334
282,0.03188186002274354,0.030952248598138492,0.9296112497647603,0.02755103074014187,0.5416666666666666
283,0.0344209602723519,0.03354180206855138,0.8791583975156149,0.031233616173267365,0.5
284,0.03298023256162803,0.03189578466117382,1.084447983900706,0.02918059378862381,0.45
285,0.032637954130768775,0.031436456243197124,1.2014981071154276,0.0253533236682415,0.5333333333333333
286,0.032727142299215,0.031601569056510924,1.1255733211835226,0.03258552402257919,0.5166666666666667
287,0.03040717914700508,0.029390026008089383,1.0171536564826966,0.032746557146310806,0.4583333333333333
288,0.029940331975619,0.028989998002847035,0.9503338694572449,0.026732034981250763,0.43333333333333335
289,0.030178399632374446,0.029232711344957352,0.9456879496574402,0.02571508288383484,0.55
290,0.03181621258457502,0.030911714707811674,0.9044979254404704,0.024422239512205124,0.4166666666666667
291,0.032238623748222985,0.03139830629030863,0.8403175632158916,0.03133850917220116,0.5333333333333333
292,0.03150387282172839,0.030572881922125816,0.9309902310371398,0.026201609522104263,0.45
293,0.030010654653112093,0.029052374015251795,0.9582806348800659,0.024267273023724556,0.5333333333333333
294,0.03107116272052129,0.030092532808581988,0.9786296606063842,0.030948445200920105,0.55
295,0.03490584728618463,0.033864486838380496,1.041360600789388,0.029090723022818565,0.4666666666666667
296,0.03473130861918131,0.03352085053920746,1.2104577898979187,0.02650068886578083,0.4583333333333333
297,0.029869109392166138,0.02901713512837887,0.8519740064938863,0.029686005786061287,0.4666666666666667
298,0.03308825393517812,0.03198652304708958,1.10173100233078,0.02715747430920601,0.525
299,0.03006084846953551,0.02909426068266233,0.9665879249572754,0.02913125418126583,0.4666666666666667
300,0.030212717379132906,0.02927648238837719,0.9362352093060812,0.027212712913751602,0.525
301,0.031142351031303406,0.03018944524228573,0.9529058694839477,0.025881856679916382,0.45
302,0.0306527732561032,0.029751589397589366,0.9011838436126709,0.026463603600859642,0.4083333333333333
303,0.03043260263899962,0.029411308094859125,1.0212945540746052,0.02944592572748661,0.4083333333333333
304,0.029207209373513857,0.02831440046429634,0.892808719476064,0.024548674002289772,0.5166666666666667
305,0.03073138656715552,0.02980375960469246,0.9276269475618998,0.02798398584127426,0.475
306,0.030947104593118033,0.02999290426572164,0.954199735323588,0.026535307988524437,0.43333333333333335
307,0.03311329831679662,0.03196139012773832,1.1519082307815551,0.031235169619321823,0.5416666666666666
308,0.029862538476785026,0.02887475440899531,0.9877839803695678,0.024528970941901207,0.575
309,0.029535397017995516,0.028625968595345816,0.9094284574190775,0.024373497813940048,0.44166666666666665
310,0.030199416478474937,0.029380459586779276,0.8189571738243103,0.03088974393904209,0.45
311,0.03220979770024617,0.031151445706685384,1.0583521326382954,0.028397761285305023,0.5083333333333333
312,0.03111986058453719,0.030268903200825054,0.8509573777516682,0.02913140319287777,0.5166666666666667
313,0.0328946507225434,0.03189553568760554,0.9991149584452311,0.02665506675839424,0.44166666666666665
314,0.02962664278844992,0.028688905015587806,0.9377376437187195,0.028651930391788483,0.4666666666666667
315,0.030972660705447196,0.030119831611712774,0.8528292298316955,0.02588528022170067,0.5583333333333333
316,0.031250397115945815,0.030391769111156465,0.8586276928583781,0.027904648333787918,0.49166666666666664
317,0.029658101747433344,0.028852425639828046,0.805676015218099,0.02898472175002098,0.425
318,0.029977652803063394,0.02910859597225984,0.8690568168958028,0.026638071984052658,0.5666666666666667
319,0.03334471819301446,0.03247538208961487,0.8693357865015666,0.031072240322828293,0.5083333333333333
320,0.03037223927676678,0.02938457950949669,0.9876595298449199,0.03381966054439545,0.5666666666666667
321,0.03137227930128574,0.030372404307127,0.9998749454816183,0.026392672210931778,0.525
322,0.029763967668016752,0.02886604443192482,0.8979234576225281,0.028500040993094444,0.49166666666666664
323,0.03133307993412018,0.030213166400790213,1.1199133435885111,0.028532782569527626,0.5
324,0.03084360087911288,0.029956410825252532,0.8871901988983154,0.02561875991523266,0.5083333333333333
325,0.03236426251629988,0.03123803747196992,1.1262250900268556,0.03192891180515289,0.5416666666666666
326,0.03181567626694838,0.030939788247148197,0.8758878588676453,0.027039993554353714,0.55
327,0.029082515835762025,0.028266076867779096,0.8164390126864115,0.025507278740406036,0.475
328,0.03036308872203032,0.029444651926557222,0.9184370994567871,0.024486705660820007,0.36666666666666664
329,0.03159395617743333,0.03069871515035629,0.8952410499254863,0.02528584934771061,0.4583333333333333
330,0.02889009453356266,0.02810666138927142,0.7834327499071757,0.023381324484944344,0.5166666666666667
331,0.030562185496091843,0.02978698747853438,0.7751977960268657,0.03472786024212837,0.4583333333333333
332,0.03414841654400031,0.03310763873159885,1.0407779097557068,0.027567187324166298,0.4583333333333333
333,0.03013739623129368,0.029264663780728974,0.8727322260538737,0.02534152939915657,0.49166666666666664
334,0.029480438182751336,0.028600818167130154,0.8796198089917501,0.026562072336673737,0.5416666666666666
335,0.031217069302996,0.030158383523424467,1.0586854298909505,0.030975770205259323,0.5416666666666666
336,0.0333020972708861,0.0321966003626585,1.1054972847302755,0.027316179126501083,0.575
337,0.03154828039308389,0.03072022261718909,0.8280577937761943,0.02433346025645733,0.525
338,0.029003325601418814,0.02812687394519647,0.8764515916506449,0.0313907191157341,0.4666666666666667
339,0.032684356719255445,0.03162885544200738,1.055501155058543,0.026842277497053146,0.5666666666666667
340,0.03127533569931984,0.030145891507466636,1.1294444004694622,0.027542265132069588,0.5333333333333333
341,0.028509804482261338,0.027706716830531757,0.8030876318613688,0.02716469019651413,0.4166666666666667
342,0.028318143263459206,0.027503171687324843,0.8149713118871053,0.026077887043356895,0.5
343,0.030627639964222908,0.02974944698313872,0.8781929969787597,0.040852975100278854,0.5083333333333333
344,0.03197109724084536,0.030996103957295417,0.974993884563446,0.02641134336590767,0.5666666666666667
345,0.031235644966363905,0.030377405509352685,0.8582391341527303,0.026381583884358406,0.4583333333333333
346,0.02853478454053402,0.027713471899429958,0.8213128050168356,0.025953268632292747,0.5333333333333333
347,0.02929319255053997,0.028547535091638564,0.7456576744715373,0.02685738168656826,0.5333333333333333
348,0.03170572742819786,0.03078333300848802,0.9223945379257202,0.030976302921772003,0.5583333333333333
349,0.0290913591782252,0.028267453983426095,0.823905102411906,0.024211248382925987,0.5416666666666666
350,0.029842479278643926,0.02901162120203177,0.8308577736218771,0.03086928464472294,0.4666666666666667
351,0.032247083634138106,0.031151365861296652,1.0957176248232523,0.026035787537693977,0.45
352,0.030395484094818435,0.02941013251741727,0.9853518168131511,0.028501970693469048,0.45
353,0.0285186647127072,0.027667171135544778,0.8514933228492737,0.02768797241151333,0.525
354,0.030525799219806988,0.029622779786586763,0.9030192852020263,0.03183555603027344,0.48333333333333334
355,0.03182976047197978,0.030939951539039612,0.889809250831604,0.02728913724422455,0.4583333333333333
356,0.03054940700531006,0.029672964289784432,0.8764428893725077,0.02982698567211628,0.525
357,0.029606886208057404,0.028813022871812186,0.7938631137212118,0.029746752232313156,0.4166666666666667
358,0.03140477426350117,0.03050728589296341,0.8974882324536642,0.032733745872974396,0.39166666666666666
359,0.03019929180542628,0.02940096122523149,0.7983304580052694,0.025814050808548927,0.4083333333333333
360,0.029979358365138372,0.02919334980348746,0.7860087792078654,0.02877463586628437,0.5333333333333333
361,0.030321658526857694,0.02946663461625576,0.8550237814585367,0.026228556409478188,0.425
362,0.03204757012426853,0.031157017747561137,0.89055229028066,0.0327962227165699,0.5583333333333333
363,0.030537115409970284,0.029559864103794097,0.9772514382998149,0.028153449296951294,0.525
364,0.02928057834506035,0.028414025157690048,0.8665530920028687,0.029221830889582634,0.48333333333333334
365,0.0306476179510355,0.029740885148445764,0.9067324002583822,0.02525373175740242,0.625
366,0.02819890479246775,0.027377587432662647,0.8213173031806946,0.03999866545200348,0.43333333333333335
367,0.03342025205492973,0.0325701929628849,0.8500593860944112,0.032390203326940536,0.48333333333333334
368,0.03177808672189712,0.030854072670141855,0.9240139961242676,0.029941607266664505,0.425
369,0.03264185041189194,0.031733046472072604,0.9088035662968953,0.024934375658631325,0.5166666666666667
370,0.031001968185106914,0.03014725757141908,0.8547104954719543,0.0266782958060503,0.48333333333333334
371,0.03070658308764299,0.02981932225326697,0.887260905901591,0.03207433968782425,0.55
372,0.030961225926876067,0.0301263635357221,0.8348625659942627,0.024775860831141472,0.45
373,0.028299049536387125,0.027480898424983025,0.8181511322657268,0.02634296752512455,0.5333333333333333
374,0.028308765093485514,0.02750874248643716,0.8000227769215902,0.02466912940144539,0.475
375,0.03245263596375783,0.03151547474165758,0.9371608972549439,0.02642185613512993,0.475
376,0.03172174046436946,0.030835787206888197,0.8859530131022135,0.02912626788020134,0.4666666666666667
377,0.031638933594028154,0.030657425398627917,0.9815082430839539,0.028541255742311478,0.525
378,0.029957686737179755,0.029091116786003113,0.8665698647499085,0.027721107006072998,0.44166666666666665
379,0.03084971383213997,0.02981885994474093,1.0308536370595296,0.024474449455738068,0.48333333333333334
380,0.030211644743879638,0.029361626878380776,0.8500178853670756,0.026010718196630478,0.5666666666666667
381,0.02975411390264829,0.02893954540292422,0.8145686626434326,0.029743898659944534,0.55
382,0.03403323826690515,0.03291659479339917,1.1166435400644938,0.04001840576529503,0.4166666666666667
383,0.03274484227101008,0.03182159873346488,0.9232431292533875,0.02427751198410988,0.4583333333333333
384,0.028891557455062868,0.02804343675573667,0.8481204787890116,0.030382530763745308,0.4583333333333333
385,0.029812257240215936,0.028948660815755527,0.863596240679423,0.032465193420648575,0.4
386,0.030447269106904665,0.02960819862782955,0.8390703678131104,0.0280953086912632,0.44166666666666665
387,0.032208214948574704,0.03126853853464127,0.9396765192349752,0.02857965975999832,0.48333333333333334
388,0.03330830559134483,0.03229845588405927,1.0098495880762737,0.04299997538328171,0.36666666666666664
389,0.03714123914639155,0.03603381651143233,1.1074231743812561,0.03427601978182793,0.525
390,0.03266711595157782,0.03157689794898033,1.090218154589335,0.025782907381653786,0.5916666666666667
391,0.029917754357059796,0.029037191594640414,0.8805628856023152,0.034292176365852356,0.5833333333333334
392,0.03136391205092271,0.030436846738060314,0.9270651936531067,0.02720801904797554,0.5
393,0.030641093601783118,0.029675600056846937,0.9654937465985616,0.03064369224011898,0.525
394,0.03146068255106608,0.03050418272614479,0.9564996163050333,0.028924738988280296,0.44166666666666665
395,0.03049886127312978,0.029601453244686125,0.8974078694979349,0.03820452094078064,0.4666666666666667
396,0.031559657553831735,0.030691385020812353,0.8682722687721253,0.027589010074734688,0.5333333333333333
397,0.029607574393351873,0.028802021717031796,0.8055524190266927,0.031050005927681923,0.475
398,0.02922235516210397,0.028380619486172994,0.8417353789011638,0.028954120352864265,0.525
399,0.02830865209301313,0.02754479298988978,0.7638587911923727,0.030323384329676628,0.48333333333333334
400,0.03280044073859851,0.03184037854274114,0.9600619713465373,0.02781924605369568,0.45
401,0.031641602391997974,0.030450683459639548,1.190918997923533,0.030048007145524025,0.375
402,0.03411252039174239,0.03296736665070057,1.145153570175171,0.037547867745161057,0.45
403,0.03261389645437399,0.03157316756745179,1.040729002157847,0.028030410408973694,0.43333333333333335
404,0.03000171445310116,0.02914321298400561,0.8585010806719462,0.02577514387667179,0.475
405,0.02973106727004051,0.02888947365184625,0.8415935436884562,0.03403366729617119,0.5
406,0.03659656283756097,0.03543760093549887,1.1589619278907777,0.03474614396691322,0.475
407,0.03446498289704323,0.03345009398957093,1.014889089266459,0.027401987463235855,0.5916666666666667
408,0.028106159468491872,0.027290002877513566,0.8161563277244568,0.027031492441892624,0.475
409,0.02925072833895683,0.028336613873640695,0.91411425669988,0.02898498810827732,0.525
410,0.03246941268444061,0.0313381885488828,1.1312241355578105,0.03140506148338318,0.5166666666666667
411,0.03281970682243506,0.03162644878029823,1.1932581623395284,0.02682679146528244,0.4083333333333333
412,0.030435825511813164,0.029508900766571363,0.9269243280092875,0.024466026574373245,0.48333333333333334
413,0.028229857360323272,0.027374195555845898,0.8556618690490723,0.026306893676519394,0.49166666666666664
414,0.03009804201622804,0.02919078841805458,0.9072535276412964,0.029692422598600388,0.425
415,0.02830697372555733,0.027487414702773095,0.8195591410001118,0.024006633087992668,0.5583333333333333
416,0.028448294972380002,0.02767749366660913,0.7708008925120036,0.026724906638264656,0.4583333333333333
417,0.027680687978863715,0.026893244683742525,0.7874431808789571,0.022884516045451164,0.5583333333333333
418,0.030392476916313173,0.029476506014664967,0.9159706195195516,0.027800409123301506,0.49166666666666664
419,0.029915237799286842,0.029053831472992897,0.8614061911900838,0.02583310566842556,0.5166666666666667
420,0.02991104523340861,0.029026950150728224,0.8840950489044189,0.026591582223773003,0.5
421,0.02951611193517844,0.028603194281458855,0.9129178484280904,0.0359201617538929,0.525
422,0.03261098836859067,0.031598289807637535,1.0126978874206543,0.02700735442340374,0.425
423,0.03094808794558048,0.029962372904022535,0.9857149799664815,0.029471606016159058,0.475
424,0.03073756049076716,0.02975697269042333,0.9805878202120463,0.03035501018166542,0.5
425,0.032760625208417576,0.03169601522386074,1.0646100083986918,0.025408228859305382,0.5333333333333333
426,0.02854840817550818,0.02769359995921453,0.854808223247528,0.032203271985054016,0.45
427,0.03092838836212953,0.02986282656590144,1.0655615170796713,0.026167158037424088,0.5916666666666667
428,0.03027314816912015,0.029308820640047393,0.9643277128537496,0.030125003308057785,0.6
429,0.031013988827665647,0.03006705120205879,0.9469374815622965,0.02858543023467064,0.475
430,0.031493736306826274,0.030520498007535934,0.9732377568880717,0.02726803347468376,0.5333333333333333
431,0.030520715937018394,0.029611273606618246,0.9094420552253724,0.03004029393196106,0.49166666666666664
432,0.030048122629523277,0.029040377835432687,1.007744805018107,0.02503146603703499,0.6
433,0.029135446126262347,0.028319021686911583,0.8164243419965108,0.030095955356955528,0.39166666666666666
434,0.029690306012829144,0.02881002960105737,0.8802761117617289,0.027038108557462692,0.55
435,0.028228287398815156,0.02743008335431417,0.7982040921847026,0.03339239954948425,0.45
436,0.030417591954271,0.02956297422448794,0.8546177784601847,0.02983592078089714,0.5833333333333334
437,0.028917614122231802,0.02812445449332396,0.7931596517562867,0.025928780436515808,0.5333333333333333
438,0.02760464275876681,0.026864358658591905,0.7402841170628865,0.02372751198709011,0.55
439,0.02953313204149405,0.028755301237106325,0.7778306643168131,0.024180153384804726,0.5166666666666667
440,0.028709095219771066,0.027895951146880784,0.8131440122922261,0.026235979050397873,0.5083333333333333
441,0.030979956810673077,0.03012963756918907,0.8503190994262695,0.026035254821181297,0.4083333333333333
442,0.029179503644506135,0.028315727785229682,0.8637757658958435,0.024838531389832497,0.48333333333333334
443,0.029761014382044475,0.028918128088116647,0.8428864161173503,0.029419369995594025,0.45
444,0.030562466258804002,0.029618481049935023,0.9439849615097046,0.02647223137319088,0.425
445,0.02915267472465833,0.028343735386927922,0.8089394092559814,0.025461092591285706,0.5666666666666667
446,0.029813956841826438,0.02902891660730044,0.7850406130154928,0.02398877963423729,0.5
447,0.02929132841527462,0.02845837064087391,0.8329575737317403,0.026298457756638527,0.4666666666666667
448,0.032137250031034154,0.031178532044092815,0.9587180852890015,0.024788126349449158,0.48333333333333334
449,0.029889790465434392,0.02895153177281221,0.9382584691047668,0.026888305321335793,0.525
450,0.0307511817663908,0.029711132124066352,1.0400494694709779,0.027113350108265877,0.5166666666666667
451,0.029690640792250634,0.02877744138240814,0.9131996393203735,0.02461278811097145,0.48333333333333334
452,0.030793578550219535,0.02989892226954301,0.8946562012036642,0.027490686625242233,0.43333333333333335
453,0.028833176443974175,0.02794918790459633,0.8839886307716369,0.025624247267842293,0.44166666666666665
454,0.02946347544590632,0.028647558639446895,0.815916649500529,0.02611248940229416,0.43333333333333335
455,0.03058721460402012,0.029762031883001326,0.825182584921519,0.03562600538134575,0.475
456,0.03156468160450458,0.03059390696386496,0.9707744717597961,0.02722179889678955,0.5916666666666667
457,0.031052863970398904,0.03014342188835144,0.9094419956207276,0.03421848639845848,0.5166666666666667
458,0.035885792970657346,0.034921040882666905,0.96475244363149,0.03381910175085068,0.5
459,0.03420685703555743,0.03320375469823678,1.003102473417918,0.030088605359196663,0.39166666666666666
460,0.029617408538858095,0.02870771549642086,0.9096931020418803,0.028628462925553322,0.39166666666666666
461,0.02918700116376082,0.02833489899833997,0.8521024823188782,0.026750754565000534,0.5083333333333333
462,0.029539946715037027,0.02862904022137324,0.9109067718187968,0.02992723137140274,0.4583333333333333
463,0.02937258134285609,0.02847626283764839,0.8963188330332438,0.027531906962394714,0.55
464,0.0312727153301239,0.030380619565645854,0.8920954704284668,0.03254835680127144,0.44166666666666665
465,0.03154999824861685,0.030576164772113164,0.9738335212071737,0.03631418198347092,0.45
466,0.03176998098691305,0.03081191343565782,0.9580675641695658,0.03455779328942299,0.425
467,0.02961775635679563,0.02869957983493805,0.9181768933931986,0.024402840062975883,0.55
468,0.02811550150314967,0.02735631726682186,0.7591842254002888,0.023349052295088768,0.5166666666666667
469,0.02980249288181464,0.02890212374428908,0.9003689527511597,0.028809381648898125,0.4666666666666667
470,0.028502729659279188,0.027625099197030066,0.8776301264762878,0.02817421779036522,0.38333333333333336
471,0.03152484993139903,0.03046200970808665,1.0628403027852376,0.027719911187887192,0.45
472,0.03265776348610719,0.03159090466797352,1.0668588002522787,0.025066114962100983,0.44166666666666665
473,0.0303532009323438,0.029399935652812324,0.9532650748888651,0.027148423716425896,0.45
474,0.028471740086873372,0.027669359743595124,0.8023800849914551,0.023332994431257248,0.38333333333333336
475,0.027162177488207817,0.02642971066137155,0.7324669281641643,0.025749528780579567,0.475
476,0.029617994154493014,0.028716687485575675,0.9013065139452616,0.03419242799282074,0.5583333333333333
477,0.030622213830550513,0.029572355498870214,1.0498584389686585,0.03137131780385971,0.5583333333333333
478,0.03138719697793325,0.03045337659617265,0.933820350964864,0.031806401908397675,0.48333333333333334
479,0.0292436882853508,0.02840738172332446,0.8363065997759501,0.031219080090522766,0.5416666666666666
480,0.029295766477783522,0.028337812051177025,0.9579546729723613,0.029749998822808266,0.43333333333333335
481,0.027402082830667494,0.02667630910873413,0.7257736166318257,0.024827366694808006,0.5333333333333333
482,0.029065333679318427,0.02821972854435444,0.8456050078074138,0.02667543664574623,0.4583333333333333
483,0.02905925028026104,0.028154949968059857,0.9043002963066101,0.025401240214705467,0.5083333333333333
484,0.029047495995958645,0.02816907912492752,0.8784166932106018,0.025610486045479774,0.5333333333333333
485,0.029081313932935397,0.028245990723371507,0.8353230595588684,0.028237000107765198,0.5416666666666666
486,0.028734582538406054,0.027814530953764915,0.9200516263643901,0.030553536489605904,0.5416666666666666
487,0.02935324323674043,0.028473444903890293,0.879798150062561,0.025014759972691536,0.5666666666666667
488,0.03136569199462732,0.030480337391297022,0.8853541930516561,0.027044396847486496,0.475
489,0.03234493707617124,0.03145999585588773,0.8849410851796468,0.02784855104982853,0.475
490,0.030563891306519507,0.029687817394733428,0.8760740240414937,0.026907414197921753,0.43333333333333335
491,0.029452637086311975,0.02857354246079922,0.8790948788324991,0.025776822119951248,0.45
492,0.0295395423968633,0.02860083927710851,0.938703457514445,0.029283970594406128,0.475
493,0.02982067068417867,0.029011293749014535,0.8093770345052084,0.02564092166721821,0.35833333333333334
494,0.0298993901660045,0.02894312279919783,0.9562671303749084,0.02727307379245758,0.49166666666666664
495,0.029004106794794402,0.028166943664352097,0.8371629476547241,0.025409957394003868,0.4166666666666667
496,0.028431676079829535,0.027604082971811293,0.8275930523872376,0.02676725760102272,0.44166666666666665
497,0.028379693130652108,0.027537699912985165,0.841992708047231,0.02679051272571087,0.48333333333333334
498,0.028419814507166543,0.02761193426946799,0.8078803380330404,0.02799571119248867,0.4583333333333333
499,0.030308174341917037,0.029347604140639305,0.9605696717898051,0.031774524599313736,0.575
500,0.0332792433599631,0.0322345024595658,1.0447408278783163,0.03414863720536232,0.5
