epoch,train_loss,mse_loss,trend_loss,val_mse,val_mae,val_trend_acc
0,0.04350432691474756,0.03441908173263073,9.085244083404541,0.013865494169294834,0.08468674123287201,0.4791666666666667
1,0.009019268956035376,0.005567139247432351,3.452129371960958,0.005008259322494268,0.05655471980571747,0.5
2,0.00485188743720452,0.002702560997568071,2.1493263641993203,0.003243739251047373,0.041423119604587555,0.5625
3,0.00408463254570961,0.0021639287083720167,1.9207037846247355,0.0026156457606703043,0.039558395743370056,0.5625
4,0.0033249057674159606,0.0016978686209768057,1.6270371039708456,0.0019698780961334705,0.03450721874833107,0.5833333333333334
5,0.00294704328601559,0.001438522874377668,1.5085203250249226,0.002748993458226323,0.04115511104464531,0.5
6,0.0025971394187460344,0.0012494562931048374,1.347683048248291,0.002193666761741042,0.03577668219804764,0.5208333333333334
7,0.00240868777812769,0.0011767079044754307,1.2319797595342001,0.001819583005271852,0.032590173184871674,0.4583333333333333
8,0.002244520482296745,0.001007434221295019,1.2370862086613974,0.0013225614093244076,0.027162600308656693,0.5416666666666666
9,0.0023188381766279537,0.0010879232121321061,1.2309149185816446,0.0015866829780861735,0.031076200306415558,0.625
10,0.0023891912462810677,0.0010021446893612544,1.387046488126119,0.0014927573502063751,0.031006114557385445,0.6041666666666666
11,0.002638120266298453,0.001156929600983858,1.4811906178792318,0.0020267569925636053,0.03751637414097786,0.5
12,0.0023549334378913044,0.0010104519431479275,1.3444813768068948,0.0010661360574886203,0.02549654059112072,0.4375
13,0.002615788641075293,0.0011779254341187577,1.4378630995750428,0.000983689446002245,0.0251020435243845,0.4166666666666667
14,0.002305359370075166,0.0009070213845310111,1.3983379443486532,0.0016172915929928422,0.03089607134461403,0.5625
15,0.0018072408313552538,0.0007439450826495885,1.0632956902186075,0.0009081736207008362,0.023615112528204918,0.5625
16,0.0018127771792933345,0.0007458527708270897,1.0669243693351746,0.000890709285158664,0.023357640951871872,0.4166666666666667
17,0.0019356601095447937,0.0007510492481136074,1.1846107920010884,0.0010109194554388523,0.024724392220377922,0.4375
18,0.0019148300712307294,0.0007245663223632921,1.1902637044588724,0.0011143791489303112,0.025852037593722343,0.4166666666666667
19,0.0018971000099554658,0.0007446419758101304,1.1524579803148904,0.0007776117417961359,0.021439502015709877,0.4583333333333333
20,0.001886464903752009,0.0008135646018975725,1.0729002277056376,0.0012580039910972118,0.028950905427336693,0.5416666666666666
21,0.0018959773937240244,0.0008069285579646627,1.0890487750371298,0.0010973059106618166,0.024995261803269386,0.3541666666666667
22,0.0018119493732228875,0.0007200360007118434,1.0919133345286052,0.0007606200524605811,0.02190840244293213,0.5
23,0.0019139550626277924,0.0007321283046621829,1.1818266987800599,0.0008278315654024482,0.022101426497101784,0.375
24,0.0022309217136353256,0.0008708625294578572,1.360059130191803,0.001406156807206571,0.02896452508866787,0.4166666666666667
25,0.0027599821798503397,0.0010661931359209121,1.69378901720047,0.0007139240042306483,0.02096613310277462,0.3541666666666667
26,0.0019140792156880102,0.000734690089787667,1.1793890515963237,0.0007975738262757659,0.021360386162996292,0.5208333333333334
27,0.001911416184157133,0.000726457906421274,1.1849582195281982,0.0009016055264510214,0.024701924994587898,0.4791666666666667
28,0.0017083052390565476,0.000672255988077571,1.036049191157023,0.0009068471845239401,0.024377835914492607,0.3958333333333333
29,0.0021242667532836395,0.0007956017157994211,1.3286649545033773,0.0006903305766172707,0.02109251357614994,0.5416666666666666
30,0.0017297872109338641,0.0006767099645609657,1.053077185153961,0.0009678207570686936,0.02395562455058098,0.3958333333333333
31,0.001955849421210587,0.0007238629506900907,1.231986399491628,0.000938891083933413,0.024062950164079666,0.3958333333333333
32,0.002116386452689767,0.0007963946166758736,1.3199917753537496,0.002001958666369319,0.03803258389234543,0.5416666666666666
33,0.0018292084258670607,0.0007052538567222655,1.1239545027414957,0.0009498976287432015,0.02383594959974289,0.3125
34,0.0015853560374428828,0.0006356979002399991,0.9496580878893535,0.0009120728936977684,0.02408144623041153,0.5625
35,0.001805567896614472,0.0006937338369122396,1.1118340214093527,0.0007089186692610383,0.020359516143798828,0.3958333333333333
36,0.0017840684469168386,0.0006456125158971796,1.1384558955828348,0.0008399054640904069,0.02336185611784458,0.3958333333333333
37,0.0021257631791134677,0.0007562747322178135,1.3694884141286214,0.0009006942273117602,0.02370976284146309,0.3333333333333333
38,0.0019718090537935496,0.0007007239153608679,1.2710850715637207,0.001120405038818717,0.02817474491894245,0.4583333333333333
39,0.002092820010147989,0.0008145377311545113,1.2782821853955586,0.0014568530023097992,0.031682584434747696,0.5208333333333334
40,0.0019905095919966697,0.0007501477181601027,1.2403618176778157,0.0010992406168952584,0.02677357941865921,0.4583333333333333
41,0.0017459191692372163,0.0006432015584626545,1.1027175744374593,0.0009677456109784544,0.024071576073765755,0.3541666666666667
42,0.001622276675576965,0.0006269413337577134,0.9953353007634481,0.000985133578069508,0.02632911130785942,0.4583333333333333
43,0.0019230146969979008,0.0006849493734383334,1.23806525071462,0.0007662561256438494,0.0218102615326643,0.4583333333333333
44,0.0019469952676445246,0.0007002693135291338,1.246725900967916,0.0011537764221429825,0.0258403941988945,0.5416666666666666
45,0.0019092693381632367,0.0007120400143321604,1.1972292502721151,0.0009727725409902632,0.023708628490567207,0.5625
46,0.0018920762464404105,0.000718001687588791,1.1740745027860007,0.000909790804143995,0.02469085343182087,0.4166666666666667
47,0.0016531416603053609,0.0006224306668930998,1.0307109316190084,0.0008455702918581665,0.02289542928338051,0.4166666666666667
48,0.0014883985199655096,0.0005794966651592404,0.9089017987251282,0.0009675019537098706,0.02480774186551571,0.3958333333333333
49,0.0015272779778266947,0.0005907317933936914,0.9365461548169454,0.0007268663612194359,0.02109363302588463,0.4166666666666667
50,0.001456921873614192,0.000548252125736326,0.9086696982383728,0.0010245171142742038,0.025823887437582016,0.5625
51,0.001744427935530742,0.000666771699131156,1.0776561776796976,0.0009646707912907004,0.025128038600087166,0.5
52,0.002082386938855052,0.0007279860787093639,1.3544007976849874,0.0010466423118487,0.02591039426624775,0.3958333333333333
53,0.0023921205506970485,0.000821108048936973,1.5710124015808105,0.001096291234716773,0.026949627324938774,0.4583333333333333
54,0.002749945611382524,0.001014455590241899,1.7354899485905966,0.001600846997462213,0.03305109590291977,0.5416666666666666
55,0.0018344729052235684,0.0006538214889587835,1.1806513826052347,0.0013055931776762009,0.030153069645166397,0.4583333333333333
56,0.0016881863897045453,0.0006501450455592325,1.0380412856737773,0.0009745249408297241,0.023772310465574265,0.375
57,0.0017068438542385896,0.0006364126573316752,1.07043114900589,0.0009264054242521524,0.022819766774773598,0.3958333333333333
58,0.001542047131806612,0.0005865201354026794,0.9555269598960876,0.00119334040209651,0.026750478893518448,0.3333333333333333
59,0.0017923860577866435,0.0006390754133462906,1.1533105731010438,0.0016793775139376521,0.03296182304620743,0.3958333333333333
60,0.0018416282488033175,0.0006969949269356827,1.1446332772572836,0.0015326297143474221,0.02938372641801834,0.375
61,0.0020657453763609133,0.0008739314585303267,1.191813846429189,0.0014418988721445203,0.029516879469156265,0.3958333333333333
62,0.0017481751274317503,0.0007287735429902871,1.019401522477468,0.0013717125402763486,0.029219230636954308,0.3333333333333333
63,0.0016977802850306034,0.0006666380834455291,1.0311421513557435,0.0013808582443743944,0.02780100889503956,0.375
64,0.0015205003942052524,0.0005694432649761439,0.9510570963223776,0.0021862562280148268,0.03687400743365288,0.4791666666666667
65,0.0017671927344053984,0.0006257677334360779,1.1414249380429586,0.00109216442797333,0.02577250637114048,0.4583333333333333
66,0.0013769164215773344,0.0005222226105009516,0.8546937783559163,0.00109706015791744,0.0254011582583189,0.5
67,0.0015088289122407634,0.0005549710263342907,0.9538578510284423,0.001373292412608862,0.030746782198548317,0.3958333333333333
68,0.001478814232784013,0.0005261550560438385,0.9526591300964355,0.0012002148432657123,0.026641251519322395,0.22916666666666666
69,0.0013908430002629757,0.0005291154840961099,0.8617274681727092,0.001333685009740293,0.030086718499660492,0.5833333333333334
70,0.0014807035292809208,0.000566272276531284,0.9144312063852946,0.002104702405631542,0.03690570592880249,0.4166666666666667
71,0.002614884621774157,0.001057724249161159,1.5571603099505107,0.0010657579405233264,0.02592751570045948,0.4583333333333333
72,0.002335724824418624,0.0009320144968417783,1.4037102699279784,0.0016047791577875614,0.033324141055345535,0.5208333333333334
73,0.002008258489271005,0.0007236252655275166,1.2846331437428793,0.001005021040327847,0.025074779987335205,0.375
74,0.00174951390363276,0.0006445653814201554,1.1049484729766845,0.0012599198380485177,0.02779906615614891,0.5
75,0.0017301327316090465,0.0006149319213970254,1.1152007500330607,0.0012802979908883572,0.029593829065561295,0.5
76,0.002090827127297719,0.0007414697824666898,1.349357283115387,0.0013258084654808044,0.02896403893828392,0.4375
77,0.001774932195742925,0.0006539579674911996,1.1209741910298665,0.0008814475149847567,0.023781253024935722,0.4166666666666667
78,0.0014129701458538571,0.0005528393162724872,0.860130782922109,0.001403298694640398,0.032142896205186844,0.4791666666666667
79,0.0018935454621290166,0.0006879170949105173,1.2056283354759216,0.0010175915667787194,0.02580704353749752,0.3541666666666667
80,0.0018097204078609745,0.000644960985907043,1.164759385585785,0.001150268828496337,0.02609444409608841,0.3958333333333333
81,0.001554120487223069,0.0005862859038946529,0.9678345441818237,0.0013159465743228793,0.02936454489827156,0.5
82,0.0020561634330078958,0.0007571070493819813,1.2990562915802002,0.0012040783185511827,0.029544351622462273,0.5208333333333334
83,0.0017578132528190812,0.0006310247117653489,1.1267885088920593,0.0011555174132809043,0.025727353990077972,0.3958333333333333
84,0.0014597231755033135,0.000517911019657428,0.9418121258417765,0.0008304439834319055,0.022830955684185028,0.4166666666666667
85,0.0014643579876671235,0.0005502101538392405,0.9141478061676025,0.0010762879392132163,0.02482292801141739,0.3958333333333333
86,0.0016619612385208409,0.0005897780822124333,1.072183112303416,0.0012307696742936969,0.027387091889977455,0.4375
87,0.0018866771056006352,0.0006305895280092954,1.2560875058174132,0.0015929307555779815,0.03048696368932724,0.3958333333333333
88,0.0017277660081163049,0.0006219623610377312,1.1058036009470622,0.00108333642128855,0.025129087269306183,0.5208333333333334
89,0.0015697803658743699,0.0005886583802445481,0.9811219215393067,0.0008975339587777853,0.025263365358114243,0.4583333333333333
90,0.001362436319080492,0.0005195223609916865,0.8429139177004497,0.0008613569079898298,0.023210307583212852,0.4375
91,0.0015969053143635391,0.0005570382539493343,1.0398670037587483,0.0014980181585997343,0.034169528633356094,0.5833333333333334
92,0.0025944218970835207,0.0009166129360285898,1.6778088490168253,0.0020118828397244215,0.03649657219648361,0.4791666666666667
93,0.0020829345642899475,0.0007695235874659071,1.3134109298388164,0.0009191193385049701,0.024274902418255806,0.4791666666666667
94,0.0016247350567330917,0.0006112474016845227,1.0134876012802123,0.0009774880018085241,0.02515430375933647,0.4166666666666667
95,0.0023955311393365265,0.0008822722748542826,1.5132588108380636,0.0012144692009314895,0.028076183050870895,0.6041666666666666
96,0.0018702472482497493,0.000661069032503292,1.2091781695683796,0.001150952884927392,0.027371294796466827,0.3958333333333333
97,0.001516331204523643,0.0006270920198100309,0.8892391443252563,0.001217550365254283,0.028760110959410667,0.4166666666666667
98,0.0015494014679764709,0.0005550788521456222,0.9943225701649984,0.00066621124278754,0.019891967996954918,0.5208333333333334
99,0.002100260346196592,0.000738225665797169,1.3620345989863079,0.0013172767357900739,0.029777681455016136,0.5833333333333334
100,0.0019872165207440655,0.0006976542257082959,1.2895622650782268,0.0010735915275290608,0.025618622079491615,0.4166666666666667
101,0.0017760841175913811,0.0006739996102017661,1.1020844260851541,0.000755840796045959,0.02176983468234539,0.4166666666666667
102,0.0018338033463805915,0.0006249316114311417,1.2088716745376586,0.001967452932149172,0.03762878477573395,0.375
103,0.0021094594228391844,0.0008028464469437798,1.3066129088401794,0.002065846463665366,0.035235632210969925,0.3541666666666667
104,0.001831076224334538,0.0007263030992665638,1.1047730843226116,0.001044530188664794,0.026504023000597954,0.5208333333333334
105,0.0014181425406907995,0.000600759353255853,0.8173831582069397,0.000874577381182462,0.024254338815808296,0.5208333333333334
106,0.001440267505434652,0.0006106052644706021,0.8296622037887573,0.0018533073598518968,0.03332032635807991,0.3958333333333333
107,0.0016722668583194415,0.0006504112214315682,1.0218555887540182,0.0010420667240396142,0.024448659271001816,0.4166666666666667
108,0.002022801619023085,0.0007739480798287939,1.2488534808158875,0.0011488687014207244,0.027874810621142387,0.4583333333333333
109,0.001647947340582808,0.0006136819351619731,1.0342653433481852,0.0009012777009047568,0.02470024675130844,0.5208333333333334
110,0.0013940098113380372,0.0004980141655930008,0.8959956010182698,0.0009653907036408782,0.024364057928323746,0.5416666666666666
111,0.001457953065012892,0.0005174654147898157,0.9404876112937928,0.001174831297248602,0.02554008737206459,0.3541666666666667
112,0.0014162323515241346,0.0005483969153525929,0.8678353945414226,0.0009016304393298924,0.024085838347673416,0.3958333333333333
113,0.0012945401870335142,0.0004607088922057301,0.833831266562144,0.0008292081183753908,0.023393351584672928,0.375
114,0.0012132605615382394,0.0004674133340207239,0.7458471894264221,0.0009832457872107625,0.026115624234080315,0.5625
115,0.001620013654852907,0.0006412230451436092,0.978790549437205,0.001234973082318902,0.028837714344263077,0.5416666666666666
116,0.0014612656086683273,0.0005562748527154326,0.9049907088279724,0.0012676019687205553,0.028799476101994514,0.375
117,0.0018487158541878065,0.0006524541143638393,1.1962616721789041,0.0014705639332532883,0.030822543427348137,0.3958333333333333
118,0.0018715163537611564,0.0006661480738936614,1.2053682287534078,0.0008331359713338315,0.021008847281336784,0.4375
119,0.0018736220818633834,0.0006773503691268463,1.1962716658910115,0.0008784191450104117,0.02422245405614376,0.5416666666666666
120,0.0019954360323026776,0.0007423039603357514,1.2531319856643677,0.0011254264973104,0.028648054227232933,0.5416666666666666
121,0.0014411154203116893,0.0005349201538289587,0.9061952233314514,0.000772560597397387,0.023217804729938507,0.5208333333333334
122,0.0018478139381234845,0.0006533781571003298,1.194435719648997,0.001341599621810019,0.02927939034998417,0.5833333333333334
123,0.002016433025710285,0.0006943144932544479,1.3221184651056925,0.001548046711832285,0.03145262226462364,0.3958333333333333
124,0.002669866072634856,0.0009678787823456029,1.7019872506459555,0.001038633636198938,0.026287095621228218,0.4791666666666667
125,0.0021573246146241822,0.000756265411231046,1.4010591546694438,0.0012759168166667223,0.028128450736403465,0.6041666666666666
126,0.0016274536106114586,0.0005661086024095614,1.0613449732462565,0.000635517411865294,0.020030446350574493,0.4583333333333333
127,0.001387268405718108,0.0005029264837503433,0.8843418757120768,0.0009092515101656318,0.02286197803914547,0.4166666666666667
128,0.0015062626218423248,0.0005661526403855533,0.9401099562644959,0.0009712142054922879,0.0252390094101429,0.5416666666666666
129,0.0018897502139831582,0.0006834273634012788,1.2063227891921997,0.0017732022097334266,0.032621074467897415,0.3541666666666667
130,0.0016880508745089173,0.0006624369726826747,1.0256138404210409,0.0011308746179565787,0.027766695246100426,0.4791666666666667
131,0.001300030896284928,0.0004721372165173913,0.8278936386108399,0.0006112949922680855,0.020389435812830925,0.5
132,0.0013388370241348942,0.000516084989067167,0.8227520028750102,0.000765119562856853,0.021114220842719078,0.4375
133,0.0016018633653099338,0.0005755961290560662,1.0262671947479247,0.0006526181823574007,0.020935775712132454,0.4375
134,0.0016239988695209225,0.000626734554922829,0.9972642739613851,0.0011049919994547963,0.025578850880265236,0.4166666666666667
135,0.0017487799593557914,0.0006032799079548568,1.1455000042915344,0.0009930907981470227,0.026012977585196495,0.5416666666666666
136,0.0015687277191318572,0.0005981215169110025,0.9706061720848084,0.0009017059928737581,0.02438783086836338,0.5416666666666666
137,0.0014581170088301101,0.000583182576034839,0.8749343792597453,0.0010141872335225344,0.02491559460759163,0.375
138,0.0012051321488494675,0.0004502924430804948,0.7548396786053976,0.0007606860599480569,0.02179482765495777,0.4375
139,0.0013701252561683457,0.0005156419142925491,0.8544832865397135,0.0012417356483638287,0.02749761752784252,0.5416666666666666
140,0.0017963579234977563,0.000670600861000518,1.1257570028305053,0.0013552965829148889,0.03140893578529358,0.5416666666666666
141,0.001486020985369881,0.0005694725453698387,0.9165483911832174,0.0008621420129202306,0.024185920134186745,0.4583333333333333
142,0.0014236263232305646,0.0005428697390016168,0.8807565291722615,0.0008741110796108842,0.024065935984253883,0.4791666666666667
143,0.0016212409750247995,0.0006586765715231498,0.9625643491744995,0.0008787027327343822,0.02373548224568367,0.4375
144,0.0017672471546878417,0.0006245178054086864,1.1427292943000793,0.0008888996089808643,0.02382839098572731,0.5
145,0.0017098433803766967,0.0006001779848399262,1.1096653421719869,0.000889624236151576,0.024617737159132957,0.5833333333333334
146,0.0015241966970885794,0.0005841818696353584,0.9400147596995035,0.0009896769188344479,0.02476220764219761,0.375
147,0.001384481267693142,0.0005371585565929611,0.8473226586977641,0.001185573055408895,0.027416102588176727,0.4166666666666667
148,0.0014470472155759732,0.0005107525852508843,0.9362945675849914,0.0009286612621508539,0.02398619055747986,0.2916666666666667
149,0.0011342838949834307,0.00042913997118982175,0.7051438887914022,0.0007916757604107261,0.021946793422102928,0.4375
150,0.0013559766501809159,0.0005646333699890723,0.7913432399431864,0.0015381269622594118,0.030692577362060547,0.4166666666666667
151,0.0017715076993529996,0.0006676947426361343,1.1038129091262818,0.0011337389005348086,0.02661890909075737,0.3541666666666667
152,0.0014294289789783458,0.0005431464485203227,0.8862824638684591,0.0008543247822672129,0.022978560999035835,0.4375
153,0.0012393108569085597,0.00045717322694448134,0.7821375926335653,0.0007575171766802669,0.022811284288764,0.5833333333333334
154,0.0012414683975900214,0.00047052199952304365,0.7709463715553284,0.0009729991434141994,0.025122355669736862,0.3958333333333333
155,0.0015921927600478132,0.0005598543483453492,1.0323383649190268,0.0016548989806324244,0.03136278688907623,0.5208333333333334
156,0.0017679779091849923,0.0006335705479917427,1.1344073176383973,0.001250247354619205,0.026539627462625504,0.375
157,0.0017332988635947308,0.0006336250400636346,1.0996737718582152,0.0012316103093326092,0.028344376012682915,0.5416666666666666
158,0.0015432509671275815,0.0005856875660053144,0.9575633486111959,0.0015735276974737644,0.03078310936689377,0.5416666666666666
159,0.0018898911541327835,0.0007490578903040538,1.1408332506815593,0.0014528782339766622,0.02964363805949688,0.3958333333333333
160,0.001491362857632339,0.0005629399500321596,0.9284228722254435,0.0009322119294665754,0.024762114509940147,0.625
161,0.0015226259982834259,0.0005721475929021836,0.9504783550898234,0.0009446455514989793,0.02519878000020981,0.4791666666666667
162,0.001717448583804071,0.0006331280164886266,1.0843205134073892,0.0015292654279619455,0.03025161288678646,0.4166666666666667
163,0.0015757263094807665,0.0005657387024257332,1.0099875847498576,0.0012689720606431365,0.028726676478981972,0.3541666666666667
164,0.001531141328935822,0.0005803460235862683,0.9507952610651652,0.000855285266879946,0.023092592135071754,0.4791666666666667
165,0.0014644210304444035,0.0005809895830073704,0.8834314187367757,0.0012749055167660117,0.029926545917987823,0.6041666666666666
166,0.0013319442979991436,0.0005156650770610819,0.8162791927655538,0.0011537441750988364,0.02747764065861702,0.5833333333333334
167,0.0015947861364111304,0.0005704886027767012,1.0242974917093912,0.0008412907482124865,0.02356438711285591,0.5
168,0.0014816828537732364,0.0005324401853916545,0.9492426156997681,0.0012577032903209329,0.028734879568219185,0.5208333333333334
169,0.0013408103026449681,0.0005121337676731248,0.8286764860153198,0.000697295821737498,0.020969552919268608,0.5833333333333334
170,0.0015477523440495134,0.0005421714081118504,1.0055808862050375,0.0011695052962750196,0.027709344401955605,0.4791666666666667
171,0.0017952452724178632,0.0006336215398429582,1.1616237004597982,0.0011511017801240087,0.02622959576547146,0.3958333333333333
172,0.0015624122694134711,0.0005543679716841628,1.0080442388852437,0.0009219784406013787,0.025125030428171158,0.5208333333333334
173,0.0015951049281284213,0.0005545557612398019,1.0405491471290589,0.0009234010358341038,0.024879250675439835,0.3958333333333333
174,0.0014146459521725773,0.00047686008329037575,0.9377858281135559,0.0012855144450441003,0.028365222737193108,0.3541666666666667
175,0.0012987582944333554,0.00047391711268574,0.8248411297798157,0.0010805773781612515,0.026050375774502754,0.3958333333333333
176,0.0012074661441147327,0.00046271386090666054,0.7447522521018982,0.0010072423610836267,0.025411022827029228,0.5
177,0.0013347454601898789,0.0005119103104031334,0.822835115591685,0.0009924911428242922,0.025073962286114693,0.4583333333333333
178,0.0013110768981277944,0.0004693592219458272,0.8417176445325215,0.0010958969360217452,0.026413364335894585,0.3541666666666667
179,0.001448976993560791,0.000523956436275815,0.9250205318133037,0.0011071686167269945,0.02711675502359867,0.4166666666666667
180,0.0017241309784973662,0.0005858570628333836,1.13827383518219,0.0013070179848000407,0.0289771668612957,0.5416666666666666
181,0.0014175218374778828,0.0005037233175244182,0.913798455397288,0.001008662860840559,0.02492695488035679,0.5
182,0.0012644396396353842,0.0004540499571400384,0.8103896538416545,0.0013241419801488519,0.02996906451880932,0.5625
183,0.0016295103589072824,0.0006101476571833094,1.0193626443545023,0.0011491469340398908,0.025750093162059784,0.375
184,0.0020331670762971043,0.0006800429507469138,1.3531240502993265,0.0012847132747992873,0.030372360721230507,0.5833333333333334
185,0.0013725667881468932,0.0005211917819300045,0.8513749639193217,0.0011134851956740022,0.026901928707957268,0.5625
186,0.0011967804515734316,0.00047260941355489197,0.724170978864034,0.0010448021348565817,0.02682880125939846,0.5
187,0.0012664757901802658,0.00045561433071270583,0.8108614285786947,0.0011616352712735534,0.029048478230834007,0.5416666666666666
188,0.0014131963641072314,0.0005259156110696495,0.8872807184855144,0.0011623632162809372,0.028331320732831955,0.4583333333333333
189,0.001150859904009849,0.0004165074050736924,0.734352461496989,0.0011560285929590464,0.027412403374910355,0.4166666666666667
190,0.00131252344387273,0.0005259135427574317,0.7866098721822102,0.0010400026803836226,0.02627120353281498,0.4375
191,0.0013158532014737527,0.0005250606356033434,0.7907925287882487,0.0011689829407259822,0.02773435227572918,0.5416666666666666
192,0.0013094332612430056,0.0005352747917640954,0.7741584420204163,0.001040165894664824,0.025638120248913765,0.4583333333333333
193,0.0014401255097861092,0.0005619776318781077,0.878147820631663,0.0010025231167674065,0.02595609240233898,0.4583333333333333
194,0.0012860292413582404,0.0004647448503722747,0.8212843537330627,0.0012021296424791217,0.027758512645959854,0.4375
195,0.0015344293943295876,0.0005323591739094506,1.002070164680481,0.0011711829574778676,0.029001494869589806,0.5
196,0.001905622729100287,0.0006185109862902513,1.2871116836865744,0.0012530239764600992,0.027954544872045517,0.5416666666666666
197,0.0016248092676202457,0.0006003181527679166,1.024491043885549,0.0008250963292084634,0.022661540657281876,0.3541666666666667
198,0.0014500781971340379,0.0005038853598913799,0.9461927970250448,0.001202822895720601,0.026772134006023407,0.3125
199,0.0015022595102588336,0.0005128505756147206,0.9894088864326477,0.0010650914628058672,0.025202950462698936,0.3958333333333333
200,0.0013066238801305492,0.0004782203371481349,0.8284035126368204,0.0012094229459762573,0.027940265834331512,0.5
201,0.0015189396139855186,0.0005254261991164337,0.9935133854548136,0.0011913742637261748,0.027358222752809525,0.3541666666666667
202,0.00173012917706122,0.0006162480839217703,1.1138810435930888,0.0028710600454360247,0.0455952063202858,0.3958333333333333
203,0.0028627179097384216,0.0009795476760094365,1.8831701755523682,0.0012230802094563842,0.028099387884140015,0.375
204,0.0017701618295783799,0.0006064654890603076,1.1636963168780008,0.0008778685005381703,0.024553272873163223,0.4791666666666667
205,0.0014435569057241083,0.0004981799186983457,0.9453769564628601,0.0011410844745114446,0.026974814012646675,0.5208333333333334
206,0.0015754356049001218,0.0005785066692624241,0.99692888657252,0.0010158184450119734,0.02656886912882328,0.4791666666666667
207,0.0015650948354353508,0.0005849673587363213,0.9801274299621582,0.0014862196985632181,0.03186384588479996,0.5
208,0.0014482155131796996,0.0005481147808798899,0.9001006841659546,0.0010753199458122253,0.026802072301506996,0.4583333333333333
209,0.001191376696806401,0.00046789018670096995,0.7234864672025044,0.0013814183184877038,0.030025633051991463,0.4375
210,0.0012749287687862912,0.00046005788608454167,0.8148708343505859,0.0012942670146003366,0.02900085039436817,0.3958333333333333
211,0.0013582749525085092,0.00046720669488422575,0.8910682082176209,0.0015695965848863125,0.030693070963025093,0.3958333333333333
212,0.0019529638268674413,0.0006884619807048391,1.2645017902056377,0.0013744878815487027,0.03156368061900139,0.5833333333333334
213,0.001560307953817149,0.0005452760126596937,1.015031890074412,0.0009324367274530232,0.025304023176431656,0.4583333333333333
214,0.0014489520962039629,0.0005311981483828276,0.9177538871765136,0.0010488835396245122,0.026861047372221947,0.3333333333333333
215,0.0014325719637175401,0.0005615930014755577,0.8709789315859476,0.0012537856819108129,0.028279762715101242,0.4375
216,0.0015333930728957056,0.000571877317270264,0.9615156968434652,0.0010415319120511413,0.026362145319581032,0.5208333333333334
217,0.0015448110255723198,0.000552350045957913,0.9924609382947286,0.0011146507458761334,0.02724323607981205,0.5833333333333334
218,0.0012974812028308709,0.0005142046274462093,0.7832765261332194,0.0012520195450633764,0.027748115360736847,0.5833333333333334
219,0.0015170764410868288,0.0005458448470259706,0.9712315559387207,0.0009428755147382617,0.025633400306105614,0.375
220,0.0013354275026358664,0.0004785399786972751,0.8568874716758728,0.0011377597693353891,0.027997499331831932,0.4583333333333333
221,0.0015041534866516789,0.0006349503217885892,0.8692031304041544,0.0010816039284691215,0.02649504318833351,0.4791666666666667
222,0.0011923163508375486,0.00044635889935307205,0.7459574182828267,0.0010455123847350478,0.0264760572463274,0.5208333333333334
223,0.0012755498833333452,0.0005004404636565595,0.7751093904177347,0.0011293060379102826,0.027749916538596153,0.5208333333333334
224,0.0011995590369527538,0.0004490286228246987,0.7505303740501403,0.0009376620873808861,0.024763597175478935,0.5416666666666666
225,0.0012453726259991527,0.0005554714531172067,0.6899011532465616,0.0011632968671619892,0.02597280964255333,0.5625
226,0.0011519669865568479,0.00045448319481996197,0.69748375415802,0.0011441779788583517,0.027363132685422897,0.4583333333333333
227,0.0011743905139155685,0.00047853976332892973,0.6958507219950358,0.0012000646675005555,0.027832521125674248,0.4375
228,0.0016178888812040289,0.0005192945866535107,1.0985942721366881,0.0010118444915860891,0.026042424142360687,0.5416666666666666
229,0.0013511890273851654,0.0005003889750999709,0.8508000095685323,0.001270517474040389,0.028720106929540634,0.5416666666666666
230,0.0017061997049798569,0.0006085768322615574,1.097622811794281,0.0010941510554403067,0.026615075767040253,0.5416666666666666
231,0.001681437692604959,0.0005862665052215259,1.0951711217562357,0.001144798006862402,0.028301332145929337,0.4375
232,0.0019049261619026462,0.0006750611840592077,1.2298649032910665,0.0020128940232098103,0.03651570528745651,0.5833333333333334
233,0.0016827979396718243,0.000637655930283169,1.0451419631640115,0.0008589065400883555,0.023380625993013382,0.4583333333333333
234,0.0014108891288439434,0.0005049661073523263,0.9059229652086894,0.0011783813824877143,0.02877332828938961,0.5625
235,0.001273075370894124,0.0004612675169482827,0.8118078192075093,0.0015838445397093892,0.030750038102269173,0.5416666666666666
236,0.0015289474666739503,0.0005614814135090758,0.9674659927686056,0.0014435929479077458,0.030117282643914223,0.625
237,0.0015558050246909261,0.000570189948969831,0.9856150269508361,0.0014644900802522898,0.03165895864367485,0.3958333333333333
238,0.001505037040139238,0.0005357421236112714,0.9692948738733927,0.0014262946788221598,0.03104041889309883,0.3333333333333333
239,0.0014927755653237303,0.0005252570379525423,0.9675184925397237,0.001385499257594347,0.03021363355219364,0.5833333333333334
240,0.0019849053894480067,0.0006814147151696185,1.3034905831019084,0.0012299367226660252,0.028139976784586906,0.5208333333333334
241,0.0013684712117537855,0.00048099313862621785,0.8874780495961507,0.0011325761443004012,0.027119573205709457,0.6458333333333334
242,0.0015361219799766939,0.0005369883476911733,0.9991335948308309,0.001183433341793716,0.027895232662558556,0.3333333333333333
243,0.0013583473861217498,0.000470725487684831,0.8876218358675639,0.0009542325860820711,0.02519151195883751,0.5625
244,0.0010965966580746074,0.0004223854319813351,0.6742111961046855,0.0012545144418254495,0.02810242585837841,0.4791666666666667
245,0.0012563689728267492,0.0004702623710424329,0.7861065586407979,0.0011934904614463449,0.028691239655017853,0.4166666666666667
246,0.001235060851710538,0.0005094707012176514,0.7255900939305623,0.0012897924752905965,0.029020046815276146,0.4791666666666667
247,0.001485156174749136,0.0005765619484009221,0.9085941910743713,0.0014431667514145374,0.02980629913508892,0.4166666666666667
248,0.0014415375034635266,0.0005367713602026924,0.9047660748163859,0.0009374052751809359,0.025508003309369087,0.5208333333333334
249,0.0012302345285813013,0.0004546220841196676,0.7756124019622803,0.0010071754222735763,0.026134749874472618,0.3333333333333333
250,0.0014169214526191353,0.0005209729230652252,0.8959484895070394,0.0010595603380352259,0.02599683590233326,0.4791666666666667
251,0.0011242183313394587,0.00041334174651031695,0.7108765323956807,0.0011223432375118136,0.027240147814154625,0.5208333333333334
252,0.0012693308604260285,0.0004928986289693664,0.776432188351949,0.0009018421405926347,0.023804521188139915,0.5
253,0.0013048835021133224,0.0005414484301581978,0.7634350419044494,0.001800080994144082,0.03478078171610832,0.375
254,0.0016469852610801656,0.000676321005448699,0.9706641713778178,0.0011048322776332498,0.026848962530493736,0.5
255,0.0018080891110002994,0.0007048058304159592,1.1032832304636637,0.0012464243918657303,0.02877938747406006,0.5416666666666666
256,0.0017251064690450826,0.0005947364416594307,1.1303699612617493,0.00122818723320961,0.028288571164011955,0.5416666666666666
257,0.0014417280986284216,0.0005393387749791145,0.9023892919222514,0.0010763315949589014,0.027125176042318344,0.5416666666666666
258,0.0010944956835980217,0.00037857766922873753,0.715917976697286,0.0011043803533539176,0.02721795067191124,0.4166666666666667
259,0.00163789923923711,0.000565746034650753,1.0721531748771667,0.001197637990117073,0.028492329642176628,0.5625
260,0.0015119489165954293,0.0004955153524254759,1.0164335171381633,0.0010067197727039456,0.02591320499777794,0.5208333333333334
261,0.0013792590936645866,0.0004765522258821875,0.9027068257331848,0.0012095773126929998,0.02912694215774536,0.5
262,0.0011655119325344762,0.0003914584677355985,0.774053430557251,0.0011284983484074473,0.028096016496419907,0.5625
263,0.001343299929673473,0.0004439372782750676,0.8993625958760579,0.001255502225831151,0.027941275388002396,0.5625
264,0.0012396298969785371,0.00044882578852896887,0.7908040642738342,0.001391077064909041,0.030140209943056107,0.4791666666666667
265,0.0013456693074355524,0.00047664237984766563,0.8690268754959106,0.001485549146309495,0.028304969891905785,0.5
266,0.0012660698732361198,0.0004797278321348131,0.7863420089085896,0.0010225233854725957,0.026193788275122643,0.4791666666666667
267,0.0010788641947632035,0.00041642591434841355,0.6624382396539052,0.001071904436685145,0.026780057698488235,0.4791666666666667
268,0.0011870627951187393,0.00041514154387793195,0.7719212253888448,0.0012090265518054366,0.028677653521299362,0.4375
269,0.0012597373376290004,0.0004565538508662333,0.8031834602355957,0.0012800582917407155,0.029060104861855507,0.5
270,0.001423628426467379,0.0005142095712168763,0.9094188332557678,0.0011179540306329727,0.02765854448080063,0.5208333333333334
271,0.001219100543918709,0.0004394376378816863,0.7796628634134929,0.000887339178007096,0.024282073602080345,0.4791666666666667
272,0.0010456189746037125,0.00037632946914527564,0.669289481639862,0.0009076464339159429,0.02505650743842125,0.4583333333333333
273,0.000997917140678813,0.00034387217989812293,0.6540449281533559,0.0010733348317444324,0.02635505609214306,0.5208333333333334
274,0.001069318619556725,0.0003889726911438629,0.680345908800761,0.0011061631375923753,0.027281029149889946,0.5
275,0.0015101261048888167,0.0005071364187945923,1.002989661693573,0.0013341618468984962,0.029815373942255974,0.375
276,0.001289915037341416,0.0004534610857566198,0.836453930536906,0.0011375301983207464,0.02668267861008644,0.4583333333333333
277,0.0012212523569663366,0.00042082530756791433,0.8004270037015279,0.0011482994304969907,0.027438223361968994,0.375
278,0.0014840826702614625,0.000522782156864802,0.9613004644711812,0.0010569446021690965,0.02624320238828659,0.5
279,0.0011088843379790585,0.00038502198682787515,0.7238623102506002,0.0010033876169472933,0.02566280961036682,0.5625
280,0.0011859441952159007,0.0003847624136445423,0.8011817336082458,0.0011361303040757775,0.027716197073459625,0.5208333333333334
281,0.0016558701715742548,0.0005831723741721362,1.0726977507273356,0.001283144112676382,0.02913535013794899,0.4166666666666667
282,0.0013581134223689636,0.0004947040618086854,0.8634093046188355,0.0012499826261773705,0.028675610199570656,0.375
283,0.0014834793750196696,0.0005092272088707736,0.9742521166801452,0.00141136406455189,0.03047686442732811,0.5416666666666666
284,0.001286553250004848,0.0005293197794041286,0.7572334329287211,0.0011552723590284586,0.027630755677819252,0.4166666666666667
285,0.0015037563435422877,0.0005231089948210865,0.9806473056475321,0.0010780480224639177,0.027392355725169182,0.5
286,0.0014603675110265613,0.0005189324632131805,0.9414350112279256,0.0010331817902624607,0.025424709543585777,0.4791666666666667
287,0.0011572865730461975,0.0004456782868752877,0.7116082310676575,0.000990607077255845,0.025395547971129417,0.4166666666666667
288,0.0011159361340105534,0.00038248003693297505,0.7334560592969258,0.0010819847229868174,0.027500836178660393,0.5208333333333334
289,0.0013102184127395352,0.000463497817205886,0.8467205603917439,0.0011136748362332582,0.02699613757431507,0.5208333333333334
290,0.0014713518631954989,0.0005726217214638989,0.8987300793329874,0.0011002786923199892,0.026956379413604736,0.2916666666666667
291,0.0015175856106604138,0.0005895705680207659,0.9280149936676025,0.0013856523437425494,0.030629176646471024,0.3958333333333333
292,0.001906533190049231,0.0006714369868859648,1.2350961287816367,0.0010470582637935877,0.026509182527661324,0.4166666666666667
293,0.0012725961316997806,0.0005066745332442224,0.7659215370814005,0.0010117170168086886,0.02628988027572632,0.4375
294,0.001164518331643194,0.000466356750500078,0.6981615503629048,0.0009961591567844152,0.026043536141514778,0.5208333333333334
295,0.0012542222859337926,0.0005255263531580567,0.7286958893140157,0.0009824134176597,0.02517053484916687,0.5208333333333334
296,0.0010340948317510386,0.00037096624243228385,0.6631285587946574,0.001205044100061059,0.026710502803325653,0.5625
297,0.0012128059131403764,0.0004712088033556938,0.7415970683097839,0.0009341167751699686,0.02482459880411625,0.3333333333333333
298,0.0013913751735041538,0.0004756571647400657,0.9157179752985637,0.0011995777022093534,0.02774842642247677,0.5
299,0.0013458285635958116,0.0005074200123393287,0.8384084979693095,0.0009809143375605345,0.025852086022496223,0.6041666666666666
300,0.0011411669120813409,0.0004124216657752792,0.7287452141443889,0.0011157393455505371,0.026777513325214386,0.5625
301,0.0013908966599653165,0.0005365005558511863,0.8543960650761923,0.0011509305331856012,0.02720043621957302,0.3333333333333333
302,0.0018756944763784608,0.0006440460352071871,1.2316483894983927,0.001864667166955769,0.036378536373376846,0.5416666666666666
303,0.0017866540467366577,0.0006820599761946747,1.1045940359433493,0.001389383221976459,0.030327318236231804,0.4791666666666667
304,0.0013486971884655455,0.0004938818068088343,0.8548153320948283,0.0009374761139042675,0.025351623073220253,0.5416666666666666
305,0.0013343837888290485,0.0005211625092973311,0.8132212400436402,0.0010197076480835676,0.026957113295793533,0.4166666666666667
306,0.0012217308511026203,0.0004421483065622548,0.7795825123786926,0.0012612559366971254,0.029583128169178963,0.5
307,0.0015581080379585424,0.0005188544824098547,1.0392535050710043,0.001507040811702609,0.031639594584703445,0.4791666666666667
308,0.0016005635804807147,0.000559968507150188,1.040595014890035,0.001162337139248848,0.028037147596478462,0.5
309,0.0014637641065443556,0.0005459866137243807,0.9177774588267008,0.0010775965638458729,0.02651296742260456,0.4375
310,0.0013231097099681696,0.0005206965977170815,0.8024130582809448,0.0012458092533051968,0.02902141399681568,0.5416666666666666
311,0.00133455415101101,0.0004915183390645932,0.8430357694625854,0.0011848383583128452,0.027993114665150642,0.4166666666666667
312,0.0012691935524344444,0.00046466043956267336,0.8045330882072449,0.0010459355544298887,0.02594129554927349,0.5208333333333334
313,0.0012459392736976346,0.00044779208061906196,0.7981471379597982,0.0010848426027223468,0.026489058509469032,0.5
314,0.001179354009218514,0.00042159397271461784,0.7577599803606669,0.0009805125882849097,0.02548162080347538,0.4375
315,0.0012049130086476604,0.0004234675415015469,0.7814454317092896,0.001250697299838066,0.028938952833414078,0.4583333333333333
316,0.0014903253487621745,0.00048616771236993374,1.004157574971517,0.0010613164631649852,0.026009315624833107,0.5208333333333334
317,0.0011704754084348678,0.00041213069149913885,0.7583447058995565,0.0012845327146351337,0.028197873383760452,0.4583333333333333
318,0.0011241548966305951,0.00042954296028862394,0.694611914952596,0.0013223603600636125,0.027123382315039635,0.625
319,0.0012840645310158532,0.0004766670812387019,0.8073973933855693,0.0011140215210616589,0.02690390683710575,0.5625
320,0.0012029463425278664,0.0004419669295505931,0.7609793821970622,0.001038647722452879,0.025867735967040062,0.5416666666666666
321,0.0011277368253407379,0.0004021683116055404,0.7255684852600097,0.0010703759035095572,0.026283403858542442,0.5625
322,0.0012398814239228766,0.0004516230042402943,0.7882583876450856,0.0010967643465846777,0.02656344138085842,0.4791666666666667
323,0.0012227242502073448,0.0004335190693382174,0.7892051418622335,0.0009115774882957339,0.023553838953375816,0.5
324,0.0011314686853438616,0.0004159708390943706,0.7154978056748708,0.0012316274223849177,0.028580907732248306,0.4583333333333333
325,0.0012589296170820792,0.00047202033650440477,0.7869092583656311,0.0012292839819565415,0.027894774451851845,0.3958333333333333
326,0.0011686815725018582,0.00043133234818621227,0.7373491843541463,0.0015451018698513508,0.03199358657002449,0.3958333333333333
327,0.0013966102773944537,0.000506203545955941,0.8904066761334737,0.0010576482163742185,0.02684781886637211,0.5625
328,0.0012463036381329098,0.0004350300238002092,0.8112735688686371,0.001310441642999649,0.029722608625888824,0.4375
329,0.001031194992053012,0.00039863272298437853,0.632562232017517,0.0009292700560763478,0.024228664115071297,0.4791666666666667
330,0.0011308127936596672,0.00039304005719410876,0.7377727031707764,0.0011140761198475957,0.02712220512330532,0.5833333333333334
331,0.0011180020092676083,0.0003977835721646746,0.7202183961868286,0.0012837271206080914,0.026859181001782417,0.375
332,0.001216982580566158,0.00042393641779199244,0.7930461366971334,0.0010894805891439319,0.026087187230587006,0.3958333333333333
333,0.0012562449711064497,0.00043878761352971195,0.8174573143323263,0.0010491969296708703,0.026631107553839684,0.4583333333333333
334,0.001145209593232721,0.0004430895147379488,0.7021200299263001,0.001472055446356535,0.030685562640428543,0.4791666666666667
335,0.0021398941753432155,0.0007622007397003472,1.3776933511098226,0.0016803414328023791,0.033613432198762894,0.4166666666666667
336,0.0017268459390227993,0.0006248916906770319,1.1019541899363199,0.001546700019389391,0.03118937835097313,0.4791666666666667
337,0.0014217775004605451,0.0005395495585010698,0.882227897644043,0.001081788563169539,0.02626282162964344,0.5208333333333334
338,0.0013881881333266696,0.000473387607295687,0.9148004810015361,0.0010120862862095237,0.025398384779691696,0.4583333333333333
339,0.0012002329031626383,0.0004400438241039713,0.7601890484491984,0.0008539161062799394,0.02328682504594326,0.5833333333333334
340,0.0011184695720051726,0.0004307730957710495,0.6876964211463928,0.0010682550491765141,0.026253024116158485,0.4375
341,0.0014311799934754769,0.0004687295896777262,0.962450365225474,0.0015541949542239308,0.03264809399843216,0.5208333333333334
342,0.0019731185554216304,0.0006484429914659511,1.3246755043665568,0.0010989477159455419,0.026540132239460945,0.5625
343,0.001328292473529776,0.0004766634840052575,0.8516289353370666,0.0010912650031968951,0.026985876262187958,0.4166666666666667
344,0.001292113005183637,0.0004541505555001398,0.8379623810450236,0.0011591832153499126,0.02632749080657959,0.3958333333333333
345,0.0011200219315166274,0.00040514831392404933,0.7148735682169597,0.0010640061227604747,0.026375919580459595,0.5416666666666666
346,0.0020278218512733777,0.0007524669403210282,1.2753548502922059,0.001991263125091791,0.03793375939130783,0.5833333333333334
347,0.0017291178305943807,0.0006179275437413405,1.1111902316411337,0.0011443892726674676,0.026879167184233665,0.4791666666666667
348,0.0015085832642701765,0.0005624316826773186,0.9461515347162882,0.001467569381929934,0.029756423085927963,0.4166666666666667
349,0.0018674652790650725,0.0006784605017552773,1.1890047073364258,0.0013260494451969862,0.029495008289813995,0.5208333333333334
350,0.00133241288519154,0.0005093275161925703,0.823085339864095,0.0010951976291835308,0.025608258321881294,0.5208333333333334
351,0.0013326153935243686,0.0004894840511648605,0.8431313077608744,0.0010291601065546274,0.02498265728354454,0.5416666666666666
352,0.0010079359790931145,0.00038881662379329404,0.6191193342208863,0.0011610363144427538,0.027670877054333687,0.4166666666666667
353,0.00112108076379324,0.0004395795015928646,0.6815012256304424,0.0012966044014319777,0.028662942349910736,0.5
354,0.001260080204034845,0.00044072161933096746,0.8193585395812988,0.0010082961525768042,0.025425709784030914,0.4791666666666667
355,0.0011478435946628452,0.0004040498073057582,0.7437937537829081,0.0011214936384931207,0.027325471863150597,0.625
356,0.0011799550227199992,0.0004234272462781519,0.7565277417500814,0.0009083753684535623,0.024297337979078293,0.5
357,0.0011510616323600212,0.00044105227765006325,0.7100093245506287,0.0013020375045016408,0.029397977516055107,0.4583333333333333
358,0.0012795967049896717,0.0004257947555743158,0.8538019259770712,0.0010666503803804517,0.026282820850610733,0.5416666666666666
359,0.001629205474940439,0.0005598687993672986,1.0693366289138795,0.0011433758772909641,0.027446884661912918,0.5208333333333334
360,0.0015027636506905159,0.0005411448519832145,0.9616187612215678,0.0014303425559774041,0.02941971831023693,0.4583333333333333
361,0.0015309937375908096,0.0005116957589052617,1.0192979296048483,0.0012283469550311565,0.028328392654657364,0.5
362,0.0011827176824832956,0.00042377461795695126,0.7589430252710978,0.0009354455396533012,0.024621721357107162,0.5208333333333334
363,0.0010938835912384093,0.00037914626203322164,0.7147372841835022,0.0011407883139327168,0.026990024372935295,0.4583333333333333
364,0.0011621888726949692,0.0003944455878809094,0.7677432537078858,0.001157641294412315,0.02695002220571041,0.5416666666666666
365,0.0012541520098845163,0.00042723225390849014,0.8269197106361389,0.0009066666825674474,0.024732334539294243,0.4166666666666667
366,0.0011891779218179484,0.0004288310941774398,0.7603468020757039,0.001145090558566153,0.026797903701663017,0.6041666666666666
367,0.001187091483734548,0.0004075550299603492,0.7795364220937093,0.0010235508671030402,0.025081930682063103,0.4791666666666667
368,0.0010732766008004547,0.0003809522953815758,0.6923242886861165,0.0010512805311009288,0.026303650811314583,0.5833333333333334
369,0.0014014161191880704,0.00046991642254094285,0.9314996480941773,0.0012325706193223596,0.02728048339486122,0.3541666666666667
370,0.001346682155660043,0.0004595004274354627,0.8871816754341125,0.001313901273533702,0.029076483100652695,0.5
371,0.0013735460893561442,0.00046605738850000005,0.9074886600176494,0.0009533614502288401,0.02529953047633171,0.6041666666666666
372,0.0014045396043608587,0.00045480894041247664,0.9497306148211161,0.0009954518172889948,0.02523012086749077,0.4791666666666667
373,0.0010215056089994809,0.00039244783692993224,0.6290577451388041,0.0011471908073872328,0.027459766715765,0.5416666666666666
374,0.0009563245189686616,0.00036073040391784163,0.5955940822760264,0.0011113286018371582,0.026614520698785782,0.3541666666666667
375,0.0011058386648073793,0.0003983894498863568,0.707449181874593,0.0014276283327490091,0.03068513236939907,0.4583333333333333
376,0.0012362112019521495,0.0004101085049721102,0.8261026819547017,0.0012008959893137217,0.027279887348413467,0.4583333333333333
377,0.0013758179343615969,0.0004529072515045603,0.9229106227556865,0.0010595428757369518,0.025205904617905617,0.5208333333333334
378,0.001181267232944568,0.00047205351293087003,0.709213670094808,0.0012330836616456509,0.028379598632454872,0.625
379,0.0010011366840141514,0.00034592129813972863,0.6552153567473094,0.0008397508645430207,0.023035790771245956,0.4583333333333333
380,0.0011610097989129522,0.0004084526561200619,0.752557102839152,0.0009483215981163085,0.02446696348488331,0.5
381,0.001120536068143944,0.00041553522072111567,0.7050008277098337,0.0011188347125425935,0.027252130210399628,0.5
382,0.0014229937844599287,0.0005570424099763234,0.8659513433774312,0.0012537214206531644,0.02862570993602276,0.4166666666666667
383,0.001361821599615117,0.0005401062332869818,0.8217153310775757,0.001160324434749782,0.0264679417014122,0.5416666666666666
384,0.001454126959045728,0.0005283233205166956,0.9258035898208619,0.0015946837374940515,0.031227746978402138,0.5
385,0.001302002176331977,0.0004866205369277547,0.8153815905253092,0.001301501994021237,0.028681021183729172,0.4791666666666667
386,0.0011249034549109637,0.0004035661870148033,0.7213372230529785,0.0013686013408005238,0.029857920482754707,0.5833333333333334
387,0.0010832772046948473,0.00040395993273705243,0.6793172279993693,0.0012130673276260495,0.027709834277629852,0.5416666666666666
388,0.0016402989936371644,0.0005764806138662,1.063818335533142,0.0016688579926267266,0.03148256242275238,0.6666666666666666
389,0.0010904288346258303,0.00040877006637553374,0.6816587448120117,0.0012206287356093526,0.027241794392466545,0.5416666666666666
390,0.00112948309785376,0.0004629136625832568,0.6665694038073222,0.0010406534420326352,0.02611614391207695,0.5416666666666666
391,0.0011287060915492475,0.00044212253900089614,0.6865835229555766,0.0018822499550879002,0.034526146948337555,0.4583333333333333
392,0.001643481943756342,0.000576158684755986,1.0673232038815816,0.0013044129591435194,0.027979254722595215,0.5
393,0.0013795451726764441,0.00046533252849864464,0.9142125924428304,0.001546718878671527,0.03070554882287979,0.5208333333333334
394,0.0011504347474935153,0.0004020521747103582,0.7483825445175171,0.0015473297098651528,0.030403127893805504,0.5416666666666666
395,0.0010934992305313548,0.0004040042016034325,0.6894950012365977,0.0014791793655604124,0.030269805341959,0.5416666666666666
396,0.0010562811900551121,0.000398826909561952,0.657454248269399,0.0022360822185873985,0.035080596804618835,0.5625
397,0.0012813988141715527,0.0005234647949691861,0.7579339782396952,0.0012708085123449564,0.028856558725237846,0.4791666666666667
398,0.0012942555360496045,0.0004568127798847854,0.8374427199363709,0.001110029174014926,0.026883777230978012,0.4791666666666667
399,0.0012783365518165132,0.0004397246462758631,0.8386118610699972,0.001263464568182826,0.02710089273750782,0.5833333333333334
400,0.001323125131117801,0.0004916283845280608,0.8314966917037964,0.0009140315232798457,0.02359682135283947,0.5833333333333334
401,0.0012396715736637512,0.00046899313650404414,0.7706784089406331,0.0016425735084339976,0.03374341502785683,0.4375
402,0.0012819857879852255,0.00047582857465992373,0.8061571796735127,0.0013430950930342078,0.0294692050665617,0.5416666666666666
403,0.0009416132040011386,0.0003290260103919233,0.6125871558984121,0.001403310219757259,0.02945518307387829,0.5416666666666666
404,0.0011572974307152131,0.00044893559728128213,0.7083618005116781,0.0010647053131833673,0.02622462995350361,0.5833333333333334
405,0.001047653988158951,0.0003912389608255277,0.6564149876435598,0.001045394572429359,0.025911863893270493,0.5
406,0.0009306152700446546,0.00032240500634846586,0.6082102497418721,0.0010879312176257372,0.026249993592500687,0.5208333333333334
407,0.0009801446615407864,0.00035886860569007696,0.6212760190169017,0.001024048076942563,0.025855652987957,0.4791666666666667
408,0.0011236192774958908,0.00037011771249429636,0.7535015185674031,0.0015663019148632884,0.032644208520650864,0.3541666666666667
409,0.0009604998592597743,0.000370529123271505,0.5899707158406575,0.0012626687530428171,0.02802361361682415,0.5416666666666666
410,0.0012278742234533033,0.000417026859940961,0.8108473261197408,0.0014217679854482412,0.03045521304011345,0.5416666666666666
411,0.0011741042602807284,0.0004312087238455812,0.742895503838857,0.0017243538750335574,0.031073305755853653,0.5833333333333334
412,0.0013074143867318829,0.0004905214572014908,0.8168929060300191,0.0012094472767785192,0.027548084035515785,0.4583333333333333
413,0.001380668894853443,0.0004952565126586705,0.8854123433430989,0.001703309710137546,0.032152481377124786,0.5
414,0.0013676862620438138,0.0004647370078600943,0.9029492060343425,0.0011495143407955766,0.02682553604245186,0.4791666666666667
415,0.0012100535988186798,0.0004073814081493765,0.8026721477508545,0.0010705537861213088,0.0255421195179224,0.4375
416,0.0014269130614896616,0.0005378070830677947,0.8891059398651123,0.0016214775387197733,0.0318465381860733,0.4583333333333333
417,0.0013088926440104841,0.0004994848141601931,0.8094077865282695,0.0017600251594558358,0.03519980609416962,0.4583333333333333
418,0.0013012572463291386,0.00048630155700569354,0.8149556517601013,0.0015876087127253413,0.03080570325255394,0.3333333333333333
419,0.001221333141438663,0.0005014346466244509,0.7198984603087107,0.0018438950646668673,0.034567952156066895,0.3541666666666667
420,0.0012012802607690295,0.00047193227413420876,0.7293479601542155,0.0013210830511525273,0.02933688648045063,0.5208333333333334
421,0.0012738256560017665,0.0004498768481425941,0.8239487767219543,0.001697192550636828,0.032152172178030014,0.4166666666666667
422,0.0014954230980947613,0.0005493148579262197,0.9461081902186076,0.0010911741992458701,0.026561085134744644,0.5416666666666666
423,0.0011968331527896225,0.0004830341320484877,0.713798971970876,0.0013729770435020328,0.03037119470536709,0.5
424,0.0012293396362413962,0.00046175005263648927,0.7675895611445109,0.0011718355817720294,0.02722988836467266,0.4791666666666667
425,0.0012670092090653875,0.0004462869779672474,0.8207221825917562,0.0019782474264502525,0.037194911390542984,0.4166666666666667
426,0.0013114438663857678,0.0005007212205479542,0.8107226053873698,0.0013727477053180337,0.030179543420672417,0.5833333333333334
427,0.001193124420630435,0.00044463231849173703,0.7484920819600424,0.0011906385188922286,0.026871783658862114,0.4583333333333333
428,0.0011730170032630365,0.0004393292979026834,0.7336876630783081,0.001369207981042564,0.02992137521505356,0.4583333333333333
429,0.0011785539099946618,0.0004360268455153952,0.7425270318984986,0.0010333176469430327,0.02529965154826641,0.5416666666666666
430,0.0011798779480159283,0.00041860300116240977,0.7612749218940735,0.001314679509960115,0.028088275343179703,0.4166666666666667
431,0.0009837263418982427,0.00036206830894419304,0.6216579874356588,0.0010927242692559958,0.026083705946803093,0.4583333333333333
432,0.0011387524505456288,0.00037352184881456196,0.7652305503686269,0.0011928605381399393,0.02844851091504097,0.4791666666666667
433,0.0011689455132000148,0.0004008495054828624,0.7680959622065227,0.0011318543693050742,0.026516087353229523,0.5625
434,0.0009501304399843017,0.00040091803724256656,0.5492123742898305,0.00136469432618469,0.03004627674818039,0.4375
435,0.0009553895293114086,0.00035932796502796314,0.5960615475972494,0.001126596936956048,0.025712912902235985,0.375
436,0.0010223196508983771,0.00038061738887336106,0.6417022585868836,0.0012054023100063205,0.02800021879374981,0.4791666666666667
437,0.0011308395924667517,0.00044308773940429094,0.6877518216768901,0.001116091851145029,0.027213841676712036,0.4375
438,0.0009986787762803337,0.0003666027662499497,0.6320759812990825,0.0008861321257427335,0.023485811427235603,0.4583333333333333
439,0.000969519978389144,0.0004081220482476056,0.5613978922367096,0.001647556317038834,0.032488927245140076,0.3333333333333333
440,0.001063396940783908,0.0003840672259684652,0.6793296853701274,0.0011274024145677686,0.02652635984122753,0.4791666666666667
441,0.0012943973221505682,0.0004530832753516734,0.8413140098253886,0.0016220773104578257,0.031481388956308365,0.5833333333333334
442,0.0011614707686627905,0.00041749935092714926,0.7439714034398397,0.000992672867141664,0.025716839358210564,0.5833333333333334
443,0.001111636912294974,0.00039705374899009864,0.7145831306775411,0.0011046602157875896,0.026221120730042458,0.4583333333333333
444,0.0011510467195572952,0.00043749661805729073,0.71355007092158,0.0012046962510794401,0.02710651606321335,0.4791666666666667
445,0.0011725837054351966,0.0004297919280361384,0.742791748046875,0.0011094510555267334,0.027138348668813705,0.5
446,0.0010492801200598478,0.00037755852681584654,0.6717215736707052,0.001017674570903182,0.025280455127358437,0.5
447,0.0010211046707505982,0.0003768632149634262,0.6442414045333862,0.0010071709984913468,0.024803292006254196,0.5
448,0.0009185448327722649,0.0003030066048571219,0.6155381977558136,0.0010155921336263418,0.02457561157643795,0.4791666666666667
449,0.0010982283468668659,0.00036507276818156245,0.7331555565198262,0.001352591090835631,0.0292976014316082,0.5416666666666666
450,0.0009421063082603117,0.00032981752204553537,0.612288749217987,0.0014040822861716151,0.029069166630506516,0.5
451,0.0010122335709941883,0.00033816720921701443,0.6740663329760234,0.0011894364142790437,0.027466099709272385,0.4166666666666667
452,0.0011668915821549794,0.00043173127730066575,0.7351602633794149,0.0011101231211796403,0.026709280908107758,0.4375
453,0.0011132202188794812,0.0004068891566324358,0.7063310305277507,0.0017904759151861072,0.03251243382692337,0.4166666666666667
454,0.0010201174416579306,0.0003882724209688604,0.6318450013796488,0.0012792098568752408,0.02887561544775963,0.5
455,0.001045248987308393,0.0004031125077744946,0.6421364466349284,0.001164612011052668,0.026614079251885414,0.4583333333333333
456,0.001198147019992272,0.0004265258826004962,0.7716210921605428,0.0011339460033923388,0.026086576282978058,0.375
457,0.0012572242257495722,0.00043094943199927606,0.8262747486432394,0.00133853021543473,0.02941669337451458,0.5625
458,0.0011175928792605796,0.0003970874473452568,0.7205054044723511,0.0017328039975836873,0.032569121569395065,0.3958333333333333
459,0.0010946412143918375,0.0003920354802782337,0.7026057084401448,0.0008491436019539833,0.0228688083589077,0.4375
460,0.0009086071358372767,0.00034488584011948354,0.5637212713559469,0.001114718965254724,0.026179218664765358,0.4375
461,0.0009542244525315861,0.0003356143676986297,0.6186100681622823,0.0018455919343978167,0.03430690988898277,0.3541666666666667
462,0.001424314419273287,0.00046970583110426863,0.9546085715293884,0.0011014587944373488,0.027238519862294197,0.5625
463,0.0010319382301531733,0.0003573354110509778,0.6746027827262878,0.0011273787822574377,0.026804925873875618,0.4375
464,0.0009931472751001516,0.0003501867933664471,0.6429604589939117,0.0009273964678868651,0.02397594042122364,0.5208333333333334
465,0.0010884671627233425,0.00042069982543277244,0.6677673101425171,0.0013070880668237805,0.02959568426012993,0.4375
466,0.0010300723059723774,0.00038473598930674295,0.6453362941741944,0.0017080322140827775,0.033608999103307724,0.3958333333333333
467,0.0014608085931589207,0.0005054585286416114,0.9553499857584635,0.0017002408858388662,0.034058116376399994,0.375
468,0.0014284724253229796,0.0005488207631666834,0.8796516100565592,0.0015525820199400187,0.030742308124899864,0.4166666666666667
469,0.0012609263455184798,0.0004421332385390997,0.8187930703163147,0.0013663091231137514,0.028306184336543083,0.4583333333333333
470,0.0010113390084976952,0.0003637554269516841,0.6475835541884104,0.0012686976697295904,0.027402345091104507,0.5
471,0.0011414309575532874,0.0004353854223154485,0.7060454964637757,0.001085449242964387,0.02613857388496399,0.625
472,0.0012148115434683858,0.0004234317030447225,0.7913798014322917,0.0010129220318049192,0.025635937228798866,0.4791666666666667
473,0.0010415197117254137,0.00037717618979513643,0.6643434961636862,0.0013335695257410407,0.0306756179779768,0.4791666666666667
474,0.0011385532290053865,0.00040334204386454074,0.7352111498514812,0.00141757947858423,0.028974728658795357,0.5208333333333334
475,0.0010065233218483627,0.0003471540801304703,0.6593692064285278,0.0009713390609249473,0.024462221190333366,0.375
476,0.0010613038941907386,0.0003830008810230841,0.6783029874165852,0.001006605918519199,0.024936513975262642,0.4375
477,0.0009632848591233294,0.0003516497323289514,0.6116351008415222,0.0008933361968956888,0.024557100608944893,0.4166666666666667
478,0.0009112089057452977,0.0003551167736683662,0.5560920933882395,0.0009761072578839958,0.025163087993860245,0.4791666666666667
479,0.0008781355301228662,0.0002951430962032949,0.5829924126466115,0.001161652966402471,0.02783685177564621,0.4166666666666667
480,0.0010062152403406798,0.00037694034011413654,0.629274861017863,0.0009073603432625532,0.02387731522321701,0.6041666666666666
481,0.0011411199384989837,0.00042901979371284447,0.7121001243591308,0.001019723596982658,0.025524834170937538,0.5625
482,0.0009993218739206592,0.000332394809811376,0.6669270316759746,0.0009789675241336226,0.025468571111559868,0.5416666666666666
483,0.0009897484250056246,0.0003380968963028863,0.6516514996687571,0.0010171323083341122,0.02551293931901455,0.5208333333333334
484,0.0010166134995718797,0.0003593229931235934,0.6572904547055562,0.000985190737992525,0.024987848475575447,0.4583333333333333
485,0.0014150495563323299,0.0004995639125506083,0.9154855847358704,0.000973131216596812,0.02528446726500988,0.4791666666666667
486,0.001245297099618862,0.0004500240242729584,0.7952730337778727,0.0009659963543526828,0.02451489306986332,0.4375
487,0.0011698592725830773,0.0004618562166191017,0.70800302028656,0.001358199049718678,0.027447231113910675,0.3541666666666667
488,0.00132201835901166,0.0005554611755845448,0.7665571649869283,0.0009545721113681793,0.024473385885357857,0.5416666666666666
489,0.0010171175352297723,0.00038285988460605344,0.6342576106389364,0.0013664477737620473,0.029960758984088898,0.4375
490,0.0013187816056112447,0.0004631829971913248,0.8555985689163208,0.0010724085150286555,0.02621369995176792,0.5625
491,0.0013253760524094104,0.0004911509070855876,0.8342251340548198,0.0011960857082158327,0.028491448611021042,0.4583333333333333
492,0.0010206139064393937,0.00037929482156566036,0.6413190642992656,0.001068783923983574,0.025831015780568123,0.4791666666666667
493,0.0010370413772761821,0.0003433057407770927,0.6937356134255727,0.0010305988835170865,0.025363633409142494,0.4375
494,0.0011645957284296552,0.00043315380656470855,0.7314418911933899,0.001199591439217329,0.026732273399829865,0.4375
495,0.0012408472131937743,0.0005069158777284126,0.733931299050649,0.001196239492855966,0.02722146548330784,0.4791666666666667
496,0.001541553484275937,0.0005865284028307845,0.955025045077006,0.0013605091953650117,0.030266495421528816,0.4583333333333333
497,0.001223831158131361,0.0004390250328773012,0.7848060925801595,0.0011792503064498305,0.025703728199005127,0.5416666666666666
498,0.0012455791196164985,0.0004709930256164322,0.774586037794749,0.0013448905665427446,0.02959614247083664,0.5625
499,0.0013867135159671307,0.0004868838974895577,0.8998295863469442,0.0013660622062161565,0.030950726941227913,0.4375
500,0.0012364853406324982,0.000438644028812026,0.7978412707646688,0.0012075611157342792,0.027334995567798615,0.375
