epoch,train_loss,mse_loss,trend_loss,val_mse,val_mae,val_trend_acc
0,0.05607053004205227,0.046085731498897074,9.984797763824464,0.005142688751220703,0.05430843308568001,0.5208333333333334
1,0.01044097188860178,0.006872693542391062,3.568278177579244,0.002232214668765664,0.03881855681538582,0.375
2,0.00616044740503033,0.0036044963014622527,2.5559509356816608,0.002289627678692341,0.03878612071275711,0.4375
3,0.004815486399456859,0.00281254422540466,2.0029420375823976,0.0014251951361075044,0.0318748913705349,0.3958333333333333
4,0.004080256105711063,0.0021995280403643847,1.8807279268900554,0.0013251935597509146,0.029364915564656258,0.3541666666666667
5,0.0035356291104108096,0.001934097878014048,1.601531195640564,0.0013647661544382572,0.030692903324961662,0.5416666666666666
6,0.0033372662495821715,0.0017423359056313833,1.5949302991231282,0.0009195760358124971,0.02325352467596531,0.4791666666666667
7,0.002777541723723213,0.0014427974664916595,1.3347442030906678,0.0009054670808836818,0.0225310567766428,0.4791666666666667
8,0.00257315660516421,0.0013952201309924324,1.1779364188512167,0.0010065125534310937,0.02429097332060337,0.5416666666666666
9,0.0026490332558751105,0.0013539613767837484,1.295071808497111,0.0008993694209493697,0.02434241957962513,0.4375
10,0.0025453782097126045,0.0012858790073854228,1.259499148527781,0.0006797743262723088,0.01995161920785904,0.4375
11,0.0025741411838680504,0.0012298222165554762,1.3443189183870952,0.0012723979307338595,0.028427040204405785,0.4166666666666667
12,0.002762109056736032,0.0013374182356831927,1.4246907631556194,0.0014882746618241072,0.028359171003103256,0.3541666666666667
13,0.002652665429438154,0.0013046878195988635,1.3479775269826253,0.0010906449751928449,0.02628866210579872,0.4791666666666667
14,0.0024115977498392264,0.0012249335879459978,1.186664088567098,0.000744196237064898,0.02222333662211895,0.375
15,0.0025128660645956794,0.001178776907424132,1.3340891162554422,0.0006878903368487954,0.021082041785120964,0.5208333333333334
16,0.0028635539968187612,0.0012913733216313025,1.5721805890401204,0.001142402645200491,0.02750587835907936,0.5833333333333334
17,0.0026133645325899122,0.0011859681263255576,1.4273963451385498,0.0009632395231164992,0.023349447175860405,0.3958333333333333
18,0.0021169848972931505,0.001057222035403053,1.0597628275553386,0.0007927778060548007,0.023253368213772774,0.5
19,0.002298470089832942,0.0010679530018630127,1.230517049630483,0.0007406342192552984,0.020102500915527344,0.4375
20,0.002121328205491106,0.001018500882976999,1.102827258904775,0.0005949062760919333,0.020067811012268066,0.4375
21,0.0021967962461834152,0.001022081666936477,1.1747145096460978,0.0009174368460662663,0.022195570170879364,0.5
22,0.0021508336532860993,0.001006554525035123,1.1442790508270264,0.0007536815828643739,0.021050037816166878,0.4583333333333333
23,0.002347348048351705,0.001061606651637703,1.2857413649559022,0.0007262984872795641,0.021670568734407425,0.4375
24,0.0022251602572699388,0.001088125918370982,1.137034285068512,0.0007771173841319978,0.021237008273601532,0.5208333333333334
25,0.002348680724389851,0.0010994558144981662,1.249224853515625,0.0006977839511819184,0.02119915559887886,0.5833333333333334
26,0.0024651581964765987,0.001108452429374059,1.3567057172457377,0.0007126896525733173,0.020929871127009392,0.5625
27,0.002057668287307024,0.0009614545114648838,1.096213742097219,0.0007785275229252875,0.021924108266830444,0.5625
28,0.0024753177228073278,0.0011950817153168222,1.2802359501520792,0.0007968400022946298,0.023853128775954247,0.5833333333333334
29,0.0029126840954025587,0.0012312048231251538,1.6814791838328043,0.0010803879704326391,0.027928825467824936,0.5833333333333334
30,0.0021544618144010504,0.001019683813986679,1.1347779353459677,0.001199179794639349,0.02849433943629265,0.4583333333333333
31,0.0024180415784940124,0.0011261651874519885,1.2918763319651285,0.0010470265988260508,0.024184687063097954,0.5833333333333334
32,0.0021539531104887524,0.0010470488186304769,1.1069042444229127,0.0007826727232895792,0.02316945046186447,0.5208333333333334
33,0.002277974768852194,0.0010425903174715737,1.2353843728701273,0.0007375572458840907,0.023174958303570747,0.4166666666666667
34,0.0019598712756608923,0.0009392832483475407,1.020587960879008,0.0010994152398779988,0.02544914372265339,0.5
35,0.0021222324265788,0.0009987903370832403,1.1234420180320739,0.0008634829428046942,0.023103514686226845,0.5833333333333334
36,0.0023900256725028156,0.0010794090921990573,1.3106165289878846,0.0007496612961404026,0.0207561906427145,0.5
37,0.0023261775961145757,0.0010292921448126434,1.296885402997335,0.0010076005710288882,0.026569101959466934,0.5833333333333334
38,0.0031276862757901353,0.001251686131581664,1.8760000705718993,0.001241370802745223,0.027850741520524025,0.3958333333333333
39,0.0025461216457188128,0.0010922033184518416,1.4539182901382446,0.0008556292159482837,0.02332528494298458,0.6041666666666666
40,0.002302649524062872,0.0010134525131434203,1.2891969283421834,0.0008182832389138639,0.022385647520422935,0.4166666666666667
41,0.0025734035298228264,0.0011460007595208784,1.427402679125468,0.0010933304438367486,0.027313046157360077,0.4375
42,0.0024892300367355346,0.0011229048056217532,1.3663251519203186,0.0006616996834054589,0.022401275113224983,0.5833333333333334
43,0.0020391365280374883,0.0010137881928433976,1.0253483096758524,0.001005516154691577,0.023434210568666458,0.5
44,0.002226785003828506,0.0011225576357295115,1.1042273044586182,0.0009175044251605868,0.02429984137415886,0.5
45,0.0022492856020107864,0.0010024405977067847,1.2468449393908183,0.0009378189570270479,0.02304711379110813,0.5625
46,0.001840267702937126,0.0009171303633290032,0.9231373111406962,0.0010080664651468396,0.02449568547308445,0.5208333333333334
47,0.002299517501766483,0.0011214384576305747,1.1780789852142335,0.0008682467159815133,0.02390768565237522,0.5
48,0.002425605594180524,0.001098821870982647,1.3267836769421895,0.0007403285126201808,0.02041502855718136,0.4583333333333333
49,0.0021036599297076463,0.0009417602714772026,1.1618995944658914,0.00062848738161847,0.02143702656030655,0.5208333333333334
50,0.002007426624186337,0.0009566205941761533,1.050805962085724,0.0013129209401085973,0.02863180637359619,0.4375
51,0.00235395689184467,0.0010959257992605369,1.2580310781796773,0.0008977405959740281,0.023885633796453476,0.5
52,0.0020319660659879448,0.0009399672776150207,1.0919987241427103,0.0009810368064790964,0.0260339193046093,0.4375
53,0.002132849666910867,0.0009849247406236827,1.1479249119758606,0.000988805666565895,0.026847412809729576,0.5625
54,0.0021940095660587153,0.0009979669819585979,1.196042521794637,0.0010640480322763324,0.02727328985929489,0.5416666666666666
55,0.0019871642347425223,0.000976988417096436,1.0101757605870565,0.0008478345698677003,0.021962128579616547,0.4583333333333333
56,0.001908518063525359,0.0009299845279504855,0.9785334865252177,0.0008760537602938712,0.022954076528549194,0.5625
57,0.0018171951562787096,0.0009064930918005605,0.9107020179430644,0.0006777377566322684,0.02145354636013508,0.4583333333333333
58,0.0017839628815030058,0.0008251854839424292,0.958777379989624,0.0007383066695183516,0.020863227546215057,0.5416666666666666
59,0.0020384389674291013,0.0009574526300032934,1.0809863011042278,0.0009833129588514566,0.025886211544275284,0.4791666666666667
60,0.001945598376914859,0.0008723981038201601,1.073200233777364,0.0006834942614659667,0.020590348169207573,0.5625
61,0.002241486287675798,0.001038847902479271,1.2026383479436238,0.0012902800226584077,0.030168915167450905,0.5
62,0.0025196000933647156,0.0010934843060870965,1.4261157194773355,0.0007367308135144413,0.022928113117814064,0.5208333333333334
63,0.0020870654300476116,0.0011727197328582407,0.9143456657727559,0.0008769342675805092,0.02517721615731716,0.5
64,0.002177171618677676,0.0012101845000870525,0.9669870773951212,0.0006612479337491095,0.019696975126862526,0.5208333333333334
65,0.0019504676340147853,0.0009540506987832486,0.9964169065157572,0.0007320040022023022,0.020474545657634735,0.5833333333333334
66,0.0021196512738242746,0.0009802547361080845,1.1393964767456055,0.0006943175685591996,0.02030845172703266,0.5625
67,0.0018812091710666814,0.0008991636452265084,0.9820454835891723,0.0008061012485995889,0.02181241102516651,0.5416666666666666
68,0.0018050041981041431,0.0008178510140472402,0.9871531367301941,0.0005162286106497049,0.018434591591358185,0.5
69,0.0017208169835309188,0.0007906147860921919,0.9302021384239196,0.0005984237650409341,0.020668741315603256,0.5416666666666666
70,0.0018540932874505718,0.0008686882191492866,0.9854050358136495,0.000763367977924645,0.021539123728871346,0.5625
71,0.001907075437096258,0.0009122619172558189,0.9948134700457255,0.0006315960199572146,0.01944858580827713,0.4375
72,0.0021239072317257523,0.0009169623993026713,1.206944759686788,0.0009333277703262866,0.024802489206194878,0.5625
73,0.0025975906988605856,0.0011360169659989576,1.4615736881891885,0.0008165783365257084,0.022940244525671005,0.4583333333333333
74,0.002161759363176922,0.0009764212203056862,1.185338060061137,0.0012329723685979843,0.02973388321697712,0.4583333333333333
75,0.0026088023170207936,0.0010510894508721927,1.5577127734820049,0.0008667230722494423,0.025375885888934135,0.5208333333333334
76,0.0023912671177337566,0.00101942359469831,1.371843417485555,0.0006157018942758441,0.01996135152876377,0.5833333333333334
77,0.002195843666171034,0.0009968411875888705,1.1990024407704671,0.0014979231636971235,0.03213641420006752,0.4583333333333333
78,0.0025989576087643703,0.0014059807212712864,1.1929768045743308,0.0011154779931530356,0.02608453296124935,0.4583333333333333
79,0.0022537840840717157,0.0011784523686704537,1.0753316680590312,0.0010978933423757553,0.02645900286734104,0.4166666666666667
80,0.002258892209889988,0.000965442838302503,1.2934492866198222,0.0012475927360355854,0.02762780152261257,0.5833333333333334
81,0.002754305008177956,0.0011756225877131024,1.5786823113759358,0.001424997579306364,0.03141361474990845,0.4583333333333333
82,0.0022436852644508085,0.001011116593144834,1.232568633556366,0.0005463139386847615,0.019455181434750557,0.625
83,0.001881865900941193,0.0008765092585235834,1.0053565541903178,0.0007045699749141932,0.020816262811422348,0.625
84,0.0018167937872931362,0.0009045995810690026,0.9121941606203715,0.0006154425209388137,0.020281964913010597,0.5208333333333334
85,0.001856864041959246,0.000977021319946895,0.8798426866531373,0.0009197136387228966,0.024467624723911285,0.5625
86,0.0020258012072493633,0.0010187428793869912,1.007058282693227,0.0006897725397720933,0.020334642380475998,0.6041666666666666
87,0.0018496664706617594,0.0008767649065703154,0.9729015270868937,0.00048445272841490805,0.017440591007471085,0.5625
88,0.0017346876518179973,0.000812181552949672,0.9225060661633809,0.00048009183956310153,0.018428945913910866,0.4375
89,0.0017468472787489494,0.0008894835676377019,0.8573636889457703,0.0011908157030120492,0.027974868193268776,0.5208333333333334
90,0.0031486434629186986,0.0012361417252880831,1.9125016967455546,0.0015655248425900936,0.030053837224841118,0.5625
91,0.002413089262942473,0.001071621454320848,1.3414677182833354,0.0014614182291552424,0.030692405998706818,0.4166666666666667
92,0.001984584478971859,0.0009062127268407494,1.0783716758092246,0.0007442044443450868,0.019995927810668945,0.5208333333333334
93,0.00180132236952583,0.0008701528112093608,0.9311694860458374,0.0007250880007632077,0.02200077287852764,0.625
94,0.0019944572666039067,0.0009065903917265435,1.0878668189048768,0.000877484621014446,0.024272162467241287,0.4583333333333333
95,0.0020803268067538737,0.000911195226944983,1.1691315531730653,0.0008731702109798789,0.023843619972467422,0.4166666666666667
96,0.00200067600235343,0.0009617500317593415,1.0389258901278178,0.0006583235808648169,0.019914669916033745,0.5208333333333334
97,0.001918392232619226,0.0008590519661083818,1.059340226650238,0.0006260687368921936,0.01933913677930832,0.4375
98,0.0017539927813534936,0.000763170972156028,0.9908217430114746,0.0007034845184534788,0.02021094225347042,0.5625
99,0.0019785881508141757,0.0008659899545212586,1.1125981330871582,0.0006573348655365407,0.020795632153749466,0.5
100,0.0018426513376956185,0.0008262812509201467,1.0163700302441916,0.001053911866620183,0.026033790782094002,0.5625
101,0.0019273704461132486,0.0009144680729756753,1.012902315457662,0.0005574773531407118,0.017775213345885277,0.5833333333333334
102,0.0021787270981197555,0.0009415885666385293,1.2371385018030803,0.0008666686480864882,0.0247372817248106,0.4375
103,0.0021619925353055197,0.0009320807798455159,1.229911704858144,0.0006847453187219799,0.02129463106393814,0.4375
104,0.0019635797245427964,0.0008666625479236245,1.0969171285629273,0.0007636172231286764,0.021404938772320747,0.4166666666666667
105,0.002132389205507934,0.0009388649836182594,1.193524169921875,0.0006733571062795818,0.02066151611506939,0.5208333333333334
106,0.0023251900527005392,0.0010128271688396731,1.312362806002299,0.0006447856430895627,0.018820535391569138,0.5
107,0.0019761721681182585,0.0009162559911298255,1.059916110833486,0.000752105435822159,0.021060366183519363,0.5
108,0.001927695027552545,0.0009725302962275843,0.9551646908124288,0.000882879423443228,0.023105468600988388,0.5208333333333334
109,0.0019533637600640456,0.0009180358494631947,1.0353278756141662,0.0004919864586554468,0.01618283800780773,0.5833333333333334
110,0.0018340269336476922,0.0008689100000386436,0.9651169101397197,0.0005549208144657314,0.019021660089492798,0.5625
111,0.0017954314205174645,0.0008588802729112406,0.9365510741869608,0.0005052538472227752,0.018350234255194664,0.5833333333333334
112,0.001831287929477791,0.0009076147922314704,0.9236730972925822,0.0005811844603158534,0.019483862444758415,0.6041666666666666
113,0.0017735856973255673,0.0008559341348397235,0.9176515102386474,0.0006860346184112132,0.02092401497066021,0.6041666666666666
114,0.001685812254436314,0.0007835269866821666,0.9022852261861165,0.0008884433773346245,0.025113128125667572,0.5625
115,0.001991555265461405,0.0008898756660831471,1.1016795317331949,0.0007828405359759927,0.021748356521129608,0.5208333333333334
116,0.00203994270414114,0.0009154086001217365,1.1245340267817179,0.001003179349936545,0.02527518942952156,0.5416666666666666
117,0.001932390290312469,0.0008657765574753284,1.0666136860847473,0.0007915109163150191,0.02351505123078823,0.375
118,0.002447281979645292,0.0010230739445736012,1.4242079536120096,0.0006683350075036287,0.021325837820768356,0.5416666666666666
119,0.0016830558034901819,0.000775442961215352,0.9076127966245016,0.0007716490654274821,0.020983757451176643,0.6041666666666666
120,0.001879867926860849,0.0009664600482210516,0.9134078582127889,0.0008864442934282124,0.023375272750854492,0.5416666666666666
121,0.0017189195767665902,0.0008717868321885665,0.847132698694865,0.0011166726471856236,0.026726892217993736,0.6041666666666666
122,0.0017337165928135315,0.0008281290841599306,0.9055874546368917,0.0008197014685720205,0.02277163229882717,0.5833333333333334
123,0.0021515661462520558,0.0008855790249072016,1.2659870704015097,0.0007589971646666527,0.021868763491511345,0.5833333333333334
124,0.001675685456333061,0.0008100467578818401,0.8656386534372965,0.0009102856274694204,0.02424863539636135,0.5208333333333334
125,0.0017256651151304444,0.0007755405347173413,0.9501245299975077,0.0005620699957944453,0.01776290498673916,0.4791666666666667
126,0.001619106895911197,0.0007367333339061588,0.8823735237121582,0.0007389010861515999,0.022268451750278473,0.4791666666666667
127,0.0020953637082129716,0.0009555269459572931,1.1398367087046306,0.0008151925285346806,0.022695060819387436,0.5
128,0.0020301023420567312,0.0009336429066024721,1.0964593807856242,0.000698842981364578,0.020370997488498688,0.6041666666666666
129,0.0017785688241322836,0.0007999588502570987,0.9786099036534627,0.0004420400073286146,0.016303949058055878,0.5833333333333334
130,0.0015978385383884112,0.000743992842035368,0.8538456519444784,0.0007598529336974025,0.020516159012913704,0.5208333333333334
131,0.0015400587891538939,0.0007178759512801965,0.8221827864646911,0.0004743386816699058,0.016621029004454613,0.5208333333333334
132,0.001614466472528875,0.000740510766627267,0.8739556590716044,0.0011998912086710334,0.027590356767177582,0.5625
133,0.0017881522808844844,0.0008576049275385837,0.9305473526318868,0.0006079516024328768,0.02001197077333927,0.4375
134,0.001791602629236877,0.0008207367500290275,0.9708658377329509,0.0007751270313747227,0.0206329096108675,0.5208333333333334
135,0.0016659740436201294,0.0007830297341570258,0.8829442540804545,0.0006759489770047367,0.019597815349698067,0.5
136,0.0020251051057130097,0.000873401757174482,1.1517033139864603,0.0007958962232805789,0.022313883528113365,0.5625
137,0.001743169540228943,0.0007975090566712122,0.9456604361534119,0.0006550561520271003,0.021142898127436638,0.5625
138,0.0017394677425424257,0.0008091283574079474,0.9303393443425496,0.0007454652222804725,0.021707070991396904,0.6041666666666666
139,0.0016677201570322116,0.0007726502604782582,0.8950698574384054,0.0007170207099989057,0.021654391661286354,0.5833333333333334
140,0.0018500299969067175,0.0008180791279301048,1.031950851281484,0.0008766980026848614,0.02387440949678421,0.6041666666666666
141,0.0020130087699120245,0.0008526886076045533,1.1603201071421305,0.0005832537426613271,0.017536882311105728,0.6666666666666666
142,0.0019051503390073777,0.000815459587223207,1.0896906812985738,0.0007329608779400587,0.021839085966348648,0.4583333333333333
143,0.0018317424692213535,0.0008224223643386115,1.0093200524648032,0.0004514764586929232,0.01591956987977028,0.5833333333333334
144,0.0021371878994007904,0.0008971780519156406,1.2400097688039144,0.0007063904195092618,0.020711001008749008,0.4375
145,0.001594155398197472,0.0007151485129725188,0.8790068546930949,0.0007851520203985274,0.02241392992436886,0.5625
146,0.0015728850460921724,0.0007286021970988562,0.8442828138669332,0.000544039357919246,0.01770910806953907,0.4791666666666667
147,0.0016774006886407732,0.0008107471706656119,0.8666534821192423,0.0007072049775160849,0.021181095391511917,0.5
148,0.002208308666013181,0.0009596544628341992,1.2486541628837586,0.0006775438087061048,0.020745346322655678,0.4583333333333333
149,0.001803090702742338,0.0009152457816526294,0.8878448565800985,0.0006429553613997996,0.019642343744635582,0.6458333333333334
150,0.0020652699982747435,0.0010423415728534262,1.0229283849398294,0.0007769129006192088,0.02405470609664917,0.4583333333333333
151,0.00233631144122531,0.0011749219809037944,1.1613893906275432,0.0008196731796488166,0.023939190432429314,0.5625
152,0.0020763521005089085,0.0008852153977689643,1.191136634349823,0.0009762790868990123,0.02510044537484646,0.5625
153,0.002417853311635554,0.00101133855447794,1.4065146883328756,0.0007468033581972122,0.022210853174328804,0.6041666666666666
154,0.0018584163626655936,0.0008256906953950723,1.0327255964279174,0.0005327544640749693,0.018023354932665825,0.4791666666666667
155,0.0015399788661549488,0.000701729675832515,0.838249146938324,0.0007375959539785981,0.021847477182745934,0.4583333333333333
156,0.0016121699785192807,0.0007187627896200865,0.89340713818868,0.0006678972276858985,0.021074490621685982,0.5416666666666666
157,0.0015092215267941355,0.0006737001220850895,0.8355213483174642,0.0007090668077580631,0.020824478939175606,0.5416666666666666
158,0.0016672223185499508,0.000754587344514827,0.9126349369684855,0.0006169044645503163,0.018863702192902565,0.5
159,0.0015664748692264159,0.0006814657923920701,0.8850090106328329,0.0004384184430819005,0.01573220267891884,0.625
160,0.0016549447008098164,0.0007668878262241681,0.8880568186442057,0.0007125356351025403,0.021612348034977913,0.4375
161,0.0020076035677144923,0.0009011032952306171,1.106500212351481,0.0010450660483911633,0.026821760460734367,0.5416666666666666
162,0.0023240379833926756,0.0009718290336119632,1.3522089123725891,0.0009584153303876519,0.025126159191131592,0.5833333333333334
163,0.0015397070829446117,0.0006938667269423604,0.845840311050415,0.0006437734118662775,0.019063539803028107,0.4791666666666667
164,0.0016196712541083494,0.0007155448935615519,0.9041263222694397,0.0005993050872348249,0.01996207982301712,0.5625
165,0.001592237618751824,0.0007299635966774076,0.8622739950815836,0.0005580093129538,0.01802046038210392,0.5416666666666666
166,0.0016741876878465214,0.0008714381139725447,0.8027495304743449,0.000554062775336206,0.017678277567029,0.5
167,0.001613807352259755,0.0007474270067177712,0.8663803180058797,0.0004911950090900064,0.01628519967198372,0.6041666666666666
168,0.0018819766972834864,0.0008401768398471176,1.041799795627594,0.0009120100294239819,0.024991517886519432,0.5208333333333334
169,0.0019086873469253381,0.0008140190873139848,1.0946682135264079,0.0006590603734366596,0.020570745691657066,0.4791666666666667
170,0.001588805151792864,0.000702313712099567,0.8864913900693258,0.0009701611124910414,0.023881446570158005,0.6041666666666666
171,0.0020226191263645887,0.0008255456419040759,1.1970733920733134,0.0015840320847928524,0.03208440542221069,0.4166666666666667
172,0.0021403869924445946,0.0009339325168790917,1.2064544439315796,0.0007049841224215925,0.021369311958551407,0.5208333333333334
173,0.0015517578848327199,0.0007204766171829154,0.8312812328338623,0.00041066715493798256,0.015657072886824608,0.4791666666666667
174,0.0014702188006291788,0.0007029569940641522,0.7672617673873902,0.0004434566362760961,0.01638421230018139,0.6458333333333334
175,0.0015217509120702744,0.0007649781454044084,0.7567727327346802,0.0004839446337427944,0.016878878697752953,0.5833333333333334
176,0.0018341169537355502,0.0008636167001289626,0.9705002268155416,0.00046596990432590246,0.016676275059580803,0.6458333333333334
177,0.0016252714674919843,0.0007213793694972992,0.9038920799891154,0.0009780810214579105,0.025473034009337425,0.5208333333333334
178,0.0017451004202788075,0.0007986158404188851,0.9464845379193624,0.0004397741868160665,0.016470355913043022,0.5416666666666666
179,0.0015371520537883043,0.000700117430339257,0.8370345671971638,0.00044560106471180916,0.01687883399426937,0.4791666666666667
180,0.0017360608093440534,0.0007699641243865093,0.9660966396331787,0.0012704064138233662,0.029564885422587395,0.5416666666666666
181,0.002705488516949117,0.001166088650158296,1.539399758974711,0.0008108295733109117,0.021580364555120468,0.5
182,0.0021538961756353576,0.0009046724104943374,1.2492237408955893,0.0013678419636562467,0.03069433942437172,0.5
183,0.002495726407505572,0.00106194638259088,1.4337799231211343,0.0013549856375902891,0.02997429482638836,0.5208333333333334
184,0.0021010202278072634,0.0009420198854058981,1.159000289440155,0.0006977843004278839,0.01972494274377823,0.5416666666666666
185,0.0016412957959497968,0.0007686693143720429,0.8726264158884685,0.0007140630623325706,0.021752720698714256,0.5208333333333334
186,0.0014771238124618928,0.0006916468710793804,0.7854769150416057,0.0017454044427722692,0.03446543589234352,0.4166666666666667
187,0.0016812718473374843,0.0008478229360965391,0.83344886302948,0.0009870039066299796,0.024640822783112526,0.4583333333333333
188,0.001798849420932432,0.0007930670224595815,1.0057823220888773,0.0008798788767307997,0.024359606206417084,0.6666666666666666
189,0.001774826948530972,0.00081579121761024,0.9590356667836507,0.0009855044772848487,0.02436741814017296,0.625
190,0.0014487410080619156,0.0006841089925728738,0.764631978670756,0.0006456443225033581,0.02094360627233982,0.5833333333333334
191,0.0014786955978100499,0.0007126151021414746,0.7660804669062297,0.0004243720031809062,0.015798410400748253,0.5416666666666666
192,0.001818691659718752,0.0007716954491722087,1.0469961722691854,0.0004574409977067262,0.016651161015033722,0.4583333333333333
193,0.0018875974696129561,0.0007945423518928388,1.0930550614992778,0.000729420455172658,0.020932011306285858,0.625
194,0.0015225373363743225,0.0006833701491511117,0.8391671419143677,0.0008432016475126147,0.0227485541254282,0.5625
195,0.001550726592540741,0.0006708714257304867,0.8798551281293233,0.0013868266250938177,0.029854239895939827,0.5
196,0.0016170298758273324,0.0006990854725396882,0.9179443637530009,0.0010588211007416248,0.02670310065150261,0.6041666666666666
197,0.0014554392003143827,0.0006946799878884728,0.7607591867446899,0.0015065991319715977,0.03304191306233406,0.4791666666666667
198,0.0015677942583958307,0.000755875943771874,0.8119182586669922,0.0007302777958102524,0.02140839584171772,0.5
199,0.001547402422875166,0.00067663907733125,0.8707632819811503,0.0009074272820726037,0.02384786494076252,0.4583333333333333
200,0.001693211713184913,0.0007274569943547249,0.9657546758651734,0.0007133942563086748,0.021499821916222572,0.5208333333333334
201,0.0018827261791254082,0.0007595507428050041,1.1231753826141357,0.0007621485274285078,0.022979026660323143,0.5416666666666666
202,0.0016393203055486082,0.0007151115802116692,0.92420867284139,0.0006792741478420794,0.02137705124914646,0.4375
203,0.0017500805047651132,0.0008024676431280871,0.9476128141085307,0.0005580424913205206,0.01888873800635338,0.5416666666666666
204,0.0016551816603168844,0.0007414398132823408,0.9137418031692505,0.0009755300707183778,0.024006638675928116,0.5208333333333334
205,0.0016922317134837309,0.0007715383641577015,0.920693286259969,0.0007235326338559389,0.021896282210946083,0.6041666666666666
206,0.0015317601384595037,0.0006874531410479297,0.8443069696426392,0.0007106961566023529,0.021303167566657066,0.6041666666666666
207,0.0014301914799337587,0.0006336357677355408,0.7965556740760803,0.0009504789486527443,0.025581125169992447,0.6041666666666666
208,0.0017092663794755936,0.0007743941833420347,0.9348721385002137,0.0006817515823058784,0.02065374329686165,0.5416666666666666
209,0.0016105174785479904,0.0007476175165114303,0.862899911403656,0.0005469666211865842,0.01921757496893406,0.5833333333333334
210,0.0013771237960706155,0.0006247060315217823,0.7524177153905233,0.0007913312292657793,0.02272012270987034,0.625
211,0.0014190491405315698,0.0006599705627498528,0.7590785384178161,0.0005583891179412603,0.01921936497092247,0.5625
212,0.001419927878305316,0.000625049239412571,0.7948786020278931,0.0009185510571114719,0.02389969490468502,0.5416666666666666
213,0.00180312756759425,0.0007329954882152378,1.070132029056549,0.0009770055767148733,0.024430016055703163,0.6458333333333334
214,0.0013058645417913795,0.0005935429673021038,0.712321549654007,0.000766454148106277,0.02283206395804882,0.5208333333333334
215,0.001290462623971204,0.0006058389107541491,0.684623674551646,0.0005026875878684223,0.017505887895822525,0.6041666666666666
216,0.0014629111935695013,0.0006407397605168323,0.8221713781356812,0.0006052300450392067,0.019217096269130707,0.5625
217,0.002212104535040756,0.0009490890932890276,1.263015333811442,0.0010733456583693624,0.025622393935918808,0.5416666666666666
218,0.0013863943750038743,0.0006262926132573435,0.7601017276446025,0.0004159612290095538,0.015131975524127483,0.5833333333333334
219,0.001561880538550516,0.0007786199431090306,0.7832605719566346,0.000838518375530839,0.023465342819690704,0.5
220,0.0013819463783875108,0.0006630858037776004,0.7188605427742004,0.0005792936426587403,0.01824701391160488,0.5
221,0.0015864408342167735,0.0006751707832639416,0.911269998550415,0.000609366805292666,0.019740300253033638,0.5625
222,0.0013909189108138283,0.0006264227461845925,0.7644961436589559,0.0006073815166018903,0.019921112805604935,0.5208333333333334
223,0.001277670031413436,0.000576241717984279,0.7014282703399658,0.00056524045066908,0.018964147195219994,0.6666666666666666
224,0.0015959572590266665,0.0006369970894108216,0.9589601357777914,0.00047124980483204126,0.017377978190779686,0.5833333333333334
225,0.0016138979311411579,0.0006622230828118821,0.9516748070716858,0.0007194372592493892,0.020763065665960312,0.5
226,0.0016887217449645202,0.0007259863875030229,0.9627352992693583,0.0008124300511553884,0.023131508380174637,0.5416666666666666
227,0.0017126312324156365,0.0007510778649399678,0.9615533073743184,0.0014916323125362396,0.031482383608818054,0.5
228,0.0018840502404297392,0.0008475291600916534,1.036521021525065,0.0009354064241051674,0.025413358584046364,0.5833333333333334
229,0.0016756079935779174,0.0007365721200282375,0.9390358368555705,0.0005687958910129964,0.019051695242524147,0.5833333333333334
230,0.0015998715146755178,0.0007046835186580817,0.8951879580815633,0.0005758322076871991,0.020670602098107338,0.3958333333333333
231,0.001481176361752053,0.0006740299519151449,0.8071463664372762,0.0007383462507277727,0.021528588607907295,0.5625
232,0.0013955691130831838,0.0006294144647351155,0.7661545872688293,0.0011512285564094782,0.027272898703813553,0.5
233,0.0017266374236593644,0.0007356146428113183,0.9910227576891582,0.0014626990305259824,0.030070485547184944,0.5416666666666666
234,0.0022409023717045785,0.0009051128562229375,1.335789434115092,0.0007231325726024806,0.02184247598052025,0.5833333333333334
235,0.0018860358046367764,0.0008344196015968919,1.0516161719957988,0.0006040636217221618,0.020602354779839516,0.5833333333333334
236,0.001863736294520398,0.0008143003331497311,1.0494359175364176,0.001051447936333716,0.02579890936613083,0.5416666666666666
237,0.0018894669832661749,0.00085670545619602,1.0327614863713583,0.0007445501978509128,0.0206784475594759,0.5625
238,0.002032512721295158,0.0008599407194803158,1.1725719571113586,0.0005454460624605417,0.01808076724410057,0.4791666666666667
239,0.001771143381483853,0.0008008220970320205,0.9703212340672811,0.0005811118753626943,0.019900687038898468,0.5
240,0.0015729439600060382,0.0006519799314749738,0.920963978767395,0.0005617412971332669,0.01858026348054409,0.6041666666666666
241,0.001609707825506727,0.0006789100589230657,0.9307977279027303,0.0006179305491968989,0.019701886922121048,0.4583333333333333
242,0.0016383033711463214,0.000697815220337361,0.9404881000518799,0.0007582603138871491,0.021139102056622505,0.4583333333333333
243,0.0018465912047152717,0.0007277819328010082,1.1188091874122619,0.0007233761134557426,0.02156451717019081,0.6041666666666666
244,0.0016806464564676086,0.0007049377037522693,0.9757086992263794,0.0006449601496569812,0.02147960662841797,0.5833333333333334
245,0.0016076633085807164,0.0006880887007961671,0.9195745507876079,0.000517250329721719,0.016914578154683113,0.5833333333333334
246,0.0016515473447119196,0.0006831238938805957,0.9684233824412029,0.0008496370865032077,0.02465510368347168,0.5625
247,0.0014902827562764287,0.0006327988075402875,0.8574839174747467,0.0006681146915070713,0.019608350470662117,0.5416666666666666
248,0.0013254316834112009,0.0005951361750097324,0.730295451482137,0.0009109170641750097,0.023872561752796173,0.5833333333333334
249,0.0012397764638687173,0.0005729951507722338,0.6667812744776408,0.0006775808869861066,0.020340556278824806,0.625
250,0.0012776628447075686,0.0005733523847690473,0.704310417175293,0.0013479402987286448,0.029215145856142044,0.4791666666666667
251,0.0016910486156120896,0.0007345522773296883,0.9564962824185689,0.0012994491262361407,0.02856944128870964,0.5
252,0.001895042733910183,0.0007851459105343868,1.1098967393239338,0.0017552679637447,0.03398165479302406,0.5208333333333334
253,0.002278509146223466,0.0010094167354206243,1.2690923015276592,0.0013169063022360206,0.027868574485182762,0.5208333333333334
254,0.0018780951000129183,0.0008521513567150881,1.0259437004725138,0.0005758845945820212,0.018846357241272926,0.625
255,0.0018318262960140904,0.0008302253962028771,1.0016008416811626,0.0008239891030825675,0.02410956285893917,0.4791666666666667
256,0.0022665997423852485,0.0010331388795748353,1.233460815747579,0.0004657213867176324,0.016630692407488823,0.625
257,0.0015064754678557315,0.0006497964709221075,0.8566789348920186,0.0004898293409496546,0.017566675320267677,0.4791666666666667
258,0.001273028242091338,0.0005501733995818843,0.7228548248608907,0.000517563777975738,0.01704222895205021,0.4375
259,0.0013795964419841765,0.0005777594109531492,0.8018369754155477,0.0004961651866324246,0.016766391694545746,0.5625
260,0.0013773509999737144,0.0006108635435036074,0.7664874354998271,0.00042604218469932675,0.016376076266169548,0.6041666666666666
261,0.0015990957229708631,0.0007124633528292179,0.8866323550542196,0.0006302105612121522,0.020076783373951912,0.5625
262,0.0014069212911029657,0.0006153408884226034,0.7915803869565328,0.0006571639678440988,0.0213313065469265,0.6041666666666666
263,0.0016799757645154993,0.0006880107549174379,0.9919649521509807,0.0006441287114284933,0.01970972679555416,0.5208333333333334
264,0.0016250104953845343,0.0006232529839811225,1.0017574469248454,0.0005408776341937482,0.017969122156500816,0.5625
265,0.0014887680144359669,0.0005937723636937638,0.894995641708374,0.0007408469682559371,0.02199343778192997,0.5208333333333334
266,0.0015912947477772833,0.0006511036481242627,0.9401910583178202,0.0009022227604873478,0.02265692688524723,0.5416666666666666
267,0.001393546536564827,0.0005977571359835565,0.795789368947347,0.00046120170736685395,0.015799446031451225,0.6875
268,0.0014365731971338392,0.0006314395131388058,0.8051336725552877,0.0005230122478678823,0.017513031139969826,0.4583333333333333
269,0.0016643183693910639,0.0007008315064013004,0.9634868025779724,0.0007993508479557931,0.023246245458722115,0.6041666666666666
270,0.002100400122192999,0.0008036866202019155,1.2967134674390157,0.0008288074750453234,0.02352520078420639,0.4791666666666667
271,0.0016720696973303955,0.0007433489411293218,0.9287206967671712,0.0007896054303273559,0.021034734323620796,0.4583333333333333
272,0.001944971193249027,0.0008326836628839374,1.1122874895731607,0.0009137044544331729,0.024141985923051834,0.5625
273,0.0015444049999738733,0.0006942059728316963,0.8501989801724752,0.0006291040917858481,0.020077018067240715,0.5416666666666666
274,0.001399069985685249,0.0006126015000821401,0.7864684542020162,0.0008460404933430254,0.023211784660816193,0.6666666666666666
275,0.0015335952630266547,0.0006671316262024144,0.8664635976155599,0.0010498500196263194,0.027191955596208572,0.5833333333333334
276,0.002285460957015554,0.0009465193026699126,1.3389415939648945,0.001266683335416019,0.02983034960925579,0.6041666666666666
277,0.0015608253345514337,0.0007140451091496895,0.8467801769574483,0.0006442322628572583,0.018174337223172188,0.625
278,0.0013309929830332596,0.0006152603270796438,0.7157326181729634,0.0008422306273132563,0.02303711324930191,0.5833333333333334
279,0.0013409003149718046,0.000568445143289864,0.7724551320075989,0.0010254480876028538,0.025151079520583153,0.5833333333333334
280,0.0012516863721733292,0.0005684438103344292,0.683242529630661,0.000792623613961041,0.022219987586140633,0.5208333333333334
281,0.0014098340179771185,0.0006592655729036779,0.750568417708079,0.0009540191967971623,0.023887842893600464,0.5416666666666666
282,0.0016694427002221345,0.0008036597166210413,0.8657829562822977,0.0005854850169271231,0.01822202280163765,0.5
283,0.0013161578370879093,0.0005654672704016168,0.7506905198097229,0.0007256981334649026,0.02103845402598381,0.5625
284,0.00151224909350276,0.0006445832453512897,0.8676658153533936,0.0007872136193327606,0.021581286564469337,0.4791666666666667
285,0.0017619659192860126,0.0007052214428161581,1.0567444642384847,0.0008333983132615685,0.02342403121292591,0.625
286,0.0017215588362887503,0.0006988557792889575,1.0227030038833618,0.0012307220604270697,0.027900269255042076,0.5
287,0.0016114435934772094,0.0006387779333939155,0.9726656198501586,0.0006480560987256467,0.019615279510617256,0.4375
288,0.0013702263745168845,0.0005369721504393965,0.8332541823387146,0.0008532068459317088,0.021984416991472244,0.4791666666666667
289,0.0014205482012281815,0.0005939947518830498,0.8265534043312073,0.0005557623226195574,0.018039243295788765,0.625
290,0.0012280953155520062,0.0005292294449949016,0.6988658507664999,0.0009246913250535727,0.02393988147377968,0.5416666666666666
291,0.0014660479578499992,0.0006184201881599923,0.8476277311642965,0.0006010228535160422,0.018305666744709015,0.4791666666666667
292,0.0012213085622837145,0.0005287792494830986,0.6925292611122131,0.0007048665429465473,0.02041752263903618,0.5
293,0.0012568633770570158,0.000498756387969479,0.7581069548924764,0.0007254219381138682,0.019528444856405258,0.5416666666666666
294,0.0012229897275877497,0.0005572816027173152,0.6657080928484599,0.0005559178534895182,0.01884031854569912,0.6041666666666666
295,0.0015451757470145821,0.0006534788369511565,0.8916968544324239,0.0006224633543752134,0.01891624741256237,0.4791666666666667
296,0.0016567170076693097,0.0006929318866847703,0.9637850602467855,0.0005941950948908925,0.019143199548125267,0.5416666666666666
297,0.001657087441223363,0.0007213729860571523,0.9357144037882487,0.0007124154362827539,0.022039970383048058,0.5833333333333334
298,0.0014139729474360744,0.0006620480795390904,0.7519248445828756,0.0006268509896472096,0.018187159672379494,0.5833333333333334
299,0.0013506644017373523,0.0005931986379437149,0.7574657281239827,0.0006064823246560991,0.018803438171744347,0.5208333333333334
300,0.0012261150249590477,0.0005612071215485533,0.6649078567822774,0.0006779521354474127,0.020511643961071968,0.625
301,0.0014327420309806864,0.0005742680029167483,0.8584740082422893,0.000806348049081862,0.020740389823913574,0.5
302,0.0013984729147826632,0.0005977688531856983,0.800704034169515,0.000597212987486273,0.01920451410114765,0.625
303,0.001561152950550119,0.0006350668865100791,0.9260860045750936,0.0006884592003189027,0.02003377303481102,0.5625
304,0.0017786185024306178,0.0007182454127663125,1.060373028119405,0.0008658619481138885,0.023929383605718613,0.5833333333333334
305,0.002774435266231497,0.0010513318547358116,1.7231033166249594,0.001209830865263939,0.029217857867479324,0.5416666666666666
306,0.0025489912290746967,0.0010387372555366408,1.5102539300918578,0.000631706730928272,0.018519921228289604,0.625
307,0.001371371179508666,0.0005807845930879315,0.7905865391095479,0.00094320357311517,0.02393350563943386,0.4791666666666667
308,0.0016604664813106259,0.0006507379507335524,1.0097284992535909,0.0010333363898098469,0.025248566642403603,0.5208333333333334
309,0.0015829067366818588,0.0006829830488034835,0.8999236543973287,0.0008085505687631667,0.021241016685962677,0.5416666666666666
310,0.001457125561622282,0.0006029384792782366,0.8541870554288228,0.0006615174352191389,0.020366033539175987,0.5625
311,0.001253124753323694,0.0005767147988080979,0.6764099299907684,0.0008831140003167093,0.02292669005692005,0.5416666666666666
312,0.0013160736067220568,0.0005982847341025869,0.71778883934021,0.0005835074698552489,0.01777258887887001,0.5208333333333334
313,0.0013666341236482063,0.0006251432020993283,0.741490896542867,0.0012306086719036102,0.027375061064958572,0.5
314,0.0016211795232569178,0.0007145308229761819,0.9066486398379008,0.0007231928175315261,0.02077500894665718,0.625
315,0.0014515908745427926,0.0006266922030287484,0.824898624420166,0.0008850069716572762,0.022216377779841423,0.5416666666666666
316,0.0014456089586019516,0.0006380591172880182,0.8075498024622599,0.0010004251962527633,0.024834373965859413,0.5833333333333334
317,0.001780872861854732,0.0006967227362717191,1.0841500818729402,0.001145091257058084,0.02662229724228382,0.6666666666666666
318,0.0016310872742906213,0.0006484634339964638,0.9826238075892131,0.0007742455345578492,0.020758436992764473,0.5625
319,0.001301320867302517,0.0005491617523754636,0.7521590709686279,0.0006842869915999472,0.01994195766746998,0.5416666666666666
320,0.0014122308076669773,0.000585061579477042,0.8271692077318827,0.0009870429057627916,0.02535370923578739,0.5416666666666666
321,0.0016086822763706247,0.0006471182704747964,0.9615639646848043,0.0006859738496132195,0.01944715343415737,0.4791666666666667
322,0.0013156979500005643,0.0005576900788582861,0.758007840315501,0.0005997956031933427,0.017111271619796753,0.4583333333333333
323,0.0013556508347392082,0.0005333845484225701,0.8222662647565205,0.00047465733950957656,0.017407918348908424,0.6458333333333334
324,0.0012875632150098682,0.0005331955597891162,0.7543675939242045,0.0007244517328217626,0.02075372077524662,0.4375
325,0.0013444523404662807,0.0005906643772808214,0.7537879387537638,0.0007351452368311584,0.021805210039019585,0.5
326,0.0018191986717283725,0.000665252428734675,1.1539462049802145,0.0008726195665076375,0.0239427387714386,0.5833333333333334
327,0.0015775118721649052,0.000703862210502848,0.8736496170361837,0.0008685252978466451,0.022462936118245125,0.5416666666666666
328,0.0015853205618138115,0.0006263073009904474,0.9590132236480713,0.0006366284796968102,0.019048040732741356,0.5
329,0.0015717080095782876,0.0007081443599114815,0.8635636289914449,0.0006593653815798461,0.019579194486141205,0.4791666666666667
330,0.0017417452375714977,0.0007873064760739605,0.9544387141863505,0.001050059450790286,0.025709128007292747,0.5833333333333334
331,0.002113871524731318,0.0008720433029035727,1.241828163464864,0.0008477418450638652,0.022584903985261917,0.3958333333333333
332,0.0013917517266236246,0.000569224712671712,0.8225269734859466,0.0005977929104119539,0.018374452367424965,0.5416666666666666
333,0.0012696598346034686,0.0005155300740928699,0.7541297276814779,0.0006790826446376741,0.018814126029610634,0.5208333333333334
334,0.001182621732975046,0.000539497941887627,0.6431237578392028,0.0007408406818285584,0.02102029137313366,0.5416666666666666
335,0.0013890810388450822,0.0005609270379257699,0.8281539519627888,0.0009451809455640614,0.024520257487893105,0.3958333333333333
336,0.0014755436646131177,0.000581269437680021,0.8942741950352987,0.0011679172748699784,0.026736238971352577,0.4791666666666667
337,0.0014988324643733601,0.00059955864562653,0.8992737770080567,0.0004555256455205381,0.0163295716047287,0.5833333333333334
338,0.0011807717848569155,0.000494888611137867,0.6858831385771433,0.0005507651949301362,0.017261482775211334,0.5
339,0.0011894764378666879,0.0004888640309218317,0.7006123622258504,0.0006996530573815107,0.020573781803250313,0.5416666666666666
340,0.0015631737497945628,0.0006257331445037077,0.93744056224823,0.0012128932867199183,0.028214996680617332,0.5
341,0.0018092733264590303,0.0007300774625036866,1.079195789496104,0.0014135657111182809,0.03180227056145668,0.5416666666666666
342,0.0018417769111692905,0.0007730419902751844,1.068734884262085,0.0006344726425595582,0.01993093080818653,0.5
343,0.0014485384492824475,0.0005929611060613145,0.8555772980054219,0.0008421027450822294,0.023086456581950188,0.4791666666666667
344,0.0014949247939512133,0.0006588785986726482,0.8360461592674255,0.0013295675162225962,0.030842453241348267,0.5416666666666666
345,0.0015166686149314045,0.0006555873240965108,0.8610812465349833,0.0012507281498983502,0.029236653819680214,0.5416666666666666
346,0.001354392400632302,0.0006167439336422831,0.7376484354337056,0.001160872052423656,0.02799871750175953,0.5625
347,0.0012887987735060353,0.0005454160952164481,0.7433826526006063,0.0007059044437482953,0.01937398500740528,0.5208333333333334
348,0.0014693778241053224,0.0006167906278278679,0.8525871555010478,0.0008317172178067267,0.021785765886306763,0.625
349,0.0015052216748396555,0.0006305790525705864,0.8746425867080688,0.0006939677405171096,0.01900894194841385,0.5416666666666666
350,0.0012553027481772006,0.0005700207781046629,0.6852819363276164,0.0012541174655780196,0.027980344370007515,0.5625
351,0.0013199671637266874,0.000591191075121363,0.7287760535875957,0.0012706200359389186,0.028159398585557938,0.6041666666666666
352,0.0013958142294238011,0.0005786223472872128,0.8171918431917826,0.0005357760819606483,0.017927739769220352,0.5
353,0.0012840591991941134,0.000592520390637219,0.6915387908617655,0.0006372185307554901,0.02013506181538105,0.4583333333333333
354,0.0013090412908544143,0.0005665774767597517,0.7424637715021769,0.0007356770802289248,0.021432701498270035,0.5
355,0.0013444938619310658,0.0005966649953431139,0.7478288173675537,0.0008227586513385177,0.022823162376880646,0.5833333333333334
356,0.00115338785884281,0.0004971121787093579,0.6562756458918254,0.0006907937349751592,0.020703762769699097,0.625
357,0.0011902269596854845,0.0004851234688734015,0.7051034371058146,0.0006794147193431854,0.018733762204647064,0.6041666666666666
358,0.0014567228810240826,0.0005817367501246433,0.8749860763549805,0.000995434122160077,0.02357889898121357,0.4791666666666667
359,0.0014553843997418881,0.000580626834804813,0.8747575243314107,0.0006037082057446241,0.018142905086278915,0.625
360,0.001409844138349096,0.0005527313294199606,0.8571127653121948,0.0010124173713847995,0.024723486974835396,0.6458333333333334
361,0.001897930004633963,0.0007698393232810001,1.1280906240145365,0.0014060776447877288,0.030758757144212723,0.5416666666666666
362,0.0014558408797408144,0.0006587768536216269,0.7970639904340108,0.0007086818222887814,0.021165529265999794,0.5
363,0.0014851549019416173,0.0006062305008526891,0.8789243658383687,0.0006159343174658716,0.018768439069390297,0.4791666666666667
364,0.0013031672259482244,0.0005540130592028921,0.7491541345914204,0.0013205227442085743,0.028112303465604782,0.5625
365,0.0012852177023887634,0.0005082231694056342,0.7769944985707601,0.00085525366012007,0.021626655012369156,0.5416666666666666
366,0.001148151191106687,0.0005069871277858814,0.6411640346050262,0.0007253347430378199,0.021788528189063072,0.4583333333333333
367,0.0011804643475140134,0.0005119120954380681,0.6685522317886352,0.0007395401480607688,0.0204782672226429,0.5208333333333334
368,0.0011805028072558344,0.0004585673431089769,0.7219354351361592,0.0011565956519916654,0.027240566909313202,0.5833333333333334
369,0.0012268490546072522,0.0005398785346187651,0.6869704961776734,0.0012502424651756883,0.02917422540485859,0.5416666666666666
370,0.001289249894519647,0.000606915201448525,0.6823346455891927,0.0005466747679747641,0.016888370737433434,0.5416666666666666
371,0.0010966205503791572,0.00046569471208689114,0.6309258004029592,0.0006875227554701269,0.020703759044408798,0.5416666666666666
372,0.0011478766333311795,0.00047662258924295505,0.6712540109952291,0.0005455389036796987,0.019126636907458305,0.5833333333333334
373,0.0013143927014122407,0.0006372528131275127,0.6771398584047953,0.000423724326537922,0.01602153107523918,0.625
374,0.0010296807818425198,0.0004484436610558381,0.5812370916207631,0.0009474154794588685,0.023501409217715263,0.4791666666666667
375,0.0012755051798497637,0.0005224328468708942,0.7530723055203755,0.0008967441390268505,0.02266032062470913,0.5625
376,0.001152569711363564,0.0004913072179382046,0.6612624526023865,0.001060724025592208,0.024617290124297142,0.5625
377,0.001501092043084403,0.0005613865486035744,0.9397054354349772,0.001029925886541605,0.02517169527709484,0.5833333333333334
378,0.0012385133809099595,0.000505631217189754,0.7328821380933126,0.0010078628547489643,0.02556486241519451,0.5625
379,0.0013301901596908768,0.0005334120185580104,0.7967781066894531,0.0007262195576913655,0.02021113410592079,0.5
380,0.0011569127207621932,0.00046586913910383977,0.6910435299078623,0.0008654781267978251,0.022944115102291107,0.5625
381,0.0012035279418341816,0.0004931276974578699,0.7104002038637797,0.0011874593328684568,0.02588116191327572,0.4375
382,0.0011902890245740613,0.00048062532829741637,0.7096636394659678,0.0010141838574782014,0.026005741208791733,0.5833333333333334
383,0.0016322015707070628,0.0006744457738629231,0.9577557285626729,0.0006271259626373649,0.01913141831755638,0.6041666666666666
384,0.0016618417265514532,0.0007325704209506512,0.9292712489763896,0.0008548028999939561,0.02230561152100563,0.5
385,0.001439165564564367,0.0006228502296532194,0.8163153012593587,0.0008587355259805918,0.02260509505867958,0.5208333333333334
386,0.0013034185161814094,0.0005392420144441228,0.7641764640808105,0.0010414879070594907,0.025392375886440277,0.6041666666666666
387,0.0011441426584497094,0.00048547000042162833,0.6586726367473602,0.0006082298932597041,0.018633026629686356,0.4375
388,0.0011888751915345589,0.0005244136710340779,0.6644614895184835,0.0012722352985292673,0.02910652756690979,0.4791666666666667
389,0.0015135865736131866,0.0005533379521997024,0.9602485775947571,0.0011662377510219812,0.026771241798996925,0.6041666666666666
390,0.0013438351025494436,0.000534214940853417,0.8096201300621033,0.0010630626929923892,0.02470596693456173,0.5833333333333334
391,0.0010282243640782932,0.00044350248257008694,0.5847218453884124,0.0008101240382529795,0.02132227271795273,0.4375
392,0.0013207577130136391,0.0004996646719519048,0.8210930029551188,0.000920332910027355,0.023318402469158173,0.5416666666666666
393,0.001426669217956563,0.0005863250757101923,0.8403441031773885,0.0009130755206570029,0.023564733564853668,0.5625
394,0.0013765357706385353,0.000569161114981398,0.8073746164639791,0.0012075299164280295,0.0265316404402256,0.5625
395,0.001229637605138123,0.000516645226161927,0.7129923343658447,0.0013482921058312058,0.02871639095246792,0.625
396,0.0012461873625094692,0.0005474639610232164,0.6987233658631643,0.0011428925208747387,0.025221506133675575,0.625
397,0.0017642963832865159,0.0007421133612903456,1.0221829811731975,0.0009793168865144253,0.02443747967481613,0.5
398,0.0018053697732587656,0.0007052754556449751,1.1000942587852478,0.0014026615535840392,0.027668127790093422,0.4166666666666667
399,0.0015710544927666585,0.0006001339701469987,0.9709204951922099,0.001255011884495616,0.027708660811185837,0.5833333333333334
400,0.001492028640738378,0.00062081521221747,0.8712134102980296,0.0010547615820541978,0.025180893018841743,0.4791666666666667
401,0.0013410271611064672,0.0005565490573644638,0.7844780643781026,0.0008182410383597016,0.02143767848610878,0.5416666666666666
402,0.0011530932349463304,0.0005311640212312341,0.6219292004903157,0.0012467954074963927,0.02731102705001831,0.5416666666666666
403,0.0013150999322533608,0.00054974847783645,0.765351402759552,0.001366505865007639,0.028495769947767258,0.4375
404,0.0014223775283123056,0.0005733126755027722,0.8490648190180461,0.0015642722137272358,0.029002660885453224,0.5833333333333334
405,0.0015642351238057018,0.0006695453911864509,0.894689695040385,0.0015602685743942857,0.03126548230648041,0.4375
406,0.0014460284340505798,0.0005883169379861404,0.8577114542325338,0.0013049507979303598,0.028039220720529556,0.4375
407,0.0014941880557065208,0.0005943085978894184,0.8998794277509053,0.0011554831871762872,0.02565774880349636,0.5
408,0.001239095930941403,0.0005334983812645078,0.7055975198745728,0.0008670250535942614,0.022144488990306854,0.6458333333333334
409,0.0013529696424181262,0.0005292247515171766,0.8237448771794637,0.0011982821160927415,0.027334583923220634,0.5416666666666666
410,0.0012982063577510416,0.0005309704671769092,0.7672358512878418,0.0011967805912718177,0.02702842839062214,0.625
411,0.0014415439839164416,0.0005834885989315808,0.858055321375529,0.0010098033817484975,0.024004796519875526,0.4166666666666667
412,0.0014951968720803659,0.000555046556595092,0.9401502927144368,0.0009147780365310609,0.023388903588056564,0.5625
413,0.0010824202986744543,0.0004600672187128415,0.6223530391852061,0.0006541896727867424,0.01956518180668354,0.4583333333333333
414,0.001083887799177319,0.0004637905687559396,0.6200972020626068,0.0008523871074430645,0.021833647042512894,0.5416666666666666
415,0.0012799913762137293,0.0005611861784321566,0.7188051621119181,0.0007137106149457395,0.02021336369216442,0.4791666666666667
416,0.001103874936234206,0.0005224449831681947,0.5814299086729685,0.0007445526425726712,0.020612597465515137,0.5416666666666666
417,0.0012253868315989771,0.000529250556913515,0.6961362361907959,0.0010704954620450735,0.025475647300481796,0.4375
418,0.001443596564543744,0.000548778526717797,0.8948179920514424,0.0008811352890916169,0.022148003801703453,0.5833333333333334
419,0.0013083994233359893,0.0005935620652356495,0.7148373206456502,0.0006509817321784794,0.019883522763848305,0.4583333333333333
420,0.0012477157055400313,0.0005337613576557488,0.7139542977015177,0.0010299078421667218,0.024222493171691895,0.4583333333333333
421,0.0013693228519211212,0.0005552901556560148,0.8140326738357544,0.0010590332094579935,0.025012854486703873,0.6041666666666666
422,0.0014048311781759064,0.0005805027787573636,0.8243283271789551,0.0013928022235631943,0.029325295239686966,0.5833333333333334
423,0.001239364966750145,0.0005645364270700763,0.6748285094896952,0.00116168730892241,0.026283230632543564,0.5208333333333334
424,0.0012252329227825005,0.0005635179637465626,0.6617149233818054,0.0008891773177310824,0.022863589227199554,0.5416666666666666
425,0.0013857446455707153,0.0005736441661914189,0.8121004541714986,0.0014243472833186388,0.02909504622220993,0.4166666666666667
426,0.0014519995466495553,0.0005651647690683604,0.8868347366650899,0.0008356430334970355,0.023206207901239395,0.5416666666666666
427,0.0012709886766970157,0.0005342840954350929,0.7367045640945434,0.0008779618074186146,0.021580616012215614,0.4375
428,0.0012311700071829061,0.0004981030399600665,0.7330669482549032,0.0006856523104943335,0.019926458597183228,0.6041666666666666
429,0.0011458282397749523,0.0005072062970915189,0.6386219183603923,0.001744059263728559,0.03479750454425812,0.625
430,0.0012557221188520392,0.0005745910030479233,0.6811310986677805,0.0020936427172273397,0.0358220711350441,0.5
431,0.0013197194862489899,0.0005989945862287034,0.7207248687744141,0.0006631500436924398,0.019491326063871384,0.4583333333333333
432,0.0013494117030253014,0.0005976684818354746,0.7517431974411011,0.0007595999049954116,0.020389974117279053,0.5
433,0.0012182457256130874,0.0005153703192869822,0.7028753717740377,0.0007097366615198553,0.020920099690556526,0.4583333333333333
434,0.0011894715872282783,0.0005312255874741822,0.6582459886868794,0.0008813207969069481,0.02349698171019554,0.5416666666666666
435,0.0010297994750241438,0.0004564314886617164,0.5733679691950481,0.0007353152614086866,0.02005620114505291,0.7291666666666666
436,0.0011308718977185587,0.0005190922374216218,0.6117796341578166,0.0016590023878961802,0.03272709995508194,0.5416666666666666
437,0.0011850385849053661,0.0005156703991815448,0.6693681597709655,0.0013352216919884086,0.027236957103013992,0.5625
438,0.0010992082068696618,0.00046092940028756856,0.6382787863413493,0.0016703722067177296,0.032807607203722,0.6041666666666666
439,0.0010662097251042725,0.00044140088527152936,0.6248088220755259,0.0014279450988397002,0.030351737514138222,0.5625
440,0.0010810740718928476,0.00048196644056588413,0.5991076052188873,0.0009524631896056235,0.023209424689412117,0.4375
441,0.0015431019787987073,0.0006171595344009499,0.9259424209594727,0.0008158290875144303,0.021934811025857925,0.4791666666666667
442,0.001497953268699348,0.0005673428861579547,0.9306103388468424,0.001103604561649263,0.025330137461423874,0.3958333333333333
443,0.0012548593299773832,0.0004935915290843696,0.76126775542895,0.0008192669483833015,0.021716207265853882,0.5416666666666666
444,0.001087609666865319,0.0004765562402705351,0.6110533912976582,0.0006794473738409579,0.02027956396341324,0.4583333333333333
445,0.0011177450728913148,0.0005198766283380489,0.5978684147198995,0.0007423911010846496,0.021189400926232338,0.4166666666666667
446,0.001365191450652977,0.0005731992811585466,0.7919921358426412,0.0010941775981336832,0.02551833540201187,0.5625
447,0.0012571211981897553,0.0005880471008519332,0.6690740585327148,0.0014423677930608392,0.029605921357870102,0.4791666666666667
448,0.001209337830853959,0.0005372670789559682,0.6720707138379415,0.0007948091370053589,0.0216213408857584,0.5208333333333334
449,0.0010197175395054122,0.0004242443401987354,0.5954731742540995,0.0009190061828121543,0.022256482392549515,0.4791666666666667
450,0.001104190406234314,0.00048242952325381336,0.6217608650525411,0.0017509959870949388,0.03416668623685837,0.5625
451,0.001342235563788563,0.0005874385378168274,0.7547969897588094,0.0013606498250737786,0.02846255712211132,0.5208333333333334
452,0.0010788753007849059,0.00043207200166458886,0.6468032697836558,0.0008858017972670496,0.021974526345729828,0.5833333333333334
453,0.0009834817688291271,0.0004174484978041922,0.5660332361857097,0.0015189987607300282,0.031144995242357254,0.5416666666666666
454,0.0010903628620629509,0.0005116555218895277,0.5787073016166687,0.0013707036850973964,0.02859513834118843,0.4583333333333333
455,0.001169358651774625,0.0005040446664982786,0.665313971042633,0.00068842334439978,0.020393604412674904,0.625
456,0.0012326595761502782,0.0005215015689221521,0.7111579656600953,0.0009230616851709783,0.022770307958126068,0.5
457,0.0010498002249126634,0.00043936171762955684,0.6104384779930114,0.001175474375486374,0.02717517875134945,0.625
458,0.0010604260760980347,0.00042093333322554825,0.6394927104314169,0.0009610375855118036,0.022958513349294662,0.4375
459,0.0010262742832613488,0.00043229812290519477,0.5939761241277058,0.0010175507050007582,0.025310831144452095,0.4375
460,0.0015354704577475787,0.0005589352493795256,0.9765351573626201,0.0010162513935938478,0.026319090276956558,0.5833333333333334
461,0.0014909367465103665,0.000583081238437444,0.9078554391860962,0.0012619488406926394,0.02710888534784317,0.4583333333333333
462,0.00128367457849284,0.0005219713513118525,0.7617031931877136,0.0010471554705873132,0.025506140664219856,0.5208333333333334
463,0.0011538553556116919,0.0004532477022924771,0.7006076117356618,0.0011935216607525945,0.027605371549725533,0.6458333333333334
464,0.0013349242974072695,0.0005067117725654195,0.8282124956448873,0.0012732046889141202,0.027255676686763763,0.5625
465,0.0011885641841217875,0.00046184736226374904,0.7267167766888937,0.0012096907012164593,0.027788575738668442,0.5833333333333334
466,0.0013175658726443846,0.0005088397049500296,0.8087261239687602,0.0008264234638772905,0.02199266292154789,0.6875
467,0.0009953718710069856,0.00041035555380706986,0.5850163022677104,0.0007974234758876264,0.021374842151999474,0.5416666666666666
468,0.0010699601417096952,0.00042647552715303997,0.6434845964113871,0.0011408014688640833,0.026995016261935234,0.5416666666666666
469,0.001012203935533762,0.00043384970049373803,0.5783541778723399,0.0014533019857481122,0.02951042167842388,0.7083333333333334
470,0.0010488786773445705,0.0004449782019946724,0.6039004464944203,0.0013058377662673593,0.029594702646136284,0.6875
471,0.001178726810030639,0.0005350871826522053,0.6436395982901255,0.0012982359621673822,0.027576321735978127,0.5416666666666666
472,0.0015839687548577785,0.0006517355388496072,0.9322331825892131,0.00071046530501917,0.020005695521831512,0.6041666666666666
473,0.001582828521107634,0.0006452228447111944,0.937605639298757,0.001478936872445047,0.030576854944229126,0.5833333333333334
474,0.001168930169660598,0.0004949310736265033,0.6739990512530009,0.0013234865618869662,0.02911604568362236,0.5625
475,0.0011729822726920247,0.000510286233232667,0.6626960158348083,0.0008267216617241502,0.021850014105439186,0.5208333333333334
476,0.001172822838028272,0.0005089619119341175,0.6638608952363332,0.000627853733021766,0.018831532448530197,0.5833333333333334
477,0.0012769456719979645,0.0005260293779429049,0.7509162545204162,0.0008809337741695344,0.022308435291051865,0.6041666666666666
478,0.0010194849572144448,0.0004286603614067038,0.5908245742321014,0.001033546170219779,0.02471221052110195,0.5
479,0.0009480969592308004,0.0003892218112014234,0.5588751256465911,0.0008457488147541881,0.02257198840379715,0.6041666666666666
480,0.0012628615484572947,0.00045571750573193036,0.8071440021197002,0.0010665117297321558,0.025319963693618774,0.5
481,0.001128122815862298,0.00047826486988924446,0.6498579164346059,0.0008524234872311354,0.021970482543110847,0.4791666666666667
482,0.0011028725033005078,0.00045417591754812745,0.6486965596675873,0.0007330263033509254,0.020053017884492874,0.5
483,0.0010120830265805125,0.00042790410031254094,0.584178896745046,0.0007912258733995259,0.021491385996341705,0.5208333333333334
484,0.0014474058135723075,0.0005754141854898383,0.8719915866851806,0.0009712916216813028,0.023912714794278145,0.5416666666666666
485,0.0014154364665349324,0.0006661880509151767,0.7492483615875244,0.000747706915717572,0.021183867007493973,0.5416666666666666
486,0.0011511397431604564,0.0004944871587213128,0.656652553876241,0.0012720853555947542,0.028031839057803154,0.5
487,0.0012028773586886625,0.0005290469892012576,0.6738303144772847,0.0009431745857000351,0.024172136560082436,0.5
488,0.0012286819284781814,0.0005030807747971267,0.7256011029084524,0.0007840080070309341,0.02233341708779335,0.4583333333333333
489,0.0014298496185801922,0.0005730650329496712,0.8567845463752747,0.0010647316230461001,0.02491580881178379,0.6041666666666666
490,0.0012913376713792482,0.0005532644572667778,0.7380731860796611,0.0008678833255544305,0.022866299375891685,0.5833333333333334
491,0.0011077684195091328,0.00047057250437016287,0.63719588915507,0.0011412444291636348,0.026031766086816788,0.5833333333333334
492,0.0011556107162808379,0.0005278687943549206,0.6277418911457062,0.0012042887974530458,0.02805442176759243,0.5208333333333334
493,0.0012356745544821024,0.0005420921021141112,0.6935824036598206,0.0009665032266639173,0.02414609305560589,0.5208333333333334
494,0.0009624571849902471,0.0004040468930422018,0.558410257101059,0.0007569146691821516,0.021623890846967697,0.5416666666666666
495,0.0010024405200965703,0.0004278332945735504,0.5746071994304657,0.0008979909471236169,0.023592006415128708,0.6041666666666666
496,0.0009281015140004456,0.0003671213887476673,0.5609801014264425,0.000687146617565304,0.019866308197379112,0.5416666666666666
497,0.0009344788927895327,0.00039725647075101734,0.5372223873933156,0.000892508658580482,0.022407975047826767,0.5833333333333334
498,0.0009480278744983177,0.00042363080525926,0.5243970394134522,0.0012152219424024224,0.02742104046046734,0.5833333333333334
499,0.0009586239776884516,0.0003877772969038536,0.5708466589450836,0.0010288760531693697,0.024979012086987495,0.6041666666666666
500,0.0014314719553415974,0.0005221903382334858,0.9092815677324931,0.0007505934918299317,0.020373592153191566,0.5
