epoch,train_loss,mse_loss,trend_loss,val_mse,val_mae,val_trend_acc
0,0.05242043646673362,0.042333380008737244,10.087055428822834,0.00604094797745347,0.06492796540260315,0.5416666666666666
1,0.010700685841341814,0.007443665247410536,3.2570204575856527,0.004177599214017391,0.053020380437374115,0.4583333333333333
2,0.0058324950281530615,0.003947838015543918,1.8846569379170737,0.0022794147953391075,0.03875785693526268,0.4583333333333333
3,0.0046451472522070015,0.0030125888995826246,1.632558274269104,0.001906940946355462,0.036785829812288284,0.6041666666666666
4,0.0039783303470661245,0.0025343482848256826,1.443981949488322,0.0019941083155572414,0.03775833547115326,0.5625
5,0.00379783419581751,0.0023531599047904215,1.444674261411031,0.001567759783938527,0.033343952149152756,0.5416666666666666
6,0.003877933509647846,0.0023847388957316676,1.4931945244471232,0.0023791396524757147,0.04016050323843956,0.6041666666666666
7,0.0032567259079466265,0.0019733372299621504,1.283388614654541,0.0015106239588931203,0.031050588935613632,0.5208333333333334
8,0.0033965404455860455,0.0020061553688719867,1.3903850317001343,0.001649116980843246,0.03277670219540596,0.6041666666666666
9,0.0048647901198516285,0.0026555670813346905,2.2092228889465333,0.0031844291370362043,0.04380710422992706,0.3125
10,0.0038824253560354313,0.0023377168457955123,1.5447084506352742,0.0015261141816154122,0.032733745872974396,0.5625
11,0.0032792984197537105,0.0019229610295345386,1.3563372929890951,0.001467695226892829,0.031747058033943176,0.6458333333333334
12,0.003421101129303376,0.0018880313495174051,1.5330696900685628,0.0019173374166712165,0.035861656069755554,0.4791666666666667
13,0.003325529055049022,0.0019291900020713608,1.3963390111923217,0.0012773559428751469,0.029278239235281944,0.6666666666666666
14,0.0029563466552644966,0.001755784556735307,1.2005620797475178,0.0016275845700874925,0.03409706428647041,0.5416666666666666
15,0.0031526690038541955,0.0017722941391790906,1.3803747653961183,0.0015956260031089187,0.03264545276761055,0.625
16,0.0030688525332758826,0.0016674149703855316,1.401437481244405,0.0012139411410316825,0.028523702174425125,0.625
17,0.0027868738786006966,0.001578809522713224,1.208064313729604,0.0013489758130162954,0.030158059671521187,0.375
18,0.0028215118683874605,0.0016261889211212595,1.1953229347864787,0.0020015372429043055,0.033333782106637955,0.4791666666666667
19,0.0029111093996713557,0.0016986346105113625,1.2124747236569722,0.0010669949697330594,0.026191676035523415,0.625
20,0.002548643566357593,0.0014895227815334997,1.0591207583745321,0.0014271654654294252,0.03120974265038967,0.5
21,0.00274141578314205,0.0016254781046882271,1.1159375667572022,0.0012586484663188457,0.030122628435492516,0.5
22,0.002503515205656489,0.0014710891409777105,1.0324259956677755,0.0014853475149720907,0.030130285769701004,0.6041666666666666
23,0.002725364003951351,0.001690232699426512,1.0351312557856243,0.0011384965619072318,0.026247810572385788,0.6458333333333334
24,0.002711795518795649,0.001561268667380015,1.1505268057187399,0.0014364328235387802,0.030686620622873306,0.5
25,0.002983448825155695,0.0016424406281051536,1.341008182366689,0.0013563932152464986,0.02919510193169117,0.6666666666666666
26,0.0025966063995535174,0.0015474843249345819,1.0491219957669575,0.0013041285565122962,0.029111942276358604,0.5625
27,0.0025409202557057143,0.0014947369151438277,1.0461832920710246,0.0012610910926014185,0.02840372547507286,0.5833333333333334
28,0.002705244595805804,0.0015479146502912044,1.1573299169540405,0.0015404151054099202,0.030945749953389168,0.5
29,0.0029353092424571512,0.0016933626378886403,1.241946538289388,0.00198233500123024,0.036742184311151505,0.5416666666666666
30,0.0030077451063940924,0.0018451027572154999,1.1626423041025797,0.0012533387634903193,0.02929452806711197,0.3958333333333333
31,0.0026578778866678475,0.0016118620289489627,1.046015771230062,0.00133969122543931,0.030107934027910233,0.6458333333333334
32,0.002972831514974435,0.0017207988925899069,1.2520325660705567,0.0018081464804708958,0.032979872077703476,0.5625
33,0.0028098184149712322,0.0015920054904806117,1.2178128441174825,0.0014792145229876041,0.032427120953798294,0.5833333333333334
34,0.0029439300764352084,0.0016282015635321538,1.3157284657160442,0.0016118695493787527,0.03309011086821556,0.5833333333333334
35,0.003070700044433276,0.0016188863975306353,1.451813554763794,0.00166366808116436,0.03292215242981911,0.6458333333333334
36,0.0039682912019391855,0.0019914451598500213,1.9768459717432658,0.0014341232599690557,0.03207286447286606,0.625
37,0.003192191803827882,0.001799058976272742,1.393132738272349,0.0011005399283021688,0.02653675712645054,0.625
38,0.0025120662990957498,0.001477422572982808,1.0346436619758606,0.0019425097852945328,0.034893281757831573,0.3541666666666667
39,0.002788766473531723,0.001554299188622584,1.2344672282536824,0.0013612634502351284,0.030549872666597366,0.5833333333333334
40,0.0023808219159642857,0.0014547974530917903,0.9260244011878968,0.0011423638788983226,0.028703004121780396,0.625
41,0.002588588371872902,0.001631110580638051,0.9574777722358704,0.002039223210886121,0.03622724115848541,0.6666666666666666
42,0.0024927448636541762,0.0014313548143642643,1.0613899985949198,0.0018340374808758497,0.0346728153526783,0.6458333333333334
43,0.002564673312008381,0.0016700897521028915,0.8945834716161092,0.00125986710190773,0.029862938448786736,0.6041666666666666
44,0.0024070753483101726,0.0014509221267265577,0.9561531742413839,0.0010385483037680387,0.025651875883340836,0.6666666666666666
45,0.0024109882845853767,0.0013471912709064782,1.0637969334920248,0.0012123252963647246,0.027602147310972214,0.5833333333333334
46,0.0025322276555622618,0.0013813258575585982,1.1509017546971638,0.001567890285514295,0.03284628316760063,0.5416666666666666
47,0.0029805997386574746,0.0016598156575734417,1.3207839727401733,0.0014441547682508826,0.030721688643097878,0.4583333333333333
48,0.0030839371494948862,0.0016720253974199296,1.411911702156067,0.0014652734389528632,0.0321781188249588,0.375
49,0.002849774450684587,0.0016034974250942469,1.2462769587834677,0.001624615048058331,0.031331099569797516,0.4375
50,0.00256246553423504,0.0013797125623871882,1.1827529072761536,0.001127245370298624,0.02697036974132061,0.625
51,0.0027148470437775058,0.001540523134948065,1.174323856830597,0.0013745144242420793,0.030429687350988388,0.5833333333333334
52,0.0026698774502923093,0.001493268106908848,1.1766092777252197,0.0018328879959881306,0.034235551953315735,0.6458333333333334
53,0.0024532510278125605,0.0013726617364833752,1.080589230855306,0.0014786220854148269,0.030821146443486214,0.4375
54,0.0023729127676536638,0.001300333176429073,1.072579526901245,0.0013661148259416223,0.029578734189271927,0.625
55,0.002727010582263271,0.0014223424756589036,1.3046680490175884,0.0015036785043776035,0.031060464680194855,0.4166666666666667
56,0.002278196105423073,0.0013049881362045804,0.9732079068819682,0.0014761090278625488,0.03062327392399311,0.4791666666666667
57,0.0024652634436885517,0.0013661720557138323,1.0990912795066834,0.0013131535379216075,0.029123889282345772,0.5833333333333334
58,0.002174580640469988,0.0012506893641936283,0.9238912304242451,0.0013055986491963267,0.029099710285663605,0.5
59,0.0025199648768951493,0.0014432415793028972,1.0767232735951742,0.0016826675273478031,0.03402281925082207,0.4791666666666667
60,0.0028263342411567766,0.0014638505798454085,1.362483549118042,0.001102257752791047,0.02667083404958248,0.6666666666666666
61,0.0025956875334183374,0.001451013357533763,1.1446741302808126,0.0014473110204562545,0.030287601053714752,0.5416666666666666
62,0.0030983117409050464,0.0015942613283793131,1.504050346215566,0.0017757612513378263,0.03463486582040787,0.625
63,0.002497338969260454,0.0013646418461576103,1.132697093486786,0.0016543358797207475,0.03251107782125473,0.5833333333333334
64,0.002740703041975697,0.0015519770289150376,1.1887259483337402,0.0015640446217730641,0.029584240168333054,0.5416666666666666
65,0.0028249232408901056,0.0014923756942152977,1.3325474898020426,0.0014393917517736554,0.03105318918824196,0.5208333333333334
66,0.002438587990278999,0.0014141500267821053,1.0244378884633383,0.0015849521150812507,0.0319402851164341,0.4166666666666667
67,0.002489401570831736,0.001437761983834207,1.0516395370165508,0.0015691193984821439,0.03356318920850754,0.5833333333333334
68,0.0030514669915040335,0.0016200749048342308,1.4313920219739278,0.0015870457282289863,0.033203352242708206,0.6041666666666666
69,0.0023895851336419582,0.0013881091649333636,1.0014759182929993,0.0020751638803631067,0.038197312504053116,0.5416666666666666
70,0.002662266744300723,0.0014255946114038428,1.236672079563141,0.001594766159541905,0.03134931996464729,0.3958333333333333
71,0.002182305914660295,0.0012333318280677,0.9489740451176961,0.0013784716138616204,0.029291002079844475,0.625
72,0.002681284708281358,0.0013923448665688436,1.2889397780100504,0.0012202577199786901,0.0280156172811985,0.5416666666666666
73,0.002629845884318153,0.0015432891435921193,1.0865566690762838,0.0017893031472340226,0.033453721553087234,0.3333333333333333
74,0.002943065327902635,0.0016640894308996698,1.2789758642514546,0.001104592578485608,0.025855500251054764,0.7291666666666666
75,0.002440135561240216,0.0015377856402968367,0.9023498733838399,0.001606239122338593,0.03285108879208565,0.5833333333333334
76,0.002200903316649298,0.001355932552057008,0.8449707468350728,0.001513180905021727,0.03085401840507984,0.5208333333333334
77,0.0024284746265038847,0.001377608048884819,1.0508665283521017,0.0027109882794320583,0.0417623296380043,0.4375
78,0.003307316079735756,0.0018736095555747549,1.433706490198771,0.0031900217290967703,0.04447877034544945,0.3333333333333333
79,0.003298585070297122,0.001976615206028024,1.321969779332479,0.001210210844874382,0.028953973203897476,0.4791666666666667
80,0.00244086105376482,0.0013590490949961047,1.0818118731180826,0.0011703337077051401,0.027623793110251427,0.4791666666666667
81,0.0021816065069288014,0.0012259118918639918,0.9556945522626241,0.0016278332332149148,0.03326568752527237,0.6666666666666666
82,0.002418724090481798,0.001389115637478729,1.0296084006627402,0.001670120982453227,0.032178618013858795,0.4166666666666667
83,0.0021625335483501356,0.001314692983093361,0.8478405237197876,0.0013838948216289282,0.02964736334979534,0.6041666666666666
84,0.002319138388459881,0.0013418209506198763,0.9773173928260803,0.001532204682007432,0.03127991408109665,0.5208333333333334
85,0.002453420350017647,0.0014699044986627996,0.9835157990455627,0.0014967391034588218,0.03153598681092262,0.6875
86,0.0023248721767837803,0.0013961663430867095,0.9287057916323344,0.0015190498670563102,0.030795088037848473,0.6666666666666666
87,0.002225467880877356,0.0012815677910111845,0.9439000288645426,0.0013155281776562333,0.02905166521668434,0.6666666666666666
88,0.0023595509119331837,0.001232644950505346,1.12690589427948,0.0017012505559250712,0.03376312926411629,0.375
89,0.0027283658894399804,0.0013437961926683784,1.3845696171124777,0.00125619035679847,0.02771594189107418,0.6041666666666666
90,0.002554595780869325,0.0013539563748054206,1.2006393432617188,0.001382113085128367,0.02893797680735588,0.6041666666666666
91,0.0027490309672430157,0.0014633600095597407,1.2856709043184915,0.0017560293199494481,0.033307645469903946,0.4166666666666667
92,0.002668425099303325,0.0013981931299592058,1.2702318867047628,0.0013870071852579713,0.02868846245110035,0.4791666666666667
93,0.0027779884015520415,0.0015353760177580019,1.2426123420397441,0.0011984130833297968,0.027824493125081062,0.6458333333333334
94,0.002705993891383211,0.0014951289592621227,1.2108648697535196,0.0010780063457787037,0.02738034352660179,0.4166666666666667
95,0.002466836307818691,0.0014703689298282067,0.9964673399925232,0.0015597030287608504,0.03091561608016491,0.4583333333333333
96,0.0024349705393736563,0.0013941348879598081,1.0408356547355653,0.0012655298924073577,0.029655376449227333,0.5208333333333334
97,0.002182047876218955,0.0012398620252497493,0.9421857913335164,0.0010750250658020377,0.025844506919384003,0.5625
98,0.0023387708080311615,0.0014171625448701282,0.9216082175572713,0.0011137555120512843,0.0266377292573452,0.6875
99,0.0024953431837881606,0.0015788155607879162,0.9165275692939758,0.0017555388621985912,0.03266563266515732,0.5833333333333334
100,0.0023414253334825236,0.0014594919746741652,0.881933311621348,0.0016105062095448375,0.030735591426491737,0.6875
101,0.002430974661062161,0.0013645855671105286,1.0663890282313029,0.001265582162886858,0.028741460293531418,0.5
102,0.002285424309472243,0.0013152483617886901,0.9701759020487467,0.001861152471974492,0.033358797430992126,0.4375
103,0.002249297585027913,0.0012968537164852023,0.9524438619613648,0.001510638976469636,0.03133479133248329,0.625
104,0.0027023232464368145,0.0014755717439887425,1.226751450697581,0.0020444048568606377,0.03601041063666344,0.4166666666666667
105,0.0025553065973023576,0.0013318345416337251,1.223472003142039,0.0010567852295935154,0.02561967447400093,0.7083333333333334
106,0.0021260188814873496,0.0011677491129375994,0.958269719282786,0.0010951563017442822,0.02686314843595028,0.4791666666666667
107,0.0024911859072744846,0.0014666672873621185,1.0245185613632202,0.0012239058269187808,0.02751792222261429,0.5208333333333334
108,0.00248816831347843,0.0013197731925174594,1.1683951020240784,0.0013088759733363986,0.029420968145132065,0.375
109,0.0025203569636990625,0.0014694730013919373,1.050883917013804,0.0015505121555179358,0.03158259391784668,0.5
110,0.0025790700145686667,0.0015870495466515423,0.9920204361279805,0.0017460082890465856,0.032537028193473816,0.5
111,0.002726629733418425,0.001622133570102354,1.1044961253801981,0.0021594478748738766,0.03768153488636017,0.4791666666666667
112,0.0022392474580556153,0.00127266861187915,0.9665788253148396,0.0013675846857950091,0.029052739962935448,0.5416666666666666
113,0.002108254594107469,0.001210686886527886,0.8975676655769348,0.0014895391650497913,0.029894690960645676,0.6041666666666666
114,0.002265840924034516,0.0012260844465345143,1.0397563854853311,0.0013690551277250051,0.030400115996599197,0.5625
115,0.0024327409220859407,0.0013808377940828602,1.0519030928611754,0.0015904896426945925,0.03326987847685814,0.6666666666666666
116,0.002806827146559954,0.0015103397347653905,1.2964873472849527,0.001245817868039012,0.028750022873282433,0.4791666666666667
117,0.0022449493641033768,0.0013020521650711696,0.9428971687952677,0.0018965242197737098,0.034223031252622604,0.5833333333333334
118,0.0023273806786164642,0.0012766552817386886,1.0507253249486288,0.0018150177784264088,0.032479606568813324,0.375
119,0.002132482943125069,0.001218164056384315,0.9143188675244649,0.0011673682602122426,0.027206208556890488,0.5208333333333334
120,0.0022273712093010545,0.001310011166303108,0.9173599720001221,0.0012463610619306564,0.029405759647488594,0.6041666666666666
121,0.0023936132900416853,0.001366024367356052,1.0275888442993164,0.0014725086512044072,0.032164402306079865,0.4375
122,0.0021176632804175218,0.0012429027585312725,0.8747604926427205,0.0015252202283591032,0.03192797675728798,0.6458333333333334
123,0.002122874325141311,0.0011395278386771678,0.9833464543024699,0.0011917358497157693,0.027156053110957146,0.625
124,0.0024088901467621327,0.0013197233201935887,1.089166804154714,0.0014554334338754416,0.030153991654515266,0.6458333333333334
125,0.0025832227431237696,0.001424674631562084,1.1585480491320292,0.0018409589538350701,0.03386029228568077,0.375
126,0.002159684857664009,0.0012413574382662772,0.9183273673057556,0.002177339280024171,0.0365334115922451,0.4375
127,0.002294294365371267,0.0014128715149126947,0.8814227859179179,0.0019150525331497192,0.035149991512298584,0.5625
128,0.0023251354849586885,0.0013276931208868821,0.9974423289299011,0.0013144954573363066,0.030383342877030373,0.5416666666666666
129,0.0019698119256645443,0.0011132057135303816,0.8566061576207479,0.0014791483990848064,0.029789278283715248,0.4583333333333333
130,0.0019799603382125498,0.0011353975239520272,0.8445627888043722,0.0012815298978239298,0.028822151944041252,0.4791666666666667
131,0.0023934256906310717,0.0012397392458903293,1.1536864399909974,0.0015531652607023716,0.03064488060772419,0.3958333333333333
132,0.002139637083746493,0.0011423247090230385,0.997312315305074,0.0015710392035543919,0.030397197231650352,0.7083333333333334
133,0.002365625525514285,0.0012976565049029887,1.0679689367612204,0.0018881780561059713,0.033588532358407974,0.5625
134,0.0022363358332465094,0.0012458083258631329,0.9905274709065756,0.001165995141491294,0.025587039068341255,0.5
135,0.0021703654279311498,0.0011876058105068901,0.9827595512072246,0.0013619554229080677,0.02916274033486843,0.6666666666666666
136,0.0025831964798271657,0.0012827609200030566,1.300435463587443,0.0013221751432865858,0.029177434742450714,0.5833333333333334
137,0.002211779922557374,0.001198466820642352,1.013313082853953,0.0012563761556521058,0.028079116716980934,0.5625
138,0.001896101733048757,0.0010940819513052702,0.8020197709401449,0.001338936504907906,0.029046934098005295,0.6041666666666666
139,0.0023292034088323514,0.001223166515895476,1.106036869684855,0.0012567529920488596,0.028493504971265793,0.4583333333333333
140,0.001978003877835969,0.0011604689255667229,0.8175349036852518,0.0011995622189715505,0.027942007407546043,0.6875
141,0.002005034723939995,0.0011398145890173814,0.8652201056480407,0.0013368912041187286,0.02962537296116352,0.4791666666666667
142,0.0022515765158459544,0.0012029611660788456,1.048615316549937,0.0023815950844436884,0.03802061825990677,0.3958333333333333
143,0.0026264709963773687,0.0013523428118787707,1.2741281151771546,0.001507056294940412,0.030259324237704277,0.6458333333333334
144,0.0023489146803816158,0.0013124609094423553,1.0364536881446837,0.0012711905874311924,0.027857305482029915,0.5
145,0.0021609375951811673,0.0012672769313212483,0.8936606208483379,0.0012824137229472399,0.029193373396992683,0.6041666666666666
146,0.0019000927296777567,0.0011481908848509192,0.7519017974535624,0.0016209348104894161,0.031948793679475784,0.5416666666666666
147,0.0024126234852398436,0.0014130802592262626,0.9995431979497273,0.001992562087252736,0.03501402586698532,0.5
148,0.0021939609354982774,0.001324179795725892,0.8697811206181844,0.001743293716572225,0.03404861316084862,0.4791666666666667
149,0.0021522376298283535,0.0011524076767576237,0.999829904238383,0.0011671080719679594,0.027318231761455536,0.5416666666666666
150,0.00226190120447427,0.0012315767351537942,1.0303244113922119,0.0016195547068491578,0.032621461898088455,0.625
151,0.0023425184035052856,0.0012288725352846085,1.1136458436648051,0.001604154473170638,0.03215372562408447,0.4375
152,0.0020386573082456986,0.0011406725466561814,0.8979846954345703,0.0011669135419651866,0.02709954045712948,0.6458333333333334
153,0.00200936715118587,0.0010604418348520994,0.9489252686500549,0.0018116460414603353,0.03346644714474678,0.5208333333333334
154,0.0019772472015271584,0.0010584508806156616,0.9187962889671326,0.0026448105927556753,0.04090975597500801,0.5833333333333334
155,0.002743144938722253,0.0014421077600369852,1.3010371168454489,0.0020671235397458076,0.035376839339733124,0.6875
156,0.0025533243082463742,0.0013218188929992418,1.2315053542455037,0.001136244391091168,0.027209041640162468,0.6458333333333334
157,0.0027149690004686514,0.001456968920926253,1.2580000162124634,0.0015122898621484637,0.030675938352942467,0.5625
158,0.002330975995088617,0.0013213418734570345,1.0096341053644815,0.0012709281872957945,0.0282197967171669,0.6666666666666666
159,0.0023194255229706568,0.0012294152208293478,1.0900102376937866,0.0017629984067752957,0.03313101455569267,0.4375
160,0.002209168664800624,0.001285425624034057,0.9237429618835449,0.0013282400323078036,0.028552750125527382,0.4583333333333333
161,0.002294416322062413,0.001298038405366242,0.9963778336842855,0.0016557079507037997,0.032237112522125244,0.6875
162,0.002297796487497787,0.0013568552560172975,0.9409411708513896,0.001657327520661056,0.03117249347269535,0.4583333333333333
163,0.0022799002549921473,0.0012633444818978508,1.01655570268631,0.00154798140283674,0.03138584643602371,0.4583333333333333
164,0.002328303495111565,0.0013368248551463087,0.9914786100387574,0.0010034400038421154,0.026036269962787628,0.6666666666666666
165,0.002272533260596295,0.0012422761181369423,1.0302570780118308,0.0011918568052351475,0.027976656332612038,0.6041666666666666
166,0.0019965534253666797,0.0011507528251968324,0.8458005507787069,0.0013358457945287228,0.029340475797653198,0.625
167,0.0025719626185794673,0.001341696879050384,1.230265700817108,0.0014988718321546912,0.03068523481488228,0.5
168,0.0028744591555247704,0.0015446567985539636,1.3298023144404094,0.001713095116429031,0.033321548253297806,0.5208333333333334
169,0.0027851001204301914,0.0014148807773987453,1.3702192465464273,0.0017418685602024198,0.03408219665288925,0.5625
170,0.00232211338977019,0.001212440081872046,1.109673257668813,0.0013515863101929426,0.02997022494673729,0.6875
171,0.0023689320466170707,0.0012282912037335336,1.1406408031781514,0.0014635712141171098,0.02950742095708847,0.375
172,0.00207575640330712,0.0010990869758340219,0.9766693909962972,0.0014955968363210559,0.03095097467303276,0.6666666666666666
173,0.002306429894330601,0.001228885519473503,1.077544351418813,0.0018674480961635709,0.03530833497643471,0.6041666666666666
174,0.0024361609403664867,0.001301889808382839,1.1342710494995116,0.002185474382713437,0.037723470479249954,0.4375
175,0.0022870524631192287,0.0012723204020100335,1.0147319992383321,0.0010749466018751264,0.026915373280644417,0.5833333333333334
176,0.0019319264295821388,0.0010540315881371499,0.8778947909673055,0.001355899265035987,0.02906339429318905,0.375
177,0.0019211590367679795,0.0011037475313059985,0.817411482334137,0.0012610345147550106,0.029035981744527817,0.5625
178,0.0022904513170942664,0.001371673762332648,0.9187775174776713,0.001731719123199582,0.0338822565972805,0.4166666666666667
179,0.002044631160485248,0.0011742746302237114,0.8703565080960591,0.001663609524257481,0.030728276818990707,0.5208333333333334
180,0.0021436297334730624,0.0011402668120960395,1.0033628781636557,0.0013382701436057687,0.028745578601956367,0.625
181,0.0018054641084745526,0.0010452774042884509,0.7601866563161214,0.001882051001302898,0.03462592884898186,0.4375
182,0.001994763353529076,0.0010878347675316036,0.906928551197052,0.0012706068810075521,0.02857865020632744,0.625
183,0.002031420924079915,0.0011272141787533958,0.9042067090670268,0.0010813693515956402,0.02518780715763569,0.6041666666666666
184,0.001855851508056124,0.0010593367624096572,0.7965146938959757,0.0012787093874067068,0.028502579778432846,0.5208333333333334
185,0.00180389528007557,0.0010804441253033778,0.7234511097272237,0.0013969189021736383,0.028807755559682846,0.5416666666666666
186,0.001921438976811866,0.0011267934693023562,0.7946454445521037,0.001686381408944726,0.032732173800468445,0.5833333333333334
187,0.0023225116388251384,0.0012710451963357627,1.0514663815498353,0.0017106042942032218,0.03372367471456528,0.375
188,0.0022666718422745665,0.0012511684753311178,1.0155033230781556,0.0011211972450837493,0.026147058233618736,0.4166666666666667
189,0.0019308271274591485,0.0010525783601527414,0.8782486875851949,0.0012009928468614817,0.027900317683815956,0.5416666666666666
190,0.00203575249761343,0.0010708328220061958,0.9649196426073711,0.001677784719504416,0.03154078871011734,0.5
191,0.002089675678871572,0.0011722828145138918,0.9173928101857504,0.0012612493010237813,0.02841169573366642,0.6458333333333334
192,0.0018498996195072928,0.001018463990961512,0.8314355770746867,0.001406228868290782,0.030431516468524933,0.3541666666666667
193,0.0017648467716450493,0.000998098608882477,0.7667481184005738,0.0020242691971361637,0.03513908013701439,0.5208333333333334
194,0.0019384573213756084,0.0010599086022314926,0.8785486658414204,0.0011154486564919353,0.02681269310414791,0.5208333333333334
195,0.0019126529106870294,0.0010538005774530272,0.8588523030281067,0.0013647155137732625,0.02941942773759365,0.5833333333333334
196,0.0018065098983546099,0.000971518251268814,0.8349916100502014,0.0009717867942526937,0.025682806968688965,0.6666666666666666
197,0.0018795064960916838,0.000992961588781327,0.8865448872248332,0.0014843310927972198,0.030497586354613304,0.7291666666666666
198,0.0020656721588845055,0.00120092494180426,0.864747182528178,0.001437244936823845,0.030607003718614578,0.5208333333333334
199,0.001969201296257476,0.0011432441067881882,0.8259571234385172,0.0013897089520469308,0.029257604852318764,0.375
200,0.002318870990226666,0.0011571516399271787,1.161719314257304,0.0010870130499824882,0.026840530335903168,0.6666666666666666
201,0.0021416890046869713,0.0011084210903694232,1.0332678318023683,0.0012268299469724298,0.027463676407933235,0.6458333333333334
202,0.0018153082424153884,0.0009793046318615475,0.8360035618146261,0.0015551213873550296,0.03289929777383804,0.5208333333333334
203,0.0019150220633794865,0.0010493411876571674,0.8656808257102966,0.0015896479599177837,0.03377660736441612,0.5416666666666666
204,0.0018395581748336554,0.0010578408449267347,0.7817172805468241,0.0013997385976836085,0.03121817857027054,0.6875
205,0.0020397896800811092,0.001168269202268372,0.8715204199155172,0.001014477340504527,0.024739114567637444,0.6875
206,0.0017320964330186446,0.0010249655577354133,0.7071308453877767,0.0011921861441805959,0.027819853276014328,0.5625
207,0.0019007608992978931,0.001069586316589266,0.8311745007832845,0.0010818670270964503,0.025594167411327362,0.6875
208,0.0023569336471458277,0.0011287673958577215,1.2281662066777548,0.0016545453108847141,0.032458189874887466,0.5833333333333334
209,0.002144892591362198,0.0011080672964453697,1.0368252476056417,0.0009911380475386977,0.025973904877901077,0.5625
210,0.0021845551052441198,0.001199383680553486,0.985171381632487,0.001190437120385468,0.027903342619538307,0.4583333333333333
211,0.002163779999439915,0.001288636273238808,0.8751436710357666,0.002212381223216653,0.03677644580602646,0.6041666666666666
212,0.002215653595825036,0.0012852561310864985,0.9303974231084188,0.001145143760368228,0.026665497571229935,0.4583333333333333
213,0.002237892469080786,0.00135884799528867,0.8790444334348043,0.001020201132632792,0.024656247347593307,0.4583333333333333
214,0.0018473013847445448,0.0010876184756246706,0.7596828579902649,0.0018641159404069185,0.03301442041993141,0.4791666666666667
215,0.002059760487948855,0.0011153316668545206,0.9444287459055583,0.0022368247155100107,0.038191843777894974,0.6458333333333334
216,0.00239885604629914,0.0012484451600660881,1.150410795211792,0.001636854256503284,0.03230507671833038,0.4791666666666667
217,0.002484215423464775,0.001238363360365232,1.245852033297221,0.0014956481754779816,0.030736740678548813,0.375
218,0.0021684171088660756,0.0010811729123815894,1.0872441411018372,0.001220694393850863,0.028425151482224464,0.5
219,0.002338374281922976,0.0011537349123197298,1.184639306863149,0.0013094911118969321,0.029215862974524498,0.5833333333333334
220,0.0020949885016307234,0.001057882703995953,1.0371057510375976,0.0014591459184885025,0.029870642349123955,0.3958333333333333
221,0.002055243635550141,0.000968933788438638,1.086309802532196,0.001302220392972231,0.02802286110818386,0.5208333333333334
222,0.0018572998000308872,0.0010767538022870818,0.7805459658304851,0.001104296650737524,0.026943271979689598,0.5833333333333334
223,0.001617691805586219,0.0009585938998498023,0.6590978761514028,0.001218879595398903,0.028172651305794716,0.6041666666666666
224,0.0022484143885473412,0.0011285591210859517,1.1198551853497822,0.0012342383852228522,0.027868380770087242,0.5833333333333334
225,0.0025278141101201376,0.0012529105258484682,1.2749035120010377,0.0014084991998970509,0.031027991324663162,0.6458333333333334
226,0.0021488321479409935,0.0011075541299457351,1.0412779887517294,0.0012038928689435124,0.027732543647289276,0.5625
227,0.0019075223167116444,0.0010300024024521312,0.8775198698043823,0.0015020337887108326,0.03207113966345787,0.5416666666666666
228,0.0020793633225063483,0.001038219554660221,1.0411437273025512,0.0011649668449535966,0.02722983807325363,0.6666666666666666
229,0.002306035013558964,0.001319114836708953,0.9869201183319092,0.0010885936208069324,0.026006581261754036,0.5208333333333334
230,0.0019059461153422793,0.0011037350593445202,0.8022110462188721,0.0015308981528505683,0.031237060204148293,0.625
231,0.0018440746314202746,0.0010378644083781788,0.8062101761500041,0.0011151025537401438,0.026299139484763145,0.5833333333333334
232,0.001980102846088509,0.001013115521830817,0.9669872482617696,0.0013974840985611081,0.030589062720537186,0.4791666666666667
233,0.001947106778000792,0.000978659085618953,0.9684476415316264,0.0016759861027821898,0.03275446221232414,0.6041666666666666
234,0.001954981374243895,0.000978160680582126,0.9768206357955933,0.00130387581884861,0.02974412590265274,0.5208333333333334
235,0.002138433954678476,0.0011000313175221284,1.0384025573730469,0.0012504460755735636,0.02850273810327053,0.5208333333333334
236,0.0019195902006079754,0.0010030276840552687,0.9165624698003133,0.001955847255885601,0.036109425127506256,0.5416666666666666
237,0.0018809499839941661,0.001050200619890044,0.8307493209838868,0.0019333590753376484,0.03569931909441948,0.5416666666666666
238,0.0018579297078152497,0.0010299856270042558,0.827944032351176,0.0013934604357928038,0.030230902135372162,0.5
239,0.0016750050631041328,0.0009209034712209055,0.7541015426317851,0.0010967465350404382,0.025967948138713837,0.4583333333333333
240,0.0016986736717323461,0.0009919681741545597,0.7067054589589437,0.001015188405290246,0.024583781138062477,0.5208333333333334
241,0.002137881393233935,0.0011667235638014972,0.9711578249931335,0.0022295615635812283,0.037619449198246,0.3333333333333333
242,0.002145686000585556,0.0011673526799616714,0.9783332824707032,0.0012731078313663602,0.02989134006202221,0.4583333333333333
243,0.002075601276010275,0.0010707532288506626,1.0048480113347371,0.001505450694821775,0.030069101601839066,0.5208333333333334
244,0.0022026812580103676,0.0010921235390317938,1.1105576912562052,0.0014994163066148758,0.030868541449308395,0.5833333333333334
245,0.0025759663976108035,0.0012195967215423782,1.3563696225484212,0.001400070614181459,0.03104260005056858,0.6041666666666666
246,0.002179240148204068,0.0010816157717878619,1.0976243416468303,0.001306471531279385,0.029296016320586205,0.5625
247,0.0016538267334302267,0.0008933522699711223,0.760474423567454,0.0014615741092711687,0.03133728727698326,0.5416666666666666
248,0.0017252410296350717,0.0008971798427713414,0.8280611475308736,0.001105200033634901,0.027268800884485245,0.5833333333333334
249,0.0016869503694276016,0.0008865038359848162,0.8004465023676555,0.0011421996168792248,0.027402760460972786,0.5833333333333334
250,0.0017118496742720404,0.0008845839028557141,0.8272657473882039,0.001471680006943643,0.03065967746078968,0.4791666666666667
251,0.0017103837958226602,0.0009714229769694308,0.7389607866605122,0.001043128315359354,0.02594202384352684,0.5
252,0.001875048231643935,0.0009289232703546683,0.9461249470710754,0.0012802636483684182,0.029324648901820183,0.5833333333333334
253,0.001839933746183912,0.0009867792367003858,0.853154468536377,0.001422987086698413,0.029828548431396484,0.5208333333333334
254,0.0023345934071888528,0.0010714015884635349,1.2631917516390483,0.0016379436710849404,0.032206594944000244,0.6666666666666666
255,0.0020076337425659102,0.0010032833359825113,1.0043503721555074,0.0019578072242438793,0.03589647263288498,0.5625
256,0.002273108367808163,0.0011894220214647552,1.0836862921714783,0.0017327102832496166,0.031492963433265686,0.5416666666666666
257,0.002023396190876762,0.001111186707081894,0.9122094432512919,0.002371567999944091,0.03798500820994377,0.5
258,0.002227743621915579,0.001218259206507355,1.0094843665758768,0.0019554526079446077,0.03496844321489334,0.6458333333333334
259,0.0022406539491688212,0.0011918786253469686,1.0487752437591553,0.0013631379697471857,0.031201893463730812,0.4583333333333333
260,0.0017685642931610345,0.0008886586952333649,0.8799055496851603,0.0013638567179441452,0.02895822376012802,0.5208333333333334
261,0.0019114478413636486,0.0009886474969486396,0.9228002905845643,0.001494901953265071,0.029779238626360893,0.6666666666666666
262,0.0020202241527537503,0.0010085647809319198,1.011659328142802,0.0018979382002726197,0.03676564246416092,0.5416666666666666
263,0.00231561993714422,0.0011821497969018917,1.133470078309377,0.0014793468872085214,0.03184564784169197,0.625
264,0.0018933527326832214,0.0009841833418856064,0.909169348080953,0.0014796751784160733,0.03137869015336037,0.4375
265,0.0016945972107350825,0.0009015086650227507,0.7930885116259258,0.001344751799479127,0.030461546033620834,0.4375
266,0.0016468913527205586,0.0008555830844367544,0.7913082281748454,0.001465386594645679,0.030921651050448418,0.5625
267,0.0019726460411523777,0.0010846329115641615,0.8880130966504415,0.0023188788909465075,0.03862334042787552,0.5625
268,0.0021279944805428384,0.0011719064398979147,0.9560879866282145,0.0013167551951482892,0.029446681961417198,0.625
269,0.0016456241564204296,0.0008539819003393253,0.7916422367095948,0.0013818214647471905,0.03060079738497734,0.5833333333333334
270,0.0018439848829681674,0.000988427964815249,0.8555568933486939,0.0022897368762642145,0.03712873533368111,0.3958333333333333
271,0.0019495433351645866,0.0009871310864885648,0.9624122182528178,0.0013249566545709968,0.029676496982574463,0.4375
272,0.00168472685230275,0.0008528403704985976,0.8318864345550537,0.0013942276127636433,0.03132352977991104,0.5833333333333334
273,0.0017836410164212186,0.001012820106310149,0.7708208799362183,0.0016790441004559398,0.033676281571388245,0.5416666666666666
274,0.001951629303706189,0.001043788242774705,0.9078410228093465,0.0027982566971331835,0.04416390135884285,0.5
275,0.0019368491290758054,0.0011765021403941016,0.7603469649950664,0.00164600380230695,0.0325624905526638,0.3958333333333333
276,0.001763084321282804,0.0009253245623161396,0.8377596934636434,0.0010632132180035114,0.02570919878780842,0.5416666666666666
277,0.0018674484531705578,0.0009732945705763996,0.8941538254419963,0.001249410561285913,0.02842443622648716,0.4583333333333333
278,0.0017068523758401474,0.0009310068019355337,0.7758455475171407,0.0010793755063787103,0.027082834392786026,0.5416666666666666
279,0.0017385944491252303,0.0009832282240192095,0.755366176366806,0.0014754600124433637,0.0299496091902256,0.625
280,0.0020413235140343505,0.0011535814264789224,0.887742034594218,0.001582473050802946,0.03190664201974869,0.4166666666666667
281,0.0018643686547875405,0.0009430390588628749,0.9213295340538025,0.00219237944111228,0.036782942712306976,0.4375
282,0.002130660725136598,0.0010995394783094524,1.0311211943626404,0.0010955928592011333,0.026476046070456505,0.6458333333333334
283,0.002043919855107864,0.0010844287617752949,0.9594910422960917,0.0011790721910074353,0.027646983042359352,0.5833333333333334
284,0.0019972528563812373,0.0010216963826678693,0.9755564451217651,0.0011580644641071558,0.026550471782684326,0.6875
285,0.00212893634258459,0.0010523730151665708,1.0765632708867392,0.001579189207404852,0.03289669007062912,0.5208333333333334
286,0.002093232694702844,0.0010433210098805526,1.049911618232727,0.0014464400010183454,0.029649045318365097,0.6875
287,0.0019312718495105704,0.0009215398575179278,1.0097319642702738,0.0018383145797997713,0.03433164209127426,0.4166666666666667
288,0.002123418007977307,0.0009622643856952588,1.1611535708109537,0.0011191543890163302,0.027076588943600655,0.6666666666666666
289,0.0019998979599525533,0.001029554067645222,0.9703438639640808,0.0016974800964817405,0.03397107496857643,0.5
290,0.002149527062041064,0.0011857183533720672,0.9638086597124735,0.0014929297612980008,0.03233454003930092,0.5
291,0.0017370811430737377,0.0009535663644783199,0.7835147380828857,0.0011275910073891282,0.0277522224932909,0.4791666666666667
292,0.0016292001275966565,0.0008141575070718924,0.8150425632794698,0.0013270459603518248,0.027494162321090698,0.6875
293,0.0016135513316839934,0.0007976791705004871,0.8158721327781677,0.0013915575109422207,0.030720803886651993,0.6041666666666666
294,0.0018176292534917593,0.0008360351843293756,0.9815940062204996,0.0014255467103794217,0.03109806403517723,0.4583333333333333
295,0.00188458194800963,0.0009841875561202565,0.9003943602244059,0.002529761055484414,0.040987253189086914,0.4375
296,0.0021352541632950308,0.001252167959076663,0.8830861608187358,0.0024123904295265675,0.03869057819247246,0.3958333333333333
297,0.0018717328319326043,0.0011099355566936235,0.7617972493171692,0.0016447290545329452,0.03413664922118187,0.6666666666666666
298,0.0019062971618647377,0.0011386766370075445,0.7676204880078633,0.001236597541719675,0.028965618461370468,0.5833333333333334
299,0.0014917912427335977,0.0008146627379270892,0.6771284659703573,0.0010795551352202892,0.025710701942443848,0.6666666666666666
300,0.0016749850939959288,0.0008907856924148897,0.7841993808746338,0.001415021251887083,0.03106514923274517,0.3958333333333333
301,0.0017019427847117185,0.000864085116578887,0.8378576497236888,0.0012844260782003403,0.028051666915416718,0.4375
302,0.0017761011763165395,0.000880122056696564,0.8959790507952372,0.0013634607894346118,0.02949639968574047,0.5416666666666666
303,0.0016072726730878154,0.0008435081069668134,0.763764500617981,0.0010968126589432359,0.02722157910466194,0.4791666666666667
304,0.001558259540858368,0.0008431578132634362,0.7151016990343729,0.0015217795735225081,0.03258362039923668,0.625
305,0.0015994819424425563,0.0008511473638160775,0.7483345627784729,0.0011701729381456971,0.02770097739994526,0.375
306,0.0016491750410447517,0.0008721081307157874,0.7770668745040894,0.001633301144465804,0.032759375870227814,0.5833333333333334
307,0.002007718182479342,0.0009984669974073767,1.0092511415481566,0.0013222876004874706,0.028589017689228058,0.4375
308,0.0017036458322157463,0.0008783591212704778,0.8252866864204407,0.0011949926847591996,0.029165565967559814,0.4791666666666667
309,0.0014889434600869815,0.0007982327292362849,0.6907106876373291,0.0012012836523354053,0.028535086661577225,0.5416666666666666
310,0.0016069329343736173,0.0007687053604361912,0.8382275422414144,0.0014436563942581415,0.03140228986740112,0.6458333333333334
311,0.0016695603107412657,0.0008503295946866273,0.8192306915918987,0.0013320811558514833,0.028910402208566666,0.6041666666666666
312,0.0015240077550212543,0.0008081759442575276,0.7158317804336548,0.0016060943016782403,0.03251338377594948,0.3958333333333333
313,0.0015408820938318968,0.0007910143195961912,0.7498677333196004,0.0014593241503462195,0.030399279668927193,0.375
314,0.0017152337279791633,0.0007947964244522154,0.9204372445742289,0.001257272670045495,0.02980511263012886,0.5833333333333334
315,0.0014385760528966784,0.0007497072918340563,0.6888687411944071,0.0013281572610139847,0.029511040076613426,0.4166666666666667
316,0.0015906042652204632,0.0008514260135901471,0.739178208510081,0.0014336796011775732,0.030687082558870316,0.4583333333333333
317,0.001701183058321476,0.0007942812556090454,0.90690176486969,0.0010335532715544105,0.02570394240319729,0.4791666666666667
318,0.001668281271122396,0.0008587507802682618,0.8095304608345032,0.0016369002405554056,0.03370709717273712,0.4375
319,0.001810127217322588,0.000932266559296598,0.8778606057167053,0.0015140929026529193,0.032253194600343704,0.5208333333333334
320,0.0018305596817905704,0.0009298973794405659,0.9006622552871704,0.001229326007887721,0.02917185239493847,0.5625
321,0.0014896264687801401,0.0007937710227755209,0.6958554307619731,0.0011243224143981934,0.02794310264289379,0.5208333333333334
322,0.001439431969386836,0.0007786308279416214,0.66080109278361,0.0013363701291382313,0.029080692678689957,0.4791666666666667
323,0.0016642267738158504,0.0008481173310428858,0.8161093950271606,0.0016051293350756168,0.03207574412226677,0.6875
324,0.0017326043841118615,0.000928065306895102,0.8045390367507934,0.0012717671925202012,0.02974887751042843,0.625
325,0.0015806612558662892,0.0007965974975377322,0.784063724676768,0.0014949219767004251,0.03243423253297806,0.4583333333333333
326,0.001755493258436521,0.0008712214456560711,0.8842717369397481,0.0012608941178768873,0.030195701867341995,0.5625
327,0.0015524000550309817,0.0007843565467434625,0.7680434544881185,0.0019175639608874917,0.035025231540203094,0.4375
328,0.0016054568268979589,0.0008315359824337065,0.7739208181699117,0.0019945199601352215,0.03790797293186188,0.4791666666666667
329,0.001796001335605979,0.0010188402724452318,0.7771610299746196,0.001267973450012505,0.030065355822443962,0.5416666666666666
330,0.0014237352181226016,0.0007411844388116151,0.6825507322947184,0.001234992640092969,0.02786838263273239,0.6458333333333334
331,0.0015762519013757506,0.0007960919057950378,0.7801599582036336,0.0015992861008271575,0.032911188900470734,0.4375
332,0.0016889928684880337,0.0008200591003211836,0.8689337134361267,0.0012793055502697825,0.029155772179365158,0.3958333333333333
333,0.0015666307493423421,0.0007659074190693598,0.8007232586542765,0.0011596331605687737,0.027765201404690742,0.5
334,0.0017841476947069168,0.0008851776054749886,0.8989700396855672,0.001353612868115306,0.030942635610699654,0.5208333333333334
335,0.0019052622529367605,0.0009322178782895207,0.9730443199475606,0.0012591895647346973,0.02858370915055275,0.4375
336,0.001869274931959808,0.0009128930085959534,0.956381893157959,0.0011178890708833933,0.027463382109999657,0.6041666666666666
337,0.001988683834982415,0.000955456440957884,1.0332273205121358,0.0016454776050522923,0.03333856537938118,0.6041666666666666
338,0.001953334640711546,0.0009564013841251532,0.9969332098960877,0.0013615296920761466,0.029317887499928474,0.5
339,0.0018852672617261609,0.0009260526703049739,0.9592145363489787,0.00141199491918087,0.032081060111522675,0.5416666666666666
340,0.0016668723973756036,0.0008356267935596406,0.8312455495198567,0.0011286112712696195,0.02643703855574131,0.5416666666666666
341,0.0016854073697080215,0.0008827182347886265,0.8026890953381857,0.0011779468040913343,0.02682480588555336,0.5208333333333334
342,0.001605959290949007,0.0007785888718596349,0.8273703694343567,0.0017422848613932729,0.03416552394628525,0.5416666666666666
343,0.0016061228467151522,0.0007869164110161364,0.8192063689231872,0.0011730461847037077,0.027893297374248505,0.5416666666666666
344,0.0016405954103296003,0.000828624291655918,0.81197110414505,0.0014036584179848433,0.030263738706707954,0.625
345,0.001700105983763933,0.0008574805106036365,0.8426254192988077,0.0012485713232308626,0.02896575815975666,0.4375
346,0.0016303506136561433,0.0007808522592919568,0.8494983196258545,0.0012709639267995954,0.02988804504275322,0.4791666666666667
347,0.0015186232437069218,0.0008316623842498909,0.6869608203570048,0.0014436690835282207,0.029163837432861328,0.4375
348,0.0020755864524592956,0.0011781138678391774,0.8974725445111592,0.0019715027883648872,0.0381343699991703,0.625
349,0.0018149299702296653,0.0010129012555504838,0.8020286838213603,0.0025160526856780052,0.041554443538188934,0.6666666666666666
350,0.0018499927129596472,0.0010384347988292575,0.8115578492482504,0.0014730945695191622,0.03177131339907646,0.4583333333333333
351,0.0016995979705825448,0.0008557209686841816,0.8438769737879436,0.0012900811852887273,0.029212266206741333,0.3541666666666667
352,0.0019262059746930997,0.0010069602479537327,0.9192456682523091,0.0013540417421609163,0.029886610805988312,0.6041666666666666
353,0.0018542161133761207,0.0009442747298938533,0.9099413553873698,0.001898663816973567,0.034237090498209,0.5416666666666666
354,0.0016987933544442058,0.000916731912487497,0.7820614059766133,0.0018123578047379851,0.03483689948916435,0.5833333333333334
355,0.0018425205334400138,0.0009732308254266779,0.8692896644274394,0.001827262924052775,0.03456250578165054,0.4166666666666667
356,0.0017538285503784815,0.000834476175562789,0.9193523208300273,0.0019468071404844522,0.03443233296275139,0.4166666666666667
357,0.0018218057152504723,0.0009084894942740599,0.9133161822954814,0.0015696652699261904,0.0314544178545475,0.375
358,0.0019623319928844768,0.001017029754196604,0.9453022162119548,0.0017612448427826166,0.03384583443403244,0.5833333333333334
359,0.002016056243640681,0.0009551180526614189,1.0609381397565205,0.0016649834578856826,0.03394289314746857,0.5
360,0.0018883234821259975,0.0009141649856852989,0.9741584300994873,0.0013936433242633939,0.030958296731114388,0.5416666666666666
361,0.0018560900740946333,0.0009652173263020814,0.8908727248509725,0.001318731578066945,0.028378767892718315,0.6458333333333334
362,0.0016742606104041139,0.0009346923480431239,0.7395682295163473,0.001398209249600768,0.030398650094866753,0.5833333333333334
363,0.001341527064020435,0.0007035927633599688,0.6379342555999756,0.0011617273557931185,0.02668668143451214,0.5625
364,0.0015385783743113279,0.0008094516893227895,0.7291266520818075,0.0012583244824782014,0.028787273913621902,0.5208333333333334
365,0.0014424214838072657,0.0007511892278368274,0.6912322004636129,0.0014150182250887156,0.030761945992708206,0.4583333333333333
366,0.0014623181972031791,0.0007840763467053572,0.6782418131828308,0.001171915209852159,0.027558960020542145,0.4583333333333333
367,0.0017344065786649783,0.0008228412693521629,0.9115652561187744,0.0011170771904289722,0.02630678378045559,0.6041666666666666
368,0.0017333296515668433,0.0008545291881697873,0.8788004000981648,0.0009694055188447237,0.024890724569559097,0.4791666666666667
369,0.0017352402520676455,0.0008626240848874053,0.8726161321004232,0.0014764764346182346,0.030761515721678734,0.5625
370,0.0014419336492816606,0.0007560091131987671,0.685924498240153,0.0011983647709712386,0.028840649873018265,0.4791666666666667
371,0.001656655315309763,0.0008496972421805064,0.806958019733429,0.0012842699652537704,0.029565198346972466,0.625
372,0.0015196678539117177,0.0007892259144379447,0.7304419298966726,0.0015006607864052057,0.03115220181643963,0.6666666666666666
373,0.00142771292788287,0.0006918318065193792,0.7358810782432557,0.0017242322210222483,0.0337723083794117,0.4375
374,0.001966751056412856,0.0008935385383665561,1.0732124249140422,0.0017901321407407522,0.03508426994085312,0.375
375,0.0017025867477059365,0.0007799020890767376,0.9226845939954121,0.0012887808261439204,0.0297122523188591,0.4375
376,0.0013832862488925457,0.000674231422211354,0.7090547998746236,0.001709254807792604,0.03277280554175377,0.5208333333333334
377,0.001850046869367361,0.0008803442625018458,0.9697025934855144,0.0015275535406544805,0.03194453939795494,0.5208333333333334
378,0.0017932424787431955,0.000944568496197462,0.8486739198366801,0.0012797679519280791,0.02915050834417343,0.6666666666666666
379,0.0016363525142272313,0.0008497751550748944,0.7865773240725199,0.0013806611532345414,0.032012950628995895,0.4375
380,0.0016574473430713019,0.0009126986532161633,0.7447486599286397,0.001503327745012939,0.0324966199696064,0.5208333333333334
381,0.0015976589716350039,0.0008500938070937991,0.7475651105244955,0.0012264696415513754,0.02978210337460041,0.5625
382,0.001476950446764628,0.0007504172603754948,0.7265331486860911,0.001243051839992404,0.029531562700867653,0.6666666666666666
383,0.001697472125912706,0.0008030070651633044,0.8944650491078695,0.001339529175311327,0.030206259340047836,0.5
384,0.001509793063936134,0.0008073651309435567,0.7024278958638509,0.0014370348071679473,0.03097183257341385,0.6458333333333334
385,0.001649377883101503,0.0009461600120024134,0.7032178521156311,0.0015819185646250844,0.03234419226646423,0.3958333333333333
386,0.0015504907816648484,0.0007901835507558038,0.7603071928024292,0.001207395689561963,0.02830302156507969,0.5416666666666666
387,0.0014278616678590577,0.0007117366883903741,0.7161249399185181,0.001389664481393993,0.031129436567425728,0.4583333333333333
388,0.0013900988191987078,0.00069629288239715,0.6938059290250143,0.0011307684471830726,0.026883631944656372,0.6666666666666666
389,0.0012375481349105636,0.0006238031414492677,0.6137449661890666,0.0013191010802984238,0.02999393828213215,0.4791666666666667
390,0.0013069014996290207,0.0006407210874992112,0.6661803722381592,0.0010556734632700682,0.026481160894036293,0.625
391,0.0013556414749473333,0.0007202393026091158,0.6354021390279134,0.0014907453441992402,0.031595561653375626,0.3958333333333333
392,0.001811875255467991,0.0009081553939419488,0.9037198185920715,0.0011612733360379934,0.02930094487965107,0.625
393,0.0016692849419390162,0.0008303685191397866,0.8389163653055827,0.001219341647811234,0.02871093899011612,0.5833333333333334
394,0.0016133969649672509,0.0007689023914281279,0.8444945375124614,0.0012224342208355665,0.029280630871653557,0.5208333333333334
395,0.0012511659956847628,0.0006709282170049846,0.58023774822553,0.0011607615742832422,0.027549074962735176,0.5833333333333334
396,0.0014500825743501385,0.000792333596230795,0.6577489455540975,0.0011527442838996649,0.027683457359671593,0.4375
397,0.001628178070920209,0.0009571681109567483,0.6710099478562673,0.0011877059005200863,0.028225431218743324,0.4791666666666667
398,0.0014039372637247047,0.0007835638360120356,0.62037340203921,0.0014245162019506097,0.030815595760941505,0.6041666666666666
399,0.001887756873232623,0.0008713315590284764,1.0164252758026122,0.0016678173560649157,0.033268872648477554,0.4791666666666667
400,0.0016985429994141063,0.000818510012080272,0.8800329327583313,0.0016472850693389773,0.032538797706365585,0.5625
401,0.0016540586249902845,0.0008401520472640793,0.8139065345128377,0.001409851829521358,0.02989320084452629,0.6458333333333334
402,0.0013607861318935951,0.000717600128458192,0.6431859652201335,0.00128528184723109,0.02947685308754444,0.4791666666666667
403,0.0015501083107665181,0.0007612225716002285,0.7888857086499532,0.0015159373870119452,0.03146445006132126,0.3958333333333333
404,0.002062293087753157,0.0009372438672774782,1.1250491539637248,0.0013579404912889004,0.029436882585287094,0.4583333333333333
405,0.0016083729763825734,0.0008252853062003851,0.7830876270929973,0.0010513195302337408,0.026690538972616196,0.6458333333333334
406,0.0014701673140128453,0.0007322488197435935,0.737918472290039,0.0013262687716633081,0.02920793741941452,0.5416666666666666
407,0.0015511407516896724,0.0007559362333267927,0.795204488436381,0.0013829839881509542,0.030843419954180717,0.5833333333333334
408,0.0014861339936032892,0.0007635887964473416,0.7225451509157816,0.0013684781733900309,0.030905434861779213,0.625
409,0.001341350213624537,0.0007411146730494996,0.6002355257670084,0.0013771415688097477,0.03049156256020069,0.7291666666666666
410,0.0013787233969196678,0.000682148583776628,0.6965747674306234,0.0017902887193486094,0.03462296724319458,0.6458333333333334
411,0.001436241762712598,0.0007165402076983203,0.7197015325228373,0.0012652609730139375,0.028300249949097633,0.4583333333333333
412,0.0013171678641811014,0.0006610547619250914,0.6561130921045939,0.0012123550986871123,0.028564350679516792,0.5833333333333334
413,0.0012702507665380836,0.0006672568134187411,0.6029939353466034,0.0012642598012462258,0.028798941522836685,0.6458333333333334
414,0.0013855770463123917,0.0007311837650680294,0.6543932398160298,0.0012432592920958996,0.029205411672592163,0.5208333333333334
415,0.0014716674806550146,0.0007299973047338426,0.7416701237360637,0.0012140925973653793,0.02885311096906662,0.5416666666666666
416,0.0014026963307211795,0.0006893892966521283,0.713306999206543,0.0013198393862694502,0.029143573716282845,0.6875
417,0.001570526867484053,0.0007818388325783114,0.7886879920959473,0.001416564336977899,0.0320599339902401,0.3958333333333333
418,0.00178021890266488,0.0008352469808111588,0.9449718713760376,0.0015372808557003736,0.033435117453336716,0.4583333333333333
419,0.001676806869606177,0.0007769273205970724,0.899879511197408,0.0014476882060989738,0.030572840943932533,0.5416666666666666
420,0.0016896016042058668,0.000836543405118088,0.8530581633249918,0.0016595427878201008,0.03439228981733322,0.4375
421,0.0015849985182285308,0.0008645657217130065,0.7204327722390492,0.0015523686306551099,0.03148782625794411,0.6041666666666666
422,0.0014659456287821134,0.0007592864101752638,0.7066591858863831,0.0010932498844340444,0.02646537497639656,0.625
423,0.001735032598177592,0.0008781200022591899,0.8569125572840373,0.0014901611721143126,0.031626492738723755,0.5833333333333334
424,0.0014199374476447702,0.0006857426293815175,0.7341947793960572,0.0013591463211923838,0.028333432972431183,0.625
425,0.001913516075971226,0.0008148875494953245,1.0986284891764322,0.001381063717417419,0.029561292380094528,0.5208333333333334
426,0.0013585510353247324,0.0006852190126664937,0.6733319818973541,0.0012882688315585256,0.029182258993387222,0.5625
427,0.0013159480722000202,0.0006666988192591816,0.6492492357889811,0.0015532097313553095,0.03174276277422905,0.5416666666666666
428,0.0013751422055065631,0.0007260392070747912,0.6491029759248098,0.001400953740812838,0.0316055491566658,0.5416666666666666
429,0.0013231489807367324,0.0006729750408946226,0.6501739203929902,0.0013718190602958202,0.03068568930029869,0.6041666666666666
430,0.001472027755031983,0.0006878802028950304,0.7841475049654643,0.0012150077382102609,0.02734316699206829,0.4166666666666667
431,0.0015270238819842538,0.000743426161352545,0.7835976759592692,0.0015222548972815275,0.031941309571266174,0.5208333333333334
432,0.0014333289427061876,0.0006960093858651816,0.7373195012410482,0.0015347183216363192,0.03221864625811577,0.4583333333333333
433,0.0013113623096918066,0.0006504460917009662,0.6609161734580994,0.0014102066634222865,0.03127183020114899,0.6458333333333334
434,0.0015161051725347838,0.0007553014147561044,0.7608037153879802,0.00139104132540524,0.03127163648605347,0.4166666666666667
435,0.0014131705043837427,0.0006794051461232205,0.7337653398513794,0.0016375798732042313,0.03319794684648514,0.6041666666666666
436,0.0014584375002110997,0.0007968192648453017,0.661618181069692,0.002130982931703329,0.0383153073489666,0.5833333333333334
437,0.0017585914737234512,0.000926545332185924,0.832046115398407,0.0018184426007792354,0.03525965288281441,0.6041666666666666
438,0.0017486326784516375,0.0009278240458418925,0.8208086013793945,0.0015294700860977173,0.031999096274375916,0.625
439,0.001337457661672185,0.0006579854545028259,0.6794721682866415,0.001489508431404829,0.0305998045951128,0.6041666666666666
440,0.0014696310507133603,0.0007346502466437717,0.7349807580312093,0.0013905992964282632,0.029819082468748093,0.5208333333333334
441,0.0014206749231865008,0.0007387315078328053,0.681943392753601,0.001091678161174059,0.026351550593972206,0.4791666666666667
442,0.0013012750927979748,0.000684159192799901,0.6171158631642659,0.0011964222649112344,0.027646254748106003,0.5625
443,0.00140244762878865,0.0006995254526070009,0.7029221256573995,0.0013562844833359122,0.029457246884703636,0.375
444,0.001816506233687202,0.0007785883305283884,1.0379178484280904,0.0013784097973257303,0.028982173651456833,0.625
445,0.0017427215352654457,0.0008003329314912359,0.9423885424931844,0.00200953078456223,0.03705143183469772,0.375
446,0.0018982047991206248,0.000829925830475986,1.068278924624125,0.0016174617921933532,0.03354232758283615,0.6875
447,0.0014860020019114017,0.0007212182720346997,0.7647836883862813,0.0015416089445352554,0.03227687627077103,0.5833333333333334
448,0.0014085898951937755,0.0006635661450369904,0.7450237234433492,0.0016591014573350549,0.03303093835711479,0.3333333333333333
449,0.0013158037482450405,0.0006879770876063655,0.6278266350428263,0.0014831491280347109,0.03189929202198982,0.625
450,0.0013351774968517324,0.0007331859436817467,0.6019915223121644,0.0014089614851400256,0.03069966845214367,0.5208333333333334
451,0.0011383231884489456,0.0005822174658533186,0.5561056733131409,0.001213479321449995,0.02853545919060707,0.6041666666666666
452,0.0011088635850076873,0.0005728947697207331,0.5359688063462575,0.0014176572440192103,0.030038774013519287,0.5416666666666666
453,0.0012927131960168482,0.0006445302627980709,0.648182890812556,0.0011910874163731933,0.028624920174479485,0.5208333333333334
454,0.0012001685642947753,0.0005775483790785074,0.6226201534271241,0.001153590390458703,0.027808109298348427,0.625
455,0.0013003597346444924,0.0006834273226559162,0.6169323841730754,0.0013594853226095438,0.029737630859017372,0.5
456,0.0015254998036349813,0.0007365292365041872,0.7889705419540405,0.0012873370433226228,0.029858656227588654,0.6458333333333334
457,0.001253355989077439,0.0006208188307937235,0.6325371384620666,0.0014451625756919384,0.03074812702834606,0.4791666666666667
458,0.0013969684873397152,0.0007032224869666001,0.6937459508577982,0.001354481908492744,0.030707741156220436,0.5833333333333334
459,0.001221516402438283,0.0005849582705801974,0.6365581154823303,0.0012930439552292228,0.029254192486405373,0.5416666666666666
460,0.0012589506416892011,0.0005943631850338231,0.6645874182383219,0.0011488428572192788,0.02835703268647194,0.5833333333333334
461,0.0013617842341773212,0.0006799385087409367,0.6818456927935282,0.0016768272034823895,0.03304225951433182,0.6041666666666666
462,0.0013323755624393622,0.000679180899169296,0.6531946221987407,0.001113871461711824,0.027307504788041115,0.5208333333333334
463,0.0013651374339436492,0.0006675650714896619,0.6975723067919414,0.0012248089769855142,0.02890983410179615,0.6875
464,0.001328546383107702,0.0006215911727243413,0.7069551825523377,0.0011490570614114404,0.02698053978383541,0.375
465,0.0013428502172852556,0.0006809775601141155,0.6618726372718811,0.0011826001573354006,0.02876635454595089,0.5625
466,0.0012973185861483217,0.0006235704912493626,0.6737480441729228,0.0013156355125829577,0.029508808627724648,0.6666666666666666
467,0.0012183146318420768,0.0005703393117679904,0.6479752937952677,0.0012045757612213492,0.0280817449092865,0.5
468,0.0013303356322770317,0.0005984652069552491,0.7318703850110372,0.0016622181283310056,0.03313779830932617,0.375
469,0.0018678775212417045,0.0007773016210800657,1.0905758420626321,0.0012611101847141981,0.02818738855421543,0.6666666666666666
470,0.0015408266102895142,0.0007641280613218744,0.7766985019048055,0.0011339174816384912,0.0269244983792305,0.5
471,0.0015106198998788992,0.0007170045360301931,0.7936153252919514,0.0014577492838725448,0.03191289305686951,0.5
472,0.0014920653076842428,0.0007126722659450025,0.7793929934501648,0.0015703714452683926,0.031422730535268784,0.4375
473,0.001983056535633902,0.0009593813408476611,1.0236751834551494,0.0011575092794373631,0.02742871455848217,0.6875
474,0.0017120759390915434,0.0008171395980753005,0.8949362874031067,0.0017163199372589588,0.032892003655433655,0.5416666666666666
475,0.0017808852329229314,0.0008963246286536257,0.8845605731010437,0.0015706117264926434,0.032744310796260834,0.5416666666666666
476,0.0015745910350233316,0.0007432015573916336,0.8313894271850586,0.0012336280196905136,0.02816719561815262,0.5416666666666666
477,0.0015425579777608315,0.0007429267046973109,0.7996312538782756,0.0011969174956902862,0.02784002758562565,0.5
478,0.001483703552124401,0.0008117779701327285,0.6719255606333415,0.001098675187677145,0.024924805387854576,0.5416666666666666
479,0.0013147364758575957,0.0007120658682348828,0.6026705761750539,0.0012047906639054418,0.028271516785025597,0.3958333333333333
480,0.0013147714159761866,0.0007143264073723306,0.6004449725151062,0.0012366586597636342,0.028909480199217796,0.6041666666666666
481,0.0014413093371937673,0.0008127816894557327,0.6285275975863139,0.0018752702744677663,0.03503735363483429,0.4791666666666667
482,0.0014845000890394051,0.0007693448103964328,0.7151552359263103,0.0017065817955881357,0.033580441027879715,0.6875
483,0.0016611089929938316,0.000759516175215443,0.9015927910804749,0.0013529700227081776,0.029534319415688515,0.625
484,0.0014374052872881294,0.0007142464630305767,0.7231587966283163,0.0015787204029038548,0.03249595686793327,0.5833333333333334
485,0.0013506727991625667,0.0007008529598048577,0.649819799264272,0.0010408133966848254,0.02671820856630802,0.6458333333333334
486,0.001245666570806255,0.0006557861789284895,0.5898803432782491,0.0010978375794366002,0.0269413311034441,0.5833333333333334
487,0.0013682574344178041,0.0007211038823394726,0.6471535285313924,0.0011051386827602983,0.027215709909796715,0.5625
488,0.0011274648325828214,0.000578403410812219,0.54906138976415,0.0011431417660787702,0.027446240186691284,0.5208333333333334
489,0.0014237401618932685,0.0006704022040745864,0.7533379157384237,0.0018524241168051958,0.034482233226299286,0.4375
490,0.0013109730401386817,0.0006505484207688521,0.6604245781898499,0.001500449376180768,0.03200323507189751,0.4583333333333333
491,0.0012493137270212173,0.0006267172400839626,0.6225964705149333,0.0009790965123102069,0.025892233476042747,0.6875
492,0.0013263673793214063,0.0006622014256815116,0.6641659080982208,0.0011279245372861624,0.027399515733122826,0.5208333333333334
493,0.001308665246081849,0.0006321040874657532,0.6765611211458842,0.001037319772876799,0.02667008526623249,0.5208333333333334
494,0.001306337129790336,0.0006699108926113695,0.6364262163639068,0.001100092544220388,0.026378266513347626,0.625
495,0.0013962533480177323,0.0007313242608991762,0.664929081996282,0.0009330849279649556,0.02561512030661106,0.4791666666666667
496,0.001264924711237351,0.0006217557180207223,0.6431689560413361,0.0010114900069311261,0.026170402765274048,0.6041666666666666
497,0.0014024878619238734,0.000679884428003182,0.7226034005482992,0.0012836870737373829,0.02913547307252884,0.4166666666666667
498,0.0014688523253425956,0.0006664713378995657,0.8023809512456258,0.0011488472810015082,0.02736719511449337,0.625
499,0.0012105933700998625,0.0005767033483910685,0.6338899870713551,0.0013184853596612811,0.029793517664074898,0.6041666666666666
500,0.001421852611626188,0.0006661386500733594,0.755713939666748,0.001431698095984757,0.031206393614411354,0.5
