epoch,train_loss,mse_loss,trend_loss,val_mse,val_mae,val_trend_acc
0,0.057366570457816124,0.04509201298157374,12.274556922912598,0.013584285974502563,0.08610425889492035,0.5
1,0.013770461144546668,0.009479039845367273,4.291421063741049,0.0037724440917372704,0.04578058421611786,0.4583333333333333
2,0.007490084258218606,0.004627803293988109,2.862280909220378,0.0043244147673249245,0.051443178206682205,0.5208333333333334
3,0.005628261963526408,0.0034888680403431255,2.1393938302993774,0.0030641527846455574,0.0427168644964695,0.5833333333333334
4,0.004732051320994894,0.002851487067528069,1.8805641492207845,0.00315526663325727,0.042788270860910416,0.5
5,0.00407289587892592,0.0023377156583592297,1.735180147488912,0.002603621454909444,0.04035665839910507,0.5833333333333334
6,0.004047187961017092,0.0022810293594375253,1.7661585092544556,0.00253210193477571,0.03571348264813423,0.6041666666666666
7,0.0037969099047283333,0.002051648707129061,1.7452611446380615,0.002583200577646494,0.038107730448246,0.4375
8,0.0037675759134193263,0.002023844017336766,1.7437317768732707,0.0024000252597033978,0.03756343200802803,0.6041666666666666
9,0.003421741413573424,0.0019209126864249508,1.5008286635080974,0.0034460013266652822,0.04440972954034805,0.4791666666666667
10,0.003121649908522765,0.0017968998601039252,1.3247499942779541,0.002316351281479001,0.03635919466614723,0.4166666666666667
11,0.0030359182972460987,0.0016570345653841893,1.378883663813273,0.0023244500625878572,0.036549411714076996,0.4166666666666667
12,0.002836326401059826,0.0015812867709125082,1.2550395449002585,0.002176133682951331,0.034938912838697433,0.4791666666666667
13,0.002531402868529161,0.0014298318807656567,1.101570967833201,0.001733869081363082,0.029913417994976044,0.5416666666666666
14,0.002438883460126817,0.0013533179725830754,1.085565459728241,0.002045961795374751,0.033843040466308594,0.4375
15,0.0028539976105093957,0.0014813147950917482,1.372682770093282,0.0020450488664209843,0.034522831439971924,0.6041666666666666
16,0.0028239081924160323,0.0014504968926000099,1.373411206404368,0.002120687160640955,0.03359222412109375,0.5
17,0.0026864096832772094,0.0014138085767626762,1.2726010918617248,0.0018214825540781021,0.030925367027521133,0.5
18,0.0022260082109520833,0.001222106577673306,1.0039015928904216,0.0025780568830668926,0.03588401526212692,0.375
19,0.0023632150220995146,0.0012973552918992936,1.0658596674601237,0.0018649399280548096,0.032371267676353455,0.4583333333333333
20,0.00237685803634425,0.0012912112947863837,1.085646677017212,0.002269185846671462,0.03368092700839043,0.4166666666666667
21,0.0022928409899274508,0.0012182685585382083,1.0745723883310954,0.002028717426583171,0.03430171310901642,0.5625
22,0.0024109780633201202,0.001326172399179389,1.0848055998484294,0.001936126733198762,0.03475884348154068,0.5208333333333334
23,0.0023995283991098404,0.0014020063526307544,0.9975220243136088,0.0020264883060008287,0.031185336410999298,0.5
24,0.002282466770460208,0.0012281346755723158,1.0543320576349895,0.0021617512684315443,0.03267442807555199,0.5416666666666666
25,0.002670707724367579,0.0013545765851934752,1.316131067276001,0.0019347249763086438,0.029580457136034966,0.5208333333333334
26,0.002430389604220788,0.0012132737048280737,1.217115831375122,0.0018915837863460183,0.03227102383971214,0.5416666666666666
27,0.002442253055050969,0.0012595522256257632,1.182700765132904,0.002125856000930071,0.0335657000541687,0.5833333333333334
28,0.0023473861161619424,0.0012708672671578824,1.0765187780062357,0.002064329572021961,0.032829560339450836,0.6041666666666666
29,0.0023158553910131254,0.001174630201421678,1.1412251472473145,0.001965280156582594,0.034362953156232834,0.4375
30,0.0030271563368539016,0.0014891019944722453,1.5380542755126954,0.0017866173293441534,0.03184640407562256,0.3958333333333333
31,0.0026873467412466805,0.001351246517151594,1.3361001332600912,0.0018733375472947955,0.03272811323404312,0.5
32,0.002373780217021704,0.0012625253371273478,1.1112547993659974,0.0018465870525687933,0.031532224267721176,0.4583333333333333
33,0.0022899733390659093,0.0011850777120950321,1.104895555973053,0.0018090836238116026,0.031137369573116302,0.5833333333333334
34,0.0022213784434522194,0.001159920252393931,1.0614581902821858,0.001596065005287528,0.030296524986624718,0.4583333333333333
35,0.00213114518361787,0.0011773048473211626,0.9538402954737345,0.001736681442707777,0.03053242713212967,0.4166666666666667
36,0.002160556288436055,0.0012632725178264082,0.8972837328910828,0.0016701981658115983,0.02934081293642521,0.4791666666666667
37,0.002100288332439959,0.0011679674227101108,0.9323208729426066,0.0014681197935715318,0.028438353911042213,0.5625
38,0.002181433180036644,0.001149046355082343,1.0323867638905844,0.0014930281322449446,0.027387363836169243,0.4791666666666667
39,0.0020680872024968267,0.001112732357190301,0.9553547859191894,0.0015681424411013722,0.029415007680654526,0.625
40,0.002435856118487815,0.0012208295869641007,1.2150264978408813,0.0016263237921521068,0.030267929658293724,0.5208333333333334
41,0.0030554851517081262,0.0014709781544903914,1.5845069328943888,0.002144113415852189,0.034648410975933075,0.5833333333333334
42,0.0023410993628203867,0.0011942842897648613,1.146815057595571,0.002333426382392645,0.0350448377430439,0.4583333333333333
43,0.002157006288568179,0.0011798346531577408,0.9771715799967448,0.0016891701379790902,0.030026143416762352,0.5625
44,0.0021119435705865422,0.0011773886857554317,0.9345548431078593,0.0019630366005003452,0.03309943899512291,0.5208333333333334
45,0.0024240004053960244,0.0011866646042714517,1.237335725625356,0.0017715831054374576,0.033832769840955734,0.4791666666666667
46,0.0026438874658197163,0.0012767141219228507,1.3671732505162557,0.0020683780312538147,0.03465774282813072,0.5
47,0.0029329427207509676,0.0014800587048133214,1.4528839548428854,0.0015398338437080383,0.028698790818452835,0.5
48,0.0023033634293824433,0.001270481109774361,1.032882289091746,0.0018101762980222702,0.030955621972680092,0.5208333333333334
49,0.002327529472919802,0.00130050196700419,1.027027459939321,0.0017905381973832846,0.030791161581873894,0.3958333333333333
50,0.00246779799927026,0.001282963362367203,1.1848345756530763,0.0014125644229352474,0.028097154572606087,0.5
51,0.00208514048717916,0.0010921811141694586,0.9929593284924825,0.001560976612381637,0.029386037960648537,0.3333333333333333
52,0.0021662485630561906,0.0010898761257218817,1.0763723691304525,0.002122533740475774,0.0334969162940979,0.5
53,0.002486932409616808,0.0012241549867515764,1.262777364253998,0.001811585738323629,0.03217453509569168,0.5625
54,0.002420295705087483,0.0012269685859791935,1.1933270692825317,0.0019634778145700693,0.0328359492123127,0.5208333333333334
55,0.002334272807153563,0.001212082849815488,1.1221899151802064,0.0017560141859576106,0.032142069190740585,0.4791666666666667
56,0.0023223312571644785,0.0012776986928656696,1.0446325063705444,0.002202544128522277,0.03162567690014839,0.3958333333333333
57,0.0021052342296267548,0.0010808190796524285,1.024415095647176,0.0018682422814890742,0.031623732298612595,0.3333333333333333
58,0.0022219426231458784,0.0011653033938879768,1.0566391587257384,0.0016851560212671757,0.03166468068957329,0.6458333333333334
59,0.0023409486670667927,0.0012182214801820617,1.1227271676063537,0.001786407083272934,0.031822074204683304,0.5833333333333334
60,0.0024614417226985095,0.0013105797503764431,1.150861883163452,0.001647008117288351,0.029170112684369087,0.5416666666666666
61,0.0024523614440113304,0.001231232083713015,1.221129337946574,0.002006308641284704,0.03337181359529495,0.4583333333333333
62,0.0022315905739863713,0.0011156611028127373,1.11592941681544,0.0026461503002792597,0.038931116461753845,0.3333333333333333
63,0.0021815981638307375,0.0011950784673293432,0.9865196506182353,0.0028774170204997063,0.03800993412733078,0.5
64,0.00225740479460607,0.0013585626884984473,0.8988420764605204,0.0022089870180934668,0.03196551278233528,0.5416666666666666
65,0.0019322716630995273,0.0010566334938630461,0.8756380995114644,0.002108667278662324,0.034964241087436676,0.5
66,0.0022528710619856914,0.0011642928700894117,1.0885781645774841,0.0015811375342309475,0.029149897396564484,0.4375
67,0.0018867059067512553,0.0010272482293657958,0.8594576080640157,0.0016975532053038478,0.03162255510687828,0.4791666666666667
68,0.0024202074700345596,0.0012087969342246651,1.2114104866981505,0.002011106116697192,0.03202279284596443,0.5416666666666666
69,0.0022832605832566817,0.0011295658885501325,1.1536946177482605,0.0020492146722972393,0.03295008838176727,0.5833333333333334
70,0.002098046615719795,0.0010845019249245524,1.0135446468989053,0.002018860774114728,0.032587211579084396,0.4583333333333333
71,0.002305937612739702,0.0012597409232209126,1.0461966236432394,0.0018694582395255566,0.03284575790166855,0.3958333333333333
72,0.002298294597615798,0.0011903740970107416,1.1079204479853313,0.0017531815683469176,0.031385887414216995,0.4375
73,0.0020793126430362465,0.0010756380623206496,1.0036745150883992,0.002428584499284625,0.034807220101356506,0.4375
74,0.0026516432408243418,0.0012350096212079128,1.4166335503260294,0.002166023710742593,0.03299650922417641,0.5833333333333334
75,0.0021261524176225065,0.0010824276211981972,1.0437247673670451,0.0021836452651768923,0.03406083583831787,0.3958333333333333
76,0.001740561790453891,0.0009222618925074736,0.8182998776435852,0.0017677450086921453,0.03013431839644909,0.5
77,0.0017738182796165347,0.0009407163287202517,0.8331019282341003,0.0023441826924681664,0.03456207737326622,0.5833333333333334
78,0.0028255717518428963,0.0013561288205285868,1.469442852338155,0.0023735284339636564,0.036755021661520004,0.4375
79,0.0026454619131982327,0.0013860421488061548,1.2594197471936543,0.001796416356228292,0.030317429453134537,0.6041666666666666
80,0.0020963636537392936,0.0010973755037412048,0.9989881038665771,0.0016585736302658916,0.029012810438871384,0.5208333333333334
81,0.0022663163486868142,0.0012236843855741124,1.0426319201787313,0.002218123059719801,0.034591007977724075,0.5625
82,0.0027856866518656412,0.0012173240810322264,1.5683624823888143,0.0016103420639410615,0.028753245249390602,0.4791666666666667
83,0.002480541115316252,0.00122656700356553,1.2539740244547526,0.0019323414890095592,0.034043554216623306,0.5625
84,0.0021614218829199673,0.0011779630673117935,0.9834587574005127,0.0017897041980177164,0.03364955261349678,0.5416666666666666
85,0.00198617500718683,0.0011398842403044303,0.8462907155354817,0.0018825667211785913,0.03447498008608818,0.5833333333333334
86,0.002249913228054841,0.001200619242930164,1.0492939154307048,0.0020290417596697807,0.03723512217402458,0.5625
87,0.0022955920081585645,0.0013062265585176646,0.9893653750419616,0.0016201796242967248,0.03048509731888771,0.5416666666666666
88,0.002598519762977958,0.0013499829918146133,1.248536721865336,0.0014773645671084523,0.026848657056689262,0.4583333333333333
89,0.0020791317569091917,0.0010717622004449367,1.0073695023854574,0.0016176427016034722,0.02937502972781658,0.4791666666666667
90,0.0024332800259192783,0.0011327915747339527,1.3004884243011474,0.0026352503336966038,0.040871571749448776,0.4583333333333333
91,0.0027129454305395485,0.0012452523689717055,1.4676929394404092,0.0022653238847851753,0.03467610850930214,0.5833333333333334
92,0.00229926323518157,0.0011740739884165427,1.125189193089803,0.0026400769129395485,0.03951258584856987,0.4375
93,0.002320824897227188,0.0011717528221197426,1.149072023232778,0.0020834906026721,0.03418063372373581,0.5416666666666666
94,0.0021089306644474465,0.0010162367369048297,1.0926939010620118,0.0016074086306616664,0.028545819222927094,0.4375
95,0.0018812648253515364,0.0009517593464503685,0.9295054316520691,0.002535440493375063,0.03640789911150932,0.4375
96,0.0018261055927723646,0.0010410229248615603,0.7850826263427735,0.0018573470879346132,0.029085122048854828,0.4791666666666667
97,0.0017644007379810016,0.0009909696644172072,0.7734310269355774,0.0021636902820318937,0.034243326634168625,0.5
98,0.0017968943963448207,0.0009646047333565851,0.8322896122932434,0.0015356402145698667,0.02918637916445732,0.5625
99,0.0017323267102862397,0.0009210864237199228,0.8112402359644572,0.002091931877657771,0.033855266869068146,0.5
100,0.002310834126546979,0.0011213308006214598,1.189503280321757,0.0019484260119497776,0.03330438211560249,0.4375
101,0.0020709390752017497,0.001083710960422953,0.9872280756632487,0.0015983035555109382,0.026136081665754318,0.4583333333333333
102,0.0020411111026381453,0.0010354301465364793,1.0056809067726136,0.0016213004710152745,0.02925734408199787,0.3333333333333333
103,0.0019930693553760646,0.0009997146553359926,0.9933546503384908,0.0018302419921383262,0.031770069152116776,0.4166666666666667
104,0.002363475939879815,0.001206916815135628,1.1565590302149455,0.002287423936650157,0.03829977661371231,0.4375
105,0.0027448873811711867,0.0015043310704641044,1.2405561923980712,0.0019478716421872377,0.0356130376458168,0.5208333333333334
106,0.002231476401599745,0.001190816657617688,1.0406596859296162,0.0018036436522379518,0.030792420729994774,0.5625
107,0.0019730784231796862,0.0010628266143612563,0.9102517525355022,0.0015243560774251819,0.030428368598222733,0.4375
108,0.002385216671973467,0.001216106458256642,1.1691101630528768,0.001614821027033031,0.031718265265226364,0.6041666666666666
109,0.002346781416175266,0.0012824759003706276,1.0643054485321044,0.0018420872511342168,0.0341687947511673,0.6458333333333334
110,0.002141893981024623,0.0011061022446180384,1.0357916752497356,0.0015734249027445912,0.029169222339987755,0.7083333333333334
111,0.00214047528958569,0.0010651680602071186,1.0753071705500286,0.0017892660107463598,0.02976221591234207,0.5
112,0.0021309205486128727,0.0010604004569662114,1.0705200513203939,0.002044331980869174,0.032559167593717575,0.3541666666666667
113,0.0022191883452857535,0.0010744304667847852,1.1447577873865764,0.0021221491042524576,0.031792424619197845,0.4375
114,0.0019960109842941166,0.0011255577594662706,0.87045316696167,0.0024472421500831842,0.039064452052116394,0.5
115,0.0023756941392396886,0.0011790972823897997,1.1965968132019043,0.001931198756210506,0.03437475487589836,0.4791666666666667
116,0.0023892170827214915,0.0013401547990118464,1.0490622639656066,0.0019448157399892807,0.03141702339053154,0.4791666666666667
117,0.0019666236514846486,0.0010503820725716651,0.9162415623664856,0.002083935309201479,0.03367786481976509,0.3333333333333333
118,0.0019173717824742197,0.0009642934465470414,0.9530782699584961,0.0016525501850992441,0.029444225132465363,0.4583333333333333
119,0.0018916943576186896,0.0009661243724015852,0.9255699396133423,0.001601950149051845,0.027397114783525467,0.5416666666666666
120,0.001696379785425961,0.0009401015937328339,0.756278145313263,0.0018645526142790914,0.030320899561047554,0.4166666666666667
121,0.0019184926990419627,0.0010246052561948696,0.8938873966534933,0.0019609818700701,0.032177768647670746,0.5
122,0.0021090390936781963,0.0010253638455954691,1.08367520570755,0.0025913650169968605,0.03557894378900528,0.5
123,0.0022728662161777416,0.001070034853182733,1.2028313040733338,0.0019439947791397572,0.029791805893182755,0.5208333333333334
124,0.0018666154239326716,0.0009867965748223166,0.8798188090324401,0.0021507875062525272,0.03551749140024185,0.4375
125,0.0022771175873155395,0.0011927544682597121,1.084363087018331,0.0017708761151880026,0.03241540119051933,0.4583333333333333
126,0.002057234182332953,0.0010667681965666513,0.9904659628868103,0.002340306993573904,0.03644350916147232,0.4166666666666667
127,0.0021978795450801653,0.0010909868404269218,1.1068926533063252,0.0020548715256154537,0.03168412297964096,0.625
128,0.002380418684333563,0.0011597849894315003,1.22063361008962,0.002054206794127822,0.03208183869719505,0.4791666666666667
129,0.0021437168043727675,0.0010543776637253661,1.0893390695254008,0.0015536737628281116,0.026917701587080956,0.6666666666666666
130,0.001983276288956404,0.0010333568750259777,0.9499193469683329,0.0017922188853845,0.031173786148428917,0.4791666666666667
131,0.0018735531096657116,0.0010137340422564497,0.8598190347353617,0.0022775777615606785,0.03307469189167023,0.4375
132,0.0019829359992096823,0.001020043498526017,0.962892476717631,0.0020841716323047876,0.03367208316922188,0.4791666666666667
133,0.0019310178623224298,0.0009808144299313427,0.9502033631006876,0.0023369411937892437,0.03566763177514076,0.4375
134,0.0024022140307351945,0.001219654257874936,1.1825596809387207,0.001743161235935986,0.03175126016139984,0.5208333333333334
135,0.0019583951293801268,0.0010189526830799878,0.9394424120585124,0.001832887763157487,0.028571728616952896,0.5208333333333334
136,0.0019419611354048053,0.0010608124663121997,0.881148612499237,0.002253291429951787,0.034133486449718475,0.6041666666666666
137,0.00217142627419283,0.0010595551536728939,1.111871067682902,0.0017548140604048967,0.028557224199175835,0.5625
138,0.002006752967524032,0.0009411448768029611,1.065608012676239,0.0020192170049995184,0.032194290310144424,0.5416666666666666
139,0.002067626011557877,0.001040533099633952,1.0270928502082826,0.001783656538464129,0.030446717515587807,0.5625
140,0.0019150274417673548,0.0010371543855095904,0.8778730074564616,0.0020686930511146784,0.030003409832715988,0.5208333333333334
141,0.001821568390975396,0.0010323665260026853,0.789201823870341,0.00217617629095912,0.03387429565191269,0.375
142,0.0019644141041984162,0.0010467006087613603,0.9177134752273559,0.0025615249760448933,0.03479158505797386,0.5
143,0.0021985878702253103,0.0011147300402323404,1.083857782681783,0.002407677937299013,0.03538121283054352,0.5625
144,0.002698272047564387,0.00124781767760093,1.450454302628835,0.002239928347989917,0.030746066942811012,0.3541666666666667
145,0.0017796735434482496,0.0008889921416994184,0.8906813740730286,0.0018594206776469946,0.03270156309008598,0.5416666666666666
146,0.001585072441957891,0.0008402354782447219,0.7448369304339091,0.0015748979058116674,0.028528006747364998,0.4166666666666667
147,0.0018312051426619292,0.0009028842013018827,0.9283208926518758,0.0019940328784286976,0.030180323868989944,0.4791666666666667
148,0.0019548598288868864,0.0010150843125302344,0.9397754788398742,0.0022303860168904066,0.0321124866604805,0.5208333333333334
149,0.0020510975581904253,0.0010621607497644922,0.9889367580413818,0.0017731961561366916,0.03114563599228859,0.4791666666666667
150,0.0018241974369933207,0.0009081703921159108,0.9160270055135091,0.001993154641240835,0.033385708928108215,0.5
151,0.001986817534392079,0.000942087530468901,1.0447299321492514,0.0018431576900184155,0.029908331111073494,0.375
152,0.001991589654547473,0.001001759925081084,0.9898296554883321,0.0018134769052267075,0.03195934370160103,0.4583333333333333
153,0.0022143536635364095,0.0010990884504280985,1.115265170733134,0.0021772747859358788,0.03354716673493385,0.3541666666666667
154,0.0018478094910581906,0.0009065762821895381,0.9412331620852152,0.0021951503586024046,0.0323951430618763,0.5208333333333334
155,0.0018181615586703023,0.0009089083992876113,0.9092531164487203,0.002527895150706172,0.03631997108459473,0.4166666666666667
156,0.002216688465947906,0.0010390082723461091,1.1776801188786825,0.002059169579297304,0.03263262286782265,0.5833333333333334
157,0.001762009400408715,0.0008690390512735273,0.892970327536265,0.0017415991751477122,0.027511561289429665,0.4791666666666667
158,0.0015910708500693242,0.0008689017752961566,0.72216903368632,0.0018179641338065267,0.028504617512226105,0.5208333333333334
159,0.0018438446257884303,0.0009778657268422345,0.8659788409868876,0.0020665430929511786,0.032431941479444504,0.3958333333333333
160,0.0021936896489933135,0.0011274022011396785,1.0662874142328898,0.0020584985613822937,0.03505243360996246,0.5208333333333334
161,0.002362452105929454,0.0012156310452458758,1.1468210061391195,0.0025573705788701773,0.037252187728881836,0.4375
162,0.0025379915876934927,0.0013326397010435661,1.2053518335024516,0.002614780329167843,0.036585308611392975,0.4166666666666667
163,0.002229047551130255,0.0010622137012736251,1.1668337861696878,0.002419164637103677,0.03601716831326485,0.5208333333333334
164,0.0022213948890566827,0.0010327313755018016,1.1886634826660156,0.0020564061123877764,0.032215505838394165,0.4166666666666667
165,0.001760067860595882,0.0009351321767705182,0.8249356349309286,0.0016035946318879724,0.02905145287513733,0.5833333333333334
166,0.001711463105554382,0.000903294930079331,0.8081681529680887,0.0014173343079164624,0.027232928201556206,0.4583333333333333
167,0.0016909948938215772,0.0008915427606552839,0.7994520823160808,0.0013954933965578675,0.027016788721084595,0.4791666666666667
168,0.0019634304956222576,0.0009718703882147868,0.9915600260098775,0.001977291889488697,0.03184308484196663,0.5208333333333334
169,0.002087453434554239,0.0010758760618045926,1.0115773558616639,0.0016362585593014956,0.02903173118829727,0.3958333333333333
170,0.001860086581048866,0.0009272267130048324,0.9328598300615947,0.00181974982842803,0.029125170782208443,0.5833333333333334
171,0.0017100322060287,0.0008878255651021997,0.8222066124280294,0.001970964949578047,0.03333417326211929,0.4375
172,0.0019479791012903054,0.0009041475869404773,1.0438314437866212,0.0021007119212299585,0.032526686787605286,0.5
173,0.0017328682821244,0.0009363658881435792,0.7965023756027222,0.0019924016669392586,0.030143536627292633,0.4166666666666667
174,0.001698119806436201,0.0009079359471797944,0.7901838382085165,0.0022881634067744017,0.033140718936920166,0.5208333333333334
175,0.0019161734885225694,0.0009592299660046896,0.9569435000419617,0.0017790010897442698,0.029020093381404877,0.5
176,0.0024005584108332794,0.0010957015251430373,1.3048568685849509,0.002638670150190592,0.039079003036022186,0.4375
177,0.0019702872804676494,0.0009542515676002949,1.0160356521606446,0.0018753226613625884,0.03132195398211479,0.3541666666666667
178,0.0019728990116467077,0.000966094833953927,1.006804112593333,0.002303072949871421,0.034868113696575165,0.4583333333333333
179,0.0017246044085671504,0.000909714699567606,0.814889685312907,0.0019931644201278687,0.03209621086716652,0.3958333333333333
180,0.0019139906779552498,0.0009328182709092895,0.9811723748842875,0.001965202856808901,0.03336268290877342,0.5416666666666666
181,0.001695895086353024,0.0008919392052727441,0.8039558370908101,0.0016983196837827563,0.02976125478744507,0.4583333333333333
182,0.0018576553634678324,0.0008690787382268657,0.9885765751202901,0.0014101167907938361,0.026611236855387688,0.5208333333333334
183,0.0016969393550728758,0.0008569042974462111,0.8400350014368693,0.0014243617188185453,0.02916058339178562,0.5416666666666666
184,0.0017964287816236415,0.0009295324872558316,0.8668962558110554,0.0017048870213329792,0.029766185209155083,0.5208333333333334
185,0.0017374263300249974,0.0008474135053499291,0.8900127649307251,0.0015122443437576294,0.02759520150721073,0.5
186,0.0016486999889214833,0.000819477520417422,0.8292224287986756,0.001886593410745263,0.032589975744485855,0.4791666666666667
187,0.0017656448141982158,0.000913502718321979,0.8521420558293661,0.001882457989268005,0.0307424645870924,0.4791666666666667
188,0.001743794643941025,0.0008324937817330162,0.911300806204478,0.0016507197869941592,0.02871048077940941,0.4583333333333333
189,0.001669354822176198,0.0008281469151067237,0.8412078698476155,0.002089234534651041,0.033529140055179596,0.5
190,0.0025290500139817595,0.0011481738455283144,1.380876104036967,0.00222302065230906,0.03478162735700607,0.4583333333333333
191,0.0021801120523984234,0.001078787612883995,1.1013244032859801,0.0021976190619170666,0.03379760682582855,0.5625
192,0.002125948240670065,0.000991392795306941,1.1345553914705913,0.0015598557656630874,0.027823040261864662,0.6041666666666666
193,0.0019093821989372372,0.0009047200127194325,1.0046621402104696,0.002100509125739336,0.0330362431704998,0.4166666666666667
194,0.002013291115872562,0.0010291550036830206,0.9841360529263814,0.0015922349411994219,0.028922518715262413,0.5208333333333334
195,0.001958931291786333,0.0010002415355605384,0.9586897055308025,0.0016733165830373764,0.03032550774514675,0.4583333333333333
196,0.0019423568776498238,0.0009490042226389051,0.9933525919914246,0.0016836345894262195,0.03126075118780136,0.4583333333333333
197,0.0017243136186152696,0.0008721310373706122,0.8521825512250264,0.0015170365804806352,0.026349501684308052,0.5208333333333334
198,0.0016995895188301803,0.0008385254011955112,0.8610640883445739,0.0016305047320201993,0.03045777603983879,0.4583333333333333
199,0.0016116764862090349,0.0007963839084065209,0.8152925531069438,0.0014890549937263131,0.027915192767977715,0.4791666666666667
200,0.0015526977134868503,0.0007494856137782336,0.8032120664914449,0.0020313444547355175,0.03156879171729088,0.4583333333333333
201,0.0019201636780053378,0.0008773384033702314,1.0428252259890238,0.0019209404708817601,0.031343087553977966,0.5416666666666666
202,0.0019082669401541351,0.0009393173929614326,0.9689495007197062,0.0018339495873078704,0.03046160191297531,0.5625
203,0.0015967828376839558,0.0007849434313053886,0.8118393540382385,0.0017325112130492926,0.029348913580179214,0.4791666666666667
204,0.0017324125316614907,0.0008816454831200341,0.8507670084635417,0.001862243516370654,0.03298211470246315,0.4166666666666667
205,0.0021226453750083844,0.001035871965965877,1.0867733677228293,0.0017582897562533617,0.03062346763908863,0.5416666666666666
206,0.0018149651664619644,0.0008918156148865819,0.9231495141983033,0.0014829861465841532,0.02854451723396778,0.5208333333333334
207,0.0015983481813843052,0.0007965207449160516,0.8018274108568827,0.0017687552608549595,0.03152918815612793,0.5
208,0.0015144588037704428,0.0007905611729559799,0.7238976001739502,0.0020599092822521925,0.032122887670993805,0.5208333333333334
209,0.0017628434967870514,0.0008329589695980151,0.9298844893773397,0.0016557519556954503,0.028856078162789345,0.5416666666666666
210,0.0016295995796099306,0.000809163274243474,0.8204362591107687,0.001603286829777062,0.028184492141008377,0.5208333333333334
211,0.0015851923342173298,0.0008113599343535801,0.773832360903422,0.001761116087436676,0.03142702206969261,0.5416666666666666
212,0.0019033359596505762,0.0008848249873456856,1.0185109059015909,0.0016829093219712377,0.03184732422232628,0.4166666666666667
213,0.0019431547882656256,0.0009662951265151302,0.9768596092859904,0.001621625036932528,0.030398555099964142,0.5
214,0.0016525443332890668,0.0008762935060076416,0.7762507915496826,0.0017423962708562613,0.02988172136247158,0.4166666666666667
215,0.0015962796285748481,0.0008081158914137632,0.788163709640503,0.001634801970794797,0.028185974806547165,0.625
216,0.0015749321629603705,0.0007743755840541174,0.8005565325419108,0.0014228442450985312,0.025992177426815033,0.625
217,0.0015791126526892186,0.000774030953956147,0.8050816575686137,0.0014413789613172412,0.027898987755179405,0.5416666666666666
218,0.0015702125073100129,0.0008118948802196732,0.7583176056543987,0.0016091805882751942,0.02887004055082798,0.5
219,0.0018753749784082175,0.0009562505370316406,0.9191243847211202,0.0015015118988230824,0.028419727459549904,0.5833333333333334
220,0.001910002847823004,0.0009634976236460109,0.9465051571528117,0.0014340366469696164,0.029024023562669754,0.5208333333333334
221,0.0017059994706263145,0.0008863822945083181,0.8196171164512634,0.0014284254284575582,0.028802862390875816,0.6666666666666666
222,0.0019599559328829248,0.001026388044313838,0.9335678219795227,0.0014718638267368078,0.029514692723751068,0.6041666666666666
223,0.0020937772933393717,0.0009727204761778315,1.1210567712783814,0.001695275423116982,0.030611984431743622,0.4791666666666667
224,0.0020145652272428077,0.0008847453903096417,1.1298197944959005,0.0028248215094208717,0.03801504522562027,0.3125
225,0.0018987189357479413,0.0009431726881302893,0.9555462042490641,0.0014432469615712762,0.027085522189736366,0.5625
226,0.0019214837346225977,0.0009328827223119636,0.9886009653409322,0.001575725618749857,0.030554166063666344,0.4583333333333333
227,0.0017328018012146154,0.0009018985515770813,0.8309032201766968,0.0014387724222615361,0.028754403814673424,0.5416666666666666
228,0.0017826790222898125,0.000934978446457535,0.8477005521456401,0.0015209967968985438,0.028489433228969574,0.5208333333333334
229,0.0018109868901471297,0.0009615755057893694,0.8494113365809123,0.0013078581541776657,0.025098351761698723,0.5208333333333334
230,0.001486520057854553,0.0007488314528018236,0.7376885692278544,0.0016367940697818995,0.03025873936712742,0.4583333333333333
231,0.0016432173472518722,0.0007826269138604403,0.860590390364329,0.0015891442308202386,0.03018818236887455,0.4791666666666667
232,0.0017998959946756562,0.0009375512095478673,0.8623447378476461,0.0022134175524115562,0.039349235594272614,0.625
233,0.0019993014090384045,0.001100105547811836,0.8991958220799764,0.002166783669963479,0.03264572471380234,0.4583333333333333
234,0.00209373877538989,0.0011003250139765442,0.9934137264887491,0.0019290149211883545,0.03115324303507805,0.5416666666666666
235,0.002128915923337142,0.0011422039514097074,0.9867119113604228,0.001928284764289856,0.034754399210214615,0.5625
236,0.0020962757679323357,0.0009147911177327235,1.181484580039978,0.0018630053382366896,0.03254994377493858,0.4583333333333333
237,0.0019603632235278686,0.000867340531355391,1.0930226882298788,0.002031303709372878,0.03150000795722008,0.4583333333333333
238,0.0015937434587006767,0.0007924607566868265,0.8012826561927795,0.001513732480816543,0.02691536955535412,0.4583333333333333
239,0.0014351331473638615,0.0007122763529575119,0.7228567600250244,0.0013714643428102136,0.027159573510289192,0.5208333333333334
240,0.0016075526053706804,0.0008293641381897032,0.77818843126297,0.0014457304496318102,0.028609387576580048,0.6458333333333334
241,0.002073862877053519,0.0010122478590346873,1.0616149385770162,0.0016666487790644169,0.029456360265612602,0.4375
242,0.001976732226709525,0.0009290839817064504,1.0476482073465982,0.0018777202349156141,0.03383944556117058,0.3958333333333333
243,0.0022110308054834604,0.000999601154277722,1.2114295840263367,0.0019198841182515025,0.03357110172510147,0.5208333333333334
244,0.00185129523742944,0.000907808468521883,0.9434867103894552,0.002067150780931115,0.032667580991983414,0.4791666666666667
245,0.0017115823458880187,0.0008683223510161042,0.8432599782943726,0.0016610885504633188,0.03088144212961197,0.6041666666666666
246,0.0017568398655081789,0.000832517771050334,0.9243220885594686,0.0017374511808156967,0.03209789842367172,0.5625
247,0.001776129216887057,0.0008373581804335117,0.9387709895769755,0.0015814743237569928,0.030291905626654625,0.6458333333333334
248,0.0018076694260040918,0.0008766539162024855,0.9310154636700948,0.0016131470911204815,0.028175529092550278,0.4791666666666667
249,0.0016637864134584864,0.0007828822126612067,0.8809041738510132,0.0017536734230816364,0.030791768804192543,0.5416666666666666
250,0.001759842309790353,0.0008198159630410373,0.9400262872378031,0.0017119698459282517,0.030172310769557953,0.4791666666666667
251,0.001579251893175145,0.0008258733704375724,0.7533784826596578,0.0015432924265041947,0.02896776981651783,0.4791666666666667
252,0.002078898227773607,0.0009128258854616434,1.1660722692807515,0.0014571779174730182,0.029781589284539223,0.5208333333333334
253,0.0018384730676189065,0.0009168866168086727,0.9215863923231761,0.0014557753456756473,0.028615670278668404,0.5208333333333334
254,0.001572382062052687,0.0008163948698590199,0.7559871872266134,0.0017874366603791714,0.03223322704434395,0.3958333333333333
255,0.001571857649832964,0.0008229841090117892,0.748873507976532,0.002302508568391204,0.038037873804569244,0.375
256,0.0018340020906180143,0.0009071461701144775,0.9268558740615844,0.0018959868466481566,0.030294686555862427,0.5
257,0.00166145171970129,0.0007908307714387774,0.8706209103266398,0.001727344817481935,0.032112862914800644,0.3958333333333333
258,0.0015987180328617494,0.0007390340382698923,0.8596839626630147,0.0018169733230024576,0.03197169676423073,0.5833333333333334
259,0.0014914155627290407,0.000708318119480585,0.7830974062283834,0.0012904151808470488,0.026039179414510727,0.5833333333333334
260,0.0016529005331297716,0.0007841892753882954,0.8687112053235372,0.0018549083033576608,0.03104378469288349,0.5416666666666666
261,0.0018255592789500953,0.000994132839453717,0.8314263820648193,0.0016537748742848635,0.028481770306825638,0.5416666666666666
262,0.0019349576517318685,0.0008787848482218881,1.056172768274943,0.0015063846949487925,0.02643769606947899,0.5833333333333334
263,0.0017475639857972662,0.0008787064832480004,0.8688574691613515,0.002291178796440363,0.035576485097408295,0.6041666666666666
264,0.0022113337103898327,0.0010055490070953964,1.2057846069335938,0.0014800956705585122,0.030823063105344772,0.4583333333333333
265,0.0019534901327763993,0.0009480335672075549,1.005456519126892,0.0014102909481152892,0.028044460341334343,0.4583333333333333
266,0.001758509362116456,0.0008963510006045302,0.8621583183606466,0.0011764414375647902,0.0259738527238369,0.5833333333333334
267,0.0016330052089566986,0.0008543592295609415,0.7786459525426229,0.0013472173595800996,0.026792706921696663,0.5416666666666666
268,0.001585202656375865,0.0007449572944703202,0.8402453144391377,0.0015429005725309253,0.02884414605796337,0.4791666666666667
269,0.0016631397185847164,0.0008234035961019496,0.8397360920906067,0.001751582371070981,0.030045097693800926,0.5416666666666666
270,0.002134965608517329,0.0010510818916372954,1.0838836669921874,0.0023469605948776007,0.03669344261288643,0.5416666666666666
271,0.002442533934178452,0.0011893197428435088,1.2532141089439393,0.002370937028899789,0.03632928803563118,0.4791666666666667
272,0.0020341595324377217,0.001041764560310791,0.9923949201901754,0.001778536243364215,0.030287694185972214,0.5833333333333334
273,0.002575027438191076,0.0012087235731693606,1.36630384127299,0.0016658417880535126,0.031575556844472885,0.4583333333333333
274,0.0016514068158964316,0.0008047927888886383,0.8466139833132426,0.0021476789843291044,0.03647560253739357,0.4583333333333333
275,0.0015175802477945884,0.0008122602303046733,0.7053199927012126,0.0017925277352333069,0.03170790895819664,0.4375
276,0.0018904835373784105,0.0008579497419608136,1.0325337529182435,0.0018998857121914625,0.033875055611133575,0.4583333333333333
277,0.0018970494313786427,0.0008840295505554726,1.013019824028015,0.0014670585514977574,0.02792271599173546,0.5208333333333334
278,0.0015237341246878108,0.0007160603340404729,0.8076737523078918,0.0014278889866545796,0.028143949806690216,0.5416666666666666
279,0.001747868147989114,0.000771901566380014,0.9759665250778198,0.0013388744555413723,0.02783033438026905,0.5833333333333334
280,0.0017157265140364567,0.0007703807437792421,0.9453457236289978,0.0016108817653730512,0.03020971640944481,0.4791666666666667
281,0.0018028673560669024,0.0008681140762443344,0.9347532550493877,0.0017145067686215043,0.031546201556921005,0.4583333333333333
282,0.0015981122308100263,0.0008059550891630352,0.7921570976575215,0.0013964823447167873,0.029103923588991165,0.5
283,0.0015241496652985613,0.0007686185262476404,0.755531124273936,0.0013056703610345721,0.02663281559944153,0.5833333333333334
284,0.001683317186931769,0.0007689903335024914,0.9143267869949341,0.001459140214137733,0.02723328210413456,0.5
285,0.0018301440946136911,0.0008223361587927987,1.0078078667322794,0.0020491373725235462,0.03397423028945923,0.5208333333333334
286,0.0019409127455825607,0.000918038891783605,1.0228738188743591,0.0016548744169995189,0.03162212669849396,0.5
287,0.0018797859083861113,0.000833496901517113,1.0462889353434244,0.0022332030348479748,0.03947402536869049,0.4583333333333333
288,0.0016693641742070516,0.0008825916796922683,0.7867724378903707,0.0014933430356904864,0.028308803215622902,0.5416666666666666
289,0.001616633404046297,0.0007959923648741096,0.8206409970919292,0.001567538594827056,0.029866280034184456,0.5833333333333334
290,0.0016498338353509703,0.0007896161657602837,0.8602176149686177,0.0016404975904151797,0.033273302018642426,0.5416666666666666
291,0.0016620781583090622,0.0007696007533619802,0.8924773852030436,0.001362797454930842,0.028005056083202362,0.4791666666666667
292,0.0016932182324429354,0.0007589529578884443,0.9342652082443237,0.0018049046630039811,0.031760264188051224,0.3958333333333333
293,0.0014668828962991634,0.0007126764801796525,0.754206387201945,0.001708855852484703,0.030782295390963554,0.4583333333333333
294,0.0017596847532937924,0.0008684801092992226,0.8912045756975809,0.001382875838316977,0.02850468084216118,0.4791666666666667
295,0.0014230860785270731,0.0006970182992517948,0.7260677258173625,0.0016378771979361773,0.027873186394572258,0.4583333333333333
296,0.0015860758100946744,0.0008436448445233206,0.7424309253692627,0.0017028732690960169,0.030141154304146767,0.5
297,0.0016869763533274333,0.0008922454901039601,0.7947308222452799,0.002509065205231309,0.03962498530745506,0.4583333333333333
298,0.0019033085244397321,0.0009857331519015134,0.9175753116607666,0.0015859903069213033,0.029821423813700676,0.4791666666666667
299,0.0018568474178512892,0.000991802899322162,0.8650444706281026,0.0014171975199133158,0.027481896802783012,0.6041666666666666
300,0.001569086064894994,0.0007469738076906652,0.8221122105916341,0.0014634194085374475,0.030652912333607674,0.5
301,0.001616989797912538,0.0007674583059269935,0.8495314677556356,0.0014459284720942378,0.03045540116727352,0.5833333333333334
302,0.002052181741843621,0.0009365639300085605,1.1156177481015523,0.002209126716479659,0.036880992352962494,0.4791666666666667
303,0.0017770697983602683,0.0008602265656615297,0.9168431878089904,0.0013028971152380109,0.026000240817666054,0.5208333333333334
304,0.0016460735195626816,0.0007664304808713496,0.8796429951985677,0.0015816179802641273,0.028985532000660896,0.4166666666666667
305,0.0015336221472049753,0.0007489119248930365,0.7847101926803589,0.0014573718653991818,0.027704251930117607,0.6041666666666666
306,0.001789268742625912,0.0008303707620749871,0.9588979482650757,0.0017723583150655031,0.03199798986315727,0.4583333333333333
307,0.0024482284439727663,0.0011742324180280168,1.2739959716796876,0.001530928653664887,0.03058803454041481,0.5
308,0.0018633338234697778,0.0009362945216707885,0.9270392338434855,0.0018328615697100759,0.03197525441646576,0.4166666666666667
309,0.0020510544845213493,0.0010235903668217362,1.0274640520413716,0.001169209135696292,0.025089817121624947,0.6041666666666666
310,0.0017481498575458924,0.000846043846104294,0.902105983098348,0.0016154582845047116,0.029318490996956825,0.5
311,0.0019228053589661917,0.000894584518391639,1.0282207687695821,0.0013581500388681889,0.026804422959685326,0.4375
312,0.001966939098201692,0.0009233002434484661,1.043638829390208,0.001161032821983099,0.02588399313390255,0.5625
313,0.001694512739777565,0.0008038457153209795,0.8906669775644939,0.001738071208819747,0.033061183989048004,0.4375
314,0.0018587060272693633,0.0008867185174797972,0.9719874779383342,0.0017259352607652545,0.03282768279314041,0.4166666666666667
315,0.0018286701835071048,0.0008582694455981255,0.9704007029533386,0.0012744574341922998,0.028876936063170433,0.4583333333333333
316,0.0015758440441762409,0.0007529359679513921,0.8229080359141032,0.0013768706703558564,0.02781393751502037,0.5208333333333334
317,0.0015803329491366942,0.0007399316974139462,0.8404012322425842,0.0012141073821112514,0.026626355946063995,0.4583333333333333
318,0.0015089043338472644,0.0007089362673771878,0.7999680320421855,0.0013480598572641611,0.02828569896519184,0.5208333333333334
319,0.0017469601860890785,0.0008123470237478614,0.9346131086349487,0.001330798608250916,0.027410050854086876,0.5
320,0.0016095510528733334,0.0007716128990675012,0.837938125928243,0.0013924159575253725,0.027394363656640053,0.4791666666666667
321,0.0014041237455482284,0.0007366892144394418,0.6674344897270202,0.0013058799086138606,0.02776419371366501,0.5625
322,0.001663570556168755,0.0008158099003291379,0.8477606058120728,0.0011514395009726286,0.02435871586203575,0.5833333333333334
323,0.0014759602025151252,0.0007457860046997666,0.730174199740092,0.001305192825384438,0.028035135939717293,0.5
324,0.0014816665789112449,0.0006746005868383994,0.8070659478505452,0.0011947333114221692,0.02413862571120262,0.4791666666666667
325,0.0013980513904243708,0.0007200054145262887,0.6780459403991699,0.0013890740228816867,0.02835690602660179,0.5416666666666666
326,0.001646503332691888,0.0008442936775585016,0.8022096196810404,0.0013263481669127941,0.02700820378959179,0.5208333333333334
327,0.0015537592116743326,0.0008414258520739774,0.7123333136240642,0.0017719416646286845,0.0301330778747797,0.375
328,0.001452666815991203,0.0007466593757271767,0.7060074051221211,0.0013026136439293623,0.02642175741493702,0.5
329,0.0015026501612737774,0.0008174973268372317,0.6851528286933899,0.002253569895401597,0.03323667496442795,0.4375
330,0.0016967884652937452,0.0008909331537627925,0.8058552662531535,0.0017890040762722492,0.02994900569319725,0.5
331,0.001674481830559671,0.0007702706071237724,0.9042111714680989,0.0014160146238282323,0.028326034545898438,0.4375
332,0.0016193201610197625,0.0007569811520321915,0.8623389561971029,0.0016119760693982244,0.030099088326096535,0.6041666666666666
333,0.0014319920369113485,0.0007023131009191274,0.7296789089838663,0.001238363329321146,0.025939682498574257,0.4791666666666667
334,0.0012082187614093224,0.0006097512940565745,0.5984674314657847,0.001310538500547409,0.027540158480405807,0.4375
335,0.0012770820797110597,0.0006417258293367923,0.6353562235832214,0.0016296375542879105,0.03170057386159897,0.4375
336,0.0015444428116704026,0.000815060061480229,0.7293827255566915,0.001623325515538454,0.03186947479844093,0.4166666666666667
337,0.0013702808297239243,0.0007001932943239808,0.6700875024000804,0.0015585623914375901,0.030223600566387177,0.5208333333333334
338,0.001418804113442699,0.0006990204565227032,0.7197836101055145,0.0011722975177690387,0.026712970808148384,0.4791666666666667
339,0.0014266921672970057,0.0006633197539485991,0.7633723616600037,0.0013828384689986706,0.029151441529393196,0.4583333333333333
340,0.0014325561855609219,0.000684985324429969,0.747570828596751,0.0011315655428916216,0.026451732963323593,0.6041666666666666
341,0.0017726921398813526,0.0009324324103848388,0.8402597149213155,0.002017292194068432,0.03638572245836258,0.5833333333333334
342,0.0019606803466255466,0.0010109739533315102,0.9497063279151916,0.0019685884471982718,0.032664455473423004,0.4583333333333333
343,0.0015418600058183074,0.0007568095965931813,0.7850503762563069,0.0016235123621299863,0.03300093486905098,0.4375
344,0.0014706637943163515,0.0007328033757706483,0.737860397497813,0.0014093845384195447,0.02924214117228985,0.375
345,0.0014202693787713845,0.0007191907148808241,0.7010786334673563,0.0013973269378766418,0.029180387035012245,0.5208333333333334
346,0.0018075449702640374,0.0008132483926601708,0.9942965467770895,0.0013843305641785264,0.028269192203879356,0.5
347,0.0016956778864065805,0.0007408347504679113,0.9548430760701497,0.0011685333447530866,0.026927920058369637,0.5625
348,0.0018783483499040206,0.0008550931971209745,1.0232550978660584,0.0017713721608743072,0.033496543765068054,0.5
349,0.0020198210297773284,0.0009342284329856436,1.08559254805247,0.0017215919215232134,0.031133396551012993,0.375
350,0.001713616137082378,0.0008326157442449281,0.8810003717740377,0.0013573558535426855,0.0283433236181736,0.5208333333333334
351,0.0016753290159006913,0.0008322170916168641,0.8431118766466776,0.0014592640800401568,0.029451927170157433,0.4583333333333333
352,0.0017878581304103136,0.0008743389703643818,0.9135191122690837,0.0011402680538594723,0.02473108097910881,0.6666666666666666
353,0.0015639580553397537,0.0007680186730188628,0.795939322312673,0.0014817743794992566,0.03026459738612175,0.6041666666666666
354,0.0016433418650800983,0.0007817479471365611,0.8615938663482666,0.0013403691118583083,0.027271129190921783,0.5416666666666666
355,0.0015055651388441523,0.0007313612964935601,0.7742037852605184,0.0013695054221898317,0.02686193771660328,0.5208333333333334
356,0.001715942829226454,0.0007920276936298857,0.9239150722821553,0.0013119976501911879,0.027767794206738472,0.4375
357,0.0014273101657939454,0.0006759842217434198,0.7513259251912435,0.0017059450037777424,0.032086823135614395,0.4583333333333333
358,0.0017014444805681706,0.0007215392096744229,0.9799052278200785,0.0014031663304194808,0.02860965020954609,0.6041666666666666
359,0.0014416942372918128,0.0006390327316087981,0.8026614983876547,0.0015422033611685038,0.029483871534466743,0.5
360,0.0016975451571245989,0.0008318092538199077,0.8657358646392822,0.001172691467218101,0.025964220985770226,0.6666666666666666
361,0.0014960970729589462,0.0007658173524153729,0.7302796880404154,0.0015922392485663295,0.03090832382440567,0.4791666666666667
362,0.001403538192001482,0.0007139809041594466,0.6895572622617085,0.0013662041164934635,0.02704544924199581,0.5
363,0.0012494201267448564,0.000610854404900844,0.6385657151540121,0.0014474125346168876,0.026812143623828888,0.5833333333333334
364,0.0015783627207080523,0.0007034742389805615,0.8748884518941243,0.0018046674085780978,0.033693671226501465,0.4791666666666667
365,0.0014217110661168893,0.00066440681888101,0.7573042233784993,0.0010779971489682794,0.02521006390452385,0.5
366,0.0013678450603038072,0.0006462687063807001,0.7215763131777445,0.0018369386671110988,0.03203151002526283,0.3958333333333333
367,0.001448042473445336,0.0006732323595012228,0.7748100757598877,0.0013861152110621333,0.028975188732147217,0.5416666666666666
368,0.0015328072865183155,0.0007490103715099394,0.783796892563502,0.0013180753448978066,0.02801925130188465,0.6458333333333334
369,0.0016126267534370224,0.0008239290987451871,0.788697624206543,0.0012667408445850015,0.028687231242656708,0.5
370,0.001812630263157189,0.0008252156355107824,0.9874145865440369,0.0019096137257292867,0.03282817080616951,0.4583333333333333
371,0.0017884215572848915,0.0007771147221016388,1.0113068143526713,0.0014719439204782248,0.03001830168068409,0.5625
372,0.0016025176271796226,0.0007357838796451688,0.866733705997467,0.001654712250456214,0.030114488676190376,0.5208333333333334
373,0.0019258753163740039,0.0009629401455943783,0.9629351337750752,0.0017427372513338923,0.030625412240624428,0.4583333333333333
374,0.0015063989752282698,0.0007286332683482517,0.7777656356493632,0.001891079475171864,0.034303128719329834,0.4375
375,0.0017699870824192962,0.0007492516888305545,1.0207353512446085,0.0011475461069494486,0.023738233372569084,0.7083333333333334
376,0.0014548717532306909,0.0007277957804035396,0.7270759344100952,0.0014266817597672343,0.02973615936934948,0.5
377,0.001649398465330402,0.0007729203867105146,0.8764780282974243,0.0011833513854071498,0.027632534503936768,0.5208333333333334
378,0.0015053972834721207,0.0006949084151225785,0.8104888161023458,0.0012782863341271877,0.027278410270810127,0.4375
379,0.0014720485390474398,0.0006999787408858537,0.772069760163625,0.0009869647910818458,0.02280144765973091,0.5416666666666666
380,0.001340125702942411,0.0006831932133839776,0.6569324771563212,0.0011835315963253379,0.027458617463707924,0.4791666666666667
381,0.0013527372425111632,0.0006573730866269519,0.6953640977541605,0.001624874654226005,0.03140963613986969,0.4791666666666667
382,0.0016744819624970356,0.0007946030139767876,0.8798788905143737,0.0015683206729590893,0.03288935124874115,0.5416666666666666
383,0.0016385901486501097,0.000777398560118551,0.8611915508906046,0.0011942517012357712,0.02648838423192501,0.4166666666666667
384,0.0013791253324598074,0.0006555429000097017,0.72358238697052,0.001210798742249608,0.025788653641939163,0.5
385,0.0012281027661326031,0.0006085125884662072,0.6195901354153951,0.0014259179588407278,0.028303982689976692,0.5416666666666666
386,0.0012287951462591688,0.0005966658412944525,0.6321292718251547,0.0013049646513536572,0.02759379893541336,0.4791666666666667
387,0.001348129182588309,0.000647441881786411,0.7006872693697611,0.0012167561799287796,0.028820576146245003,0.5416666666666666
388,0.0014881081335867445,0.0006565550264591972,0.831553065776825,0.0012200386263430119,0.02672121860086918,0.5416666666666666
389,0.0012615338433533906,0.0006167328586646666,0.6448009550571442,0.0012865427415817976,0.027638254687190056,0.375
390,0.00128403779429694,0.0006583318327708791,0.6257059256235759,0.001075749401934445,0.026831425726413727,0.5208333333333334
391,0.0013694912001180153,0.0006232974526938051,0.7461937189102172,0.001066923257894814,0.02576334960758686,0.5625
392,0.0014687078772112727,0.0006867646782969435,0.781943166255951,0.001040701288729906,0.0262301005423069,0.6041666666666666
393,0.0015662729507312178,0.0007426213531289249,0.8236515621344248,0.001381040783599019,0.027406079694628716,0.5416666666666666
394,0.0016493700677528977,0.0007492027982758979,0.9001672426859538,0.0016243085265159607,0.031810078769922256,0.4166666666666667
395,0.0015642726716275017,0.000716537683426092,0.8477349519729614,0.0012133234413340688,0.02731148712337017,0.5208333333333334
396,0.0015288775010655323,0.0006828079271751146,0.8460695445537567,0.0013152185129001737,0.02945803850889206,0.5208333333333334
397,0.00153803665501376,0.0006954324974988898,0.8426041086514791,0.0011686345096677542,0.025695795193314552,0.5416666666666666
398,0.001130616602798303,0.0005658461595885456,0.5647704164187114,0.0011330697452649474,0.026619095355272293,0.5
399,0.0011729331919923425,0.0005919034796534106,0.5810297012329102,0.0014657018473371863,0.03175373747944832,0.4375
400,0.0012535672634840012,0.0005732418988676121,0.6803253253300985,0.0011563365114852786,0.026273660361766815,0.5
401,0.0014039855838442843,0.0006515259020185719,0.7524596611658733,0.0012990229297429323,0.026806361973285675,0.5208333333333334
402,0.0014189468774323663,0.0006539400046070416,0.7650068283081055,0.0013030454283580184,0.0287562794983387,0.5416666666666666
403,0.0014574605117862423,0.000651208982647707,0.8062514980634053,0.0012933933176100254,0.029772521927952766,0.6041666666666666
404,0.001534801892315348,0.0007177363518470277,0.8170655051867167,0.0011580779682844877,0.025907479226589203,0.4583333333333333
405,0.0012867601122707128,0.0006144553966199359,0.6723046938578288,0.0011049240129068494,0.024823028594255447,0.5
406,0.0013031586383779844,0.0005861847971876462,0.7169738094011943,0.0015435076784342527,0.030865175649523735,0.5416666666666666
407,0.0015434496647988756,0.0007187943575748553,0.8246552626291911,0.001403956557624042,0.029730409383773804,0.5416666666666666
408,0.001856075421286126,0.0008493466884829104,1.006728651126226,0.0016886342782527208,0.0323755145072937,0.5833333333333334
409,0.0018100725021213294,0.0008222259484076251,0.9878464976946513,0.0015052652452141047,0.029640326276421547,0.4375
410,0.0016380052004630367,0.0007578869078618785,0.8801182548205058,0.0015597471501678228,0.032945454120635986,0.4791666666666667
411,0.0014768249200036129,0.000737427999653543,0.739396874109904,0.0013354572001844645,0.02976178005337715,0.5625
412,0.0015782148266832033,0.0006927752906146149,0.8854395071665446,0.0012841465650126338,0.02540171891450882,0.4583333333333333
413,0.0016321328779061635,0.0007156213920097798,0.9165114442507426,0.0013924718368798494,0.028965545818209648,0.5208333333333334
414,0.001874253813487788,0.0007810362071419756,1.0932175358136496,0.0013950748834758997,0.03021048754453659,0.5
415,0.0017812245603029927,0.0008298953335421781,0.9513291954994202,0.0019196141511201859,0.03541748225688934,0.5
416,0.001349504361860454,0.0006376908451784403,0.7118134697278341,0.0012480545556172729,0.026330027729272842,0.5
417,0.0013883934278662005,0.0006728277968553205,0.7155655860900879,0.0021157648880034685,0.03367387130856514,0.5
418,0.0017071186564862728,0.0008047326933592558,0.9023858944574992,0.0015185294905677438,0.028884075582027435,0.4583333333333333
419,0.0013779768875489633,0.0006293352576903999,0.7486415962378185,0.0008849470759741962,0.022441545501351357,0.4791666666666667
420,0.0015682908706367016,0.0006863934259551267,0.8818974057833354,0.0015531131066381931,0.029906438663601875,0.3958333333333333
421,0.0017274801696961124,0.0007618469884619117,0.9656331260999044,0.0012008516350761056,0.025731073692440987,0.5416666666666666
422,0.0017561714242522914,0.0007766224443912506,0.9795489430427551,0.0013121393276378512,0.0293929073959589,0.375
423,0.001656786414484183,0.0006976741113855193,0.9591122547785441,0.0016748603666201234,0.030496645718812943,0.5833333333333334
424,0.0019108337738240758,0.0007772292282121877,1.1336044987042746,0.0012825170997530222,0.028042800724506378,0.4583333333333333
425,0.0016437844761336843,0.0006653239213240643,0.9784605105717977,0.0013373859692364931,0.02882903255522251,0.6041666666666666
426,0.001371304706359903,0.0006422903543959062,0.7290143171946207,0.0025407050270587206,0.038884032517671585,0.4583333333333333
427,0.0016858531394973396,0.0008031238646556934,0.8827292283376058,0.0017694380367174745,0.03021489642560482,0.4791666666666667
428,0.0015563057037070393,0.0008646474588507165,0.6916581988334656,0.0025631790049374104,0.040401119738817215,0.5833333333333334
429,0.0015553067050253352,0.0008147011084171633,0.7406055569648743,0.0011418922804296017,0.025517629459500313,0.5833333333333334
430,0.0012238049724449713,0.000576704660973822,0.6471002697944641,0.0014032999752089381,0.029992111027240753,0.4791666666666667
431,0.0012530706900482377,0.0006159061624202878,0.6371644814809163,0.0021329622250050306,0.0336269848048687,0.5
432,0.001481516504039367,0.0007158610426510374,0.7656554142634074,0.0011328153777867556,0.025059951469302177,0.3958333333333333
433,0.0012193446280434727,0.0005563090206123888,0.6630355596542359,0.0017767238896340132,0.032525401562452316,0.4375
434,0.001243712023521463,0.0006091044148585448,0.6346075733502706,0.0013071999419480562,0.02694091387093067,0.5
435,0.001294128162165483,0.0006212615155770133,0.6728666047255198,0.0016232484485954046,0.031994134187698364,0.5625
436,0.0015903573638449112,0.0007325681818959614,0.857789134979248,0.0015059268334880471,0.029579702764749527,0.6041666666666666
437,0.001259977564526101,0.0005831143624770145,0.6768631537755331,0.0018783991690725088,0.031224779784679413,0.3541666666666667
438,0.0012367084544772902,0.0005984090288014462,0.6382993777592977,0.0014742803759872913,0.027862872928380966,0.4791666666666667
439,0.0013334240182302892,0.0006244862859603017,0.7089376886685689,0.0012993121054023504,0.02664824388921261,0.5416666666666666
440,0.001179263205267489,0.0005486304561297099,0.6306327064832051,0.001370491343550384,0.030112575739622116,0.3541666666666667
441,0.001418873326232036,0.0006702008967598279,0.7486723939577739,0.0014323602663353086,0.028351720422506332,0.5833333333333334
442,0.0012897868873551488,0.0006381987458250175,0.651588108142217,0.0020511439070105553,0.03233085945248604,0.3958333333333333
443,0.001656428910791874,0.0007841285085305571,0.8723003546396891,0.0014249790692701936,0.028862588107585907,0.4791666666666667
444,0.0017277041993414362,0.0008154576760716736,0.9122464656829834,0.001936195301823318,0.03230460733175278,0.5625
445,0.0014907340363909801,0.0007249982484305898,0.7657357652982076,0.0018404076108708978,0.03119758330285549,0.5
446,0.0015629465070863566,0.0007264694470601777,0.8364770372708639,0.0018065141048282385,0.02935292199254036,0.5
447,0.0014775494229979814,0.0006953974952921271,0.7821518858273824,0.0014511689078062773,0.029104677960276604,0.4375
448,0.001416979574908813,0.0006532706475506227,0.7637089014053344,0.0012401140993461013,0.026820432394742966,0.5208333333333334
449,0.001337610767222941,0.0006271113234106451,0.7104994277159373,0.0012493816902861,0.028192494064569473,0.5208333333333334
450,0.0014129133662208915,0.000756509512818108,0.6564038117726644,0.0011904757702723145,0.025990942493081093,0.5208333333333334
451,0.0012606838912082214,0.000589879573090002,0.6708042899767558,0.0011100411647930741,0.025507653132081032,0.6041666666666666
452,0.0012180085837220152,0.0005744799758152416,0.6435285886128743,0.0011824375251308084,0.028409453108906746,0.5416666666666666
453,0.0011794526091155908,0.0005695538963967314,0.6098986705144246,0.00112386594992131,0.025346094742417336,0.5625
454,0.001199282092663149,0.0005621356171711038,0.6371464550495147,0.0013058023760095239,0.029563484713435173,0.5625
455,0.0018037299004693827,0.0007831151985252897,1.0206146796544393,0.002256206702440977,0.03612654656171799,0.4166666666666667
456,0.0017476165434345604,0.0007963388149316112,0.9512776613235474,0.0020573348738253117,0.03497595340013504,0.4791666666666667
457,0.0012289957298586766,0.0005858702449283252,0.6431254506111145,0.001500272541306913,0.0298369899392128,0.4375
458,0.0014561376185156405,0.0006467071517060201,0.8094304045041402,0.0016069026896730065,0.02923947013914585,0.5416666666666666
459,0.0014461909886449575,0.0006756732841798414,0.770517639319102,0.0014640273293480277,0.028082391247153282,0.4791666666666667
460,0.0011635414867972335,0.0005149791133590043,0.648562345902125,0.0017272800905629992,0.030472682788968086,0.4791666666666667
461,0.0013448764802888036,0.0005563875699105362,0.7884888768196106,0.0014588659396395087,0.03027389757335186,0.5208333333333334
462,0.0012864192326863606,0.0005766944707526515,0.7097247282663981,0.0015185227384790778,0.02988116629421711,0.4583333333333333
463,0.0012624785692120593,0.0006168069880610953,0.6456715345382691,0.0013464965159073472,0.027654489502310753,0.5208333333333334
464,0.001077389627850304,0.000493002001894638,0.5843875805536906,0.0017663813196122646,0.033244214951992035,0.5416666666666666
465,0.0012183197347136836,0.0005704120946271966,0.6479076226552327,0.0014659396838396788,0.030588729307055473,0.5208333333333334
466,0.0013360641275842985,0.0006889924717446168,0.6470716158548991,0.0016228713793680072,0.03281001001596451,0.4375
467,0.0011730755291258295,0.0006001745661099752,0.572900942961375,0.0014495464274659753,0.028722256422042847,0.5416666666666666
468,0.0010350907260241607,0.00048554824898019435,0.5495424469312032,0.0014202749589458108,0.02838045544922352,0.5416666666666666
469,0.0011061232498226067,0.0005229160810510318,0.5832071304321289,0.0013254843652248383,0.02682655118405819,0.5625
470,0.0011163875848675768,0.000544956400214384,0.5714311480522156,0.00180465925950557,0.03150393068790436,0.4166666666666667
471,0.0013382572680711747,0.0006035888606371979,0.7346683899561565,0.0028208259027451277,0.039407018572092056,0.4791666666666667
472,0.0017033368038634458,0.0007523417026580622,0.9509950677553812,0.0018318078946322203,0.03175835311412811,0.5625
473,0.0017479613500957687,0.0007231291810361047,1.0248321016629538,0.0011859525693580508,0.02687663584947586,0.625
474,0.001733992202207446,0.0007505223349047204,0.9834698279698689,0.0017926853615790606,0.03400929272174835,0.4791666666666667
475,0.0016689135149742166,0.0008092802813431869,0.859633191426595,0.0017726479563862085,0.03344149887561798,0.4375
476,0.0016435043110201756,0.0007947023201268167,0.8488019545873006,0.0017208855133503675,0.030655449256300926,0.5416666666666666
477,0.0013246966991573572,0.000608770481388395,0.7159261624018352,0.0013779468135908246,0.028372788801789284,0.5208333333333334
478,0.0012240517108390728,0.0005817529027505468,0.6422987739245097,0.0015040755970403552,0.031672436743974686,0.4166666666666667
479,0.0012607557970720034,0.0006122761231381446,0.6484796484311421,0.0015417349059134722,0.029268106445670128,0.5208333333333334
480,0.0012634072608004013,0.0006211853256293883,0.6422219196955363,0.0013239324325695634,0.02717646211385727,0.5833333333333334
481,0.0014546832690636316,0.0007083661543826262,0.7463170925776164,0.0017306545050814748,0.02968653477728367,0.5
482,0.0013914872736980517,0.0006247996934689581,0.766687540213267,0.0019636955112218857,0.03417817875742912,0.4583333333333333
483,0.001342418921800951,0.0006089669943321497,0.7334518929322561,0.002115234499797225,0.03438401594758034,0.4791666666666667
484,0.0014940883421028653,0.0006880055686148504,0.8060827453931173,0.0013229778269305825,0.027180882170796394,0.625
485,0.0013663542146484058,0.0006332775403279812,0.7330766439437866,0.001345100929029286,0.02888231724500656,0.6458333333333334
486,0.0013307552086189388,0.0006926460075192154,0.6381091753641764,0.0016456979792565107,0.03173483908176422,0.3541666666666667
487,0.0011630119329007964,0.0005341884796507656,0.628823435306549,0.0015767882578074932,0.02905539609491825,0.5416666666666666
488,0.0012721607189935943,0.0005401281756348908,0.7320325215657552,0.0014409328578040004,0.02894379384815693,0.4375
489,0.0011626724813443919,0.0005299118638504297,0.6327605823675791,0.0019517993787303567,0.03254665061831474,0.4375
490,0.0013050234410911798,0.000648805993841961,0.6562174320220947,0.0013395061250776052,0.02697516232728958,0.5
491,0.0011459744496581455,0.0005745833914261311,0.5713910043239594,0.0013360044686123729,0.02731265313923359,0.3958333333333333
492,0.0012561557271207372,0.0005403186873688052,0.715837009747823,0.001687395852059126,0.030627649277448654,0.5
493,0.0012007348549862703,0.0005087199834330629,0.6920148452123006,0.0019167129648849368,0.031979866325855255,0.4583333333333333
494,0.0012469608414297302,0.0006217573478352279,0.6252034584681193,0.0015843341825529933,0.029595976695418358,0.4583333333333333
495,0.001125651691108942,0.0004966498371989776,0.6290018240610759,0.0019998736679553986,0.03327968716621399,0.5416666666666666
496,0.0015944752842187882,0.0006885619717650115,0.90591326157252,0.0015899485442787409,0.030116774141788483,0.4375
497,0.0012444164448728165,0.0005970344898135712,0.6473819335301717,0.0015323912957683206,0.028664760291576385,0.5625
498,0.0011867688580726584,0.0005758866919980695,0.6108821113904317,0.001503267791122198,0.03075346164405346,0.5
499,0.0011503566095295052,0.0005366328463423997,0.6137237389882405,0.00141936878208071,0.02903679944574833,0.4583333333333333
500,0.0013499901164323092,0.0005560645639585952,0.7939255158106486,0.0016425586072728038,0.028861338272690773,0.4791666666666667
