epoch,train_loss,rmse_loss,trend_loss,val_rmse,val_trend_acc
0,0.24465295473734539,0.2311152845621109,13.53766746520996,0.12576891481876373,0.5083333333333333
1,0.07224827160437902,0.06891412660479546,3.3341448386510213,0.04401435703039169,0.4583333333333333
2,0.04116430357098579,0.03934355974197388,1.8207435369491578,0.03352990746498108,0.45
3,0.030438306058446565,0.029241362338264784,1.1969434460004171,0.030452515929937363,0.48333333333333334
4,0.03343299552798271,0.031964987764755884,1.468007755279541,0.02754778414964676,0.43333333333333335
5,0.032159079983830455,0.03082309973736604,1.3359800418217977,0.029799776151776314,0.43333333333333335
6,0.030631383632620177,0.029472775633136432,1.1586079796155293,0.02800489403307438,0.45
7,0.032354288175702094,0.031174488241473834,1.1797997593879699,0.025217264890670776,0.36666666666666664
8,0.0292149618268013,0.02812237205604712,1.092589549223582,0.02610253170132637,0.55
9,0.029715721557537714,0.028383655970295272,1.3320652842521667,0.024150991812348366,0.4166666666666667
10,0.031635668873786923,0.03051568220059077,1.119986363252004,0.05215830355882645,0.5166666666666667
11,0.03792257234454155,0.036556677396098775,1.3658949812253316,0.031079456210136414,0.4666666666666667
12,0.030360567197203637,0.029176164915164313,1.1844024618466695,0.028486624360084534,0.43333333333333335
13,0.02800574948390325,0.026977974673112234,1.0277742425600687,0.02777228131890297,0.4583333333333333
14,0.027561319122711817,0.02658527096112569,0.976048219203949,0.027340780943632126,0.575
15,0.027360318476955095,0.026330165440837543,1.030152678489685,0.031051168218255043,0.39166666666666666
16,0.02943443904320399,0.028293847913543384,1.1405908266703289,0.023854825645685196,0.525
17,0.02759783938527107,0.0265377430866162,1.060096530119578,0.028397858142852783,0.5666666666666667
18,0.027645833666125934,0.026608802005648614,1.0370317697525024,0.025540893897414207,0.45
19,0.028617764512697857,0.027430734410881997,1.1870300014813742,0.03234854340553284,0.5666666666666667
20,0.030801532417535783,0.029409910862644512,1.3916214108467102,0.02551359124481678,0.43333333333333335
21,0.026241579403479893,0.025141571834683418,1.1000077923138936,0.025313280522823334,0.5583333333333333
22,0.028968778749306996,0.02776461876928806,1.2041597088178,0.028049033135175705,0.39166666666666666
23,0.029783318067590395,0.028826518232623735,0.9567997654279073,0.04938565194606781,0.4583333333333333
24,0.033603136241436,0.03220184482634068,1.4012917121251425,0.03002523072063923,0.5333333333333333
25,0.03182638424138228,0.030528598899642625,1.2977850874265036,0.02854907140135765,0.39166666666666666
26,0.029722981279095013,0.02840878429512183,1.3141972899436951,0.02846304327249527,0.425
27,0.028142655144135158,0.026948786402742068,1.193868907292684,0.022603590041399002,0.48333333333333334
28,0.025654859840869904,0.024612295627593993,1.042564038435618,0.027434907853603363,0.49166666666666664
29,0.033142777532339095,0.031939251348376274,1.203525976339976,0.030082039535045624,0.4583333333333333
30,0.0278364102045695,0.026934253796935082,0.9021564920743307,0.025262078270316124,0.4666666666666667
31,0.0286684005210797,0.027675952638189,0.9924480358759562,0.020323539152741432,0.39166666666666666
32,0.0252950685719649,0.024408195291956265,0.886873459815979,0.022607935592532158,0.4583333333333333
33,0.027713758498430253,0.026738916337490082,0.9748422463734945,0.02886906825006008,0.5666666666666667
34,0.030160757278402648,0.02918132394552231,0.9794331431388855,0.02244899608194828,0.5666666666666667
35,0.03212241232395172,0.03087872254351775,1.2436894297599792,0.03801034390926361,0.5083333333333333
36,0.03398463502526283,0.03281402600308259,1.1706086198488872,0.026215868070721626,0.375
37,0.029252284268538157,0.028164800132314365,1.0874840140342712,0.025126267224550247,0.48333333333333334
38,0.028229952106873193,0.027156238506237666,1.073713525136312,0.019876671954989433,0.5083333333333333
39,0.0264470923691988,0.025511356567343078,0.9357358773549398,0.022003907710313797,0.5
40,0.02661636968453725,0.02555179831882318,1.064571205774943,0.02012236975133419,0.43333333333333335
41,0.024422006433208784,0.0235313901056846,0.89061598777771,0.019978422671556473,0.4666666666666667
42,0.03016450653473536,0.029142883544166883,1.0216226935386659,0.0370912067592144,0.4166666666666667
43,0.039532321194807686,0.03815008190770944,1.3822393854459127,0.04344771057367325,0.4166666666666667
44,0.03451582329968612,0.03319171816110611,1.324104909102122,0.03385735675692558,0.48333333333333334
45,0.02690811244150003,0.02592615286509196,0.9819594303766886,0.026289992034435272,0.4666666666666667
46,0.02919658695658048,0.02814784236252308,1.0487442374229432,0.03002481535077095,0.425
47,0.029381616910298666,0.028329275672634442,1.0523412108421326,0.023607641458511353,0.475
48,0.028324202323953312,0.027242276072502136,1.0819262623786927,0.023615768179297447,0.5583333333333333
49,0.02828602281709512,0.02706532118221124,1.2207014640172322,0.025409318506717682,0.475
50,0.028957097480694454,0.027837760746479034,1.1193363944689432,0.033190637826919556,0.43333333333333335
51,0.029267206663886706,0.028075712298353515,1.191494111220042,0.023810917511582375,0.5333333333333333
52,0.027219939107696215,0.0261341688533624,1.0857702294985454,0.034587252885103226,0.4083333333333333
53,0.029923721278707186,0.028805954505999883,1.1177668213844298,0.02770995907485485,0.5333333333333333
54,0.02727315202355385,0.026247308030724524,1.025843624273936,0.02437378652393818,0.5833333333333334
55,0.029478018482526142,0.028416972855726877,1.0610457897186278,0.032629240304231644,0.49166666666666664
56,0.02837652067343394,0.027203946684797604,1.1725741505622864,0.02586294710636139,0.5833333333333334
57,0.026701180512706438,0.025627120087544124,1.0740601539611816,0.025734586641192436,0.4666666666666667
58,0.027042183528343835,0.025996250907580058,1.045932654539744,0.021046098321676254,0.5083333333333333
59,0.025125709051887195,0.02415613072613875,0.9695781350135804,0.022072218358516693,0.5583333333333333
60,0.02735479051868121,0.026306983456015585,1.0478068947792054,0.02477750927209854,0.5
61,0.026865686724583306,0.02569826940695445,1.1674174348513284,0.0229855515062809,0.4583333333333333
62,0.026499258851011596,0.025478588913877807,1.0206700245539346,0.02916238270699978,0.4583333333333333
63,0.027576515326897304,0.026621481652061144,0.9550337394078573,0.026506435126066208,0.55
64,0.02587859258055687,0.024877150356769562,1.0014422337214153,0.031002115458250046,0.45
65,0.029039371758699417,0.028023371969660125,1.0159995794296264,0.02758411504328251,0.5416666666666666
66,0.027501406023899715,0.02648895246287187,1.012453552087148,0.026790425181388855,0.425
67,0.028493786975741387,0.02752715883155664,0.9666282097498576,0.0219479501247406,0.5083333333333333
68,0.026175968845685325,0.025185373425483704,0.9905956864356995,0.02071226015686989,0.5
69,0.024947930624087653,0.023969368015726408,0.9785626808802287,0.02094302326440811,0.4583333333333333
70,0.02484071080883344,0.02394796001414458,0.8927512208620707,0.02274315617978573,0.48333333333333334
71,0.027066934977968533,0.025968931491176288,1.0980036815007528,0.02003202587366104,0.5083333333333333
72,0.025988796229163804,0.025109373033046722,0.879423189163208,0.02608490362763405,0.4166666666666667
73,0.03130265089372794,0.030210115636388462,1.09253538052241,0.022611960768699646,0.44166666666666665
74,0.027183682347337406,0.02621745504438877,0.9662272413571675,0.03872758522629738,0.5
75,0.03108397809167703,0.030147437502940497,0.9365405480066935,0.031184732913970947,0.4583333333333333
76,0.02810389411946138,0.027160199110706648,0.9436947027842204,0.029003087431192398,0.5166666666666667
77,0.023477445046106975,0.022622295220692954,0.8551497459411621,0.022918380796909332,0.475
78,0.02703055776655674,0.02599827336768309,1.0322842319806418,0.02707284316420555,0.5166666666666667
79,0.026021042838692665,0.025016673654317857,1.0043691992759705,0.01993548311293125,0.4583333333333333
80,0.0236396091679732,0.022769524032870928,0.8700852632522583,0.0312526598572731,0.49166666666666664
81,0.02547647717098395,0.024487991506854694,0.988485868771871,0.024314815178513527,0.5583333333333333
82,0.029517343019445738,0.02819552570581436,1.321817366282145,0.02535279281437397,0.43333333333333335
83,0.026784717788298926,0.02578560970723629,0.9991080085436503,0.02930658869445324,0.475
84,0.026517049223184586,0.02532290108501911,1.1941484212875366,0.02567204460501671,0.5
85,0.025710888703664145,0.02473261095583439,0.9782777388890584,0.03343679755926132,0.4583333333333333
86,0.0296389177441597,0.028582614908615748,1.0563024242719015,0.028773825615644455,0.48333333333333334
87,0.027502646048863728,0.026503800600767135,0.9988456765810648,0.02577102929353714,0.4666666666666667
88,0.028818188110987346,0.027684767792622248,1.133420217037201,0.02014262229204178,0.45
89,0.023708668972055116,0.022856511051456134,0.8521575649579366,0.02077944576740265,0.4666666666666667
90,0.02372402896483739,0.022857472176353137,0.8665568073590596,0.0209522508084774,0.48333333333333334
91,0.025545390819509826,0.024627586454153062,0.917804487546285,0.02683490887284279,0.49166666666666664
92,0.023728822792569795,0.022840280706683796,0.8885418574015299,0.026977991685271263,0.49166666666666664
93,0.024143623188138008,0.02325515039265156,0.8884726762771606,0.025778518989682198,0.5083333333333333
94,0.02598453847070535,0.024998614316185316,0.9859243313471476,0.022063281387090683,0.48333333333333334
95,0.027176583806673687,0.026122810939947765,1.0537728826204935,0.030930519104003906,0.5
96,0.027550272271037103,0.026436690613627432,1.1135815739631654,0.02396371029317379,0.45
97,0.02581296438972155,0.024693057313561438,1.1199068029721577,0.022927112877368927,0.5166666666666667
98,0.026597734789053598,0.025334964444239935,1.2627704779307047,0.025930920615792274,0.4083333333333333
99,0.025817904869715372,0.0247111643354098,1.1067401965459187,0.024143574759364128,0.4083333333333333
100,0.02434229999780655,0.023433161030213038,0.9091388821601868,0.022127842530608177,0.4666666666666667
101,0.026667265594005583,0.025664035975933076,1.0032294511795044,0.03363281860947609,0.5083333333333333
102,0.029368295272191366,0.02819432405134042,1.1739712397257487,0.022640785202383995,0.5333333333333333
103,0.027686068043112754,0.026573082928856216,1.1129850705464681,0.03759012371301651,0.4166666666666667
104,0.025419909444948038,0.024490884070595107,0.9290257612864177,0.028485028073191643,0.5666666666666667
105,0.025051153699556985,0.024181040997306506,0.8701128164927164,0.020297126844525337,0.475
106,0.024971707661946615,0.024013656998674075,0.9580504377683003,0.03583743795752525,0.48333333333333334
107,0.026969380925099054,0.025931703671813012,1.0376771807670593,0.035496167838573456,0.4583333333333333
108,0.026131774360934893,0.025092547262708344,1.0392271796862285,0.021565718576312065,0.5666666666666667
109,0.02536376950641473,0.024347491189837457,1.0162781755129495,0.022963333874940872,0.48333333333333334
110,0.026158917074402172,0.025088818992177644,1.070098332564036,0.030448386445641518,0.5666666666666667
111,0.026805575316150982,0.025776341557502747,1.0292335549990337,0.02874617651104927,0.4666666666666667
112,0.02440120726823807,0.02358135109146436,0.8198558171590169,0.018104078248143196,0.5166666666666667
113,0.021843686203161874,0.02104640988012155,0.7972764531771342,0.018497081473469734,0.5666666666666667
114,0.02249006542066733,0.02160546990732352,0.8845955650011699,0.02144387736916542,0.45
115,0.023770459617177647,0.022879789272944134,0.890670386950175,0.02085031010210514,0.45
116,0.02592913421491782,0.025073395296931266,0.8557390054066976,0.02007155306637287,0.5333333333333333
117,0.024545931443572044,0.023542651596168678,1.0032794952392579,0.02502306178212166,0.6
118,0.026829162364204726,0.02585009907682737,0.9790634592374166,0.026221534237265587,0.48333333333333334
119,0.025923152392109235,0.02486024722456932,1.0629052599271138,0.018977388739585876,0.5333333333333333
120,0.022813612471024196,0.02189649616678556,0.917116109530131,0.02090510167181492,0.475
121,0.02546928698817889,0.024380431200067203,1.088855755329132,0.02686649188399315,0.4583333333333333
122,0.02440434197584788,0.023509852588176727,0.8944893876711527,0.02366790361702442,0.49166666666666664
123,0.028430267671744027,0.027360907196998595,1.0693604588508605,0.026794854551553726,0.525
124,0.02498494101067384,0.024099008366465568,0.8859327276547749,0.019255882129073143,0.4166666666666667
125,0.022763040537635486,0.0219252893080314,0.8377510865529378,0.020228462293744087,0.5083333333333333
126,0.02434667758643627,0.023413643861810367,0.9330338120460511,0.02722165919840336,0.5166666666666667
127,0.027905373275279997,0.026779827599724134,1.1255456606547039,0.03779226541519165,0.4583333333333333
128,0.029825953394174577,0.02871715140839418,1.108801790078481,0.02107124961912632,0.48333333333333334
129,0.02431615615884463,0.023390128339330355,0.9260276397069295,0.025470755994319916,0.5
130,0.026585393150647483,0.025645862271388372,0.939530618985494,0.02246367186307907,0.4583333333333333
131,0.02434162174661954,0.023480499784151714,0.8611218969027201,0.01924601010978222,0.45
132,0.02679811306297779,0.02593356172243754,0.8645512143770854,0.02314571850001812,0.425
133,0.025782022252678873,0.02490023896098137,0.881783147652944,0.01798948273062706,0.4083333333333333
134,0.0290366613616546,0.027949296807249387,1.0873642206192016,0.026678189635276794,0.4666666666666667
135,0.024999315043290456,0.02416397084792455,0.835344127813975,0.024549132212996483,0.575
136,0.025542585055033366,0.02464651713768641,0.8960676868756612,0.0247721616178751,0.49166666666666664
137,0.026177584379911422,0.025194290777047476,0.9832934101422628,0.030528515577316284,0.55
138,0.027410749097665152,0.026265242074926694,1.1455068985621135,0.02284855581820011,0.475
139,0.023752974842985473,0.022865640620390575,0.8873343388239543,0.03120892308652401,0.5333333333333333
140,0.02649323046207428,0.02554001472890377,0.9532157182693481,0.027875861153006554,0.4666666666666667
141,0.025283651798963545,0.024376949295401573,0.9067024866739909,0.024022193625569344,0.4583333333333333
142,0.022907502328356106,0.021992020308971405,0.9154818733533223,0.020411856472492218,0.5083333333333333
143,0.026859871670603754,0.02569385978082816,1.1660117069880167,0.024618161842226982,0.5
144,0.025697510068615276,0.024758985762794814,0.9385246634483337,0.02256033942103386,0.4583333333333333
145,0.022878312816222508,0.022083192815383276,0.7951200087865193,0.02180277742445469,0.5166666666666667
146,0.02279644024868806,0.021889216701189675,0.9072234590848287,0.023512383922934532,0.5083333333333333
147,0.0223477008442084,0.021536240726709364,0.8114603201548258,0.020661311224102974,0.48333333333333334
148,0.023146841675043106,0.02233465512593587,0.8121864597002665,0.02424018457531929,0.4166666666666667
149,0.024367252364754677,0.023383510857820512,0.9837414304415385,0.019728126004338264,0.5333333333333333
150,0.023161953563491502,0.02223662522931894,0.9253285725911459,0.019183078780770302,0.525
151,0.0213020163277785,0.020537201190988223,0.7648150245348613,0.023132044821977615,0.525
152,0.02365461252629757,0.022811273237069447,0.8433394312858582,0.025044547393918037,0.55
153,0.023775743196407954,0.022839620771507422,0.9361223777135214,0.02064581960439682,0.5166666666666667
154,0.021947995573282243,0.021054699147741,0.8932966073354085,0.02351507730782032,0.4166666666666667
155,0.024574035157759983,0.023593425067762533,0.9806100964546204,0.021840859204530716,0.5666666666666667
156,0.028924213846524556,0.02776753840347131,1.1566752394040425,0.028949007391929626,0.475
157,0.02723662480711937,0.02609504647552967,1.1415778676668802,0.04053637012839317,0.4
158,0.026740834241112073,0.025679103285074233,1.0617309014002483,0.01834917813539505,0.575
159,0.02236890569329262,0.021572141473491988,0.7967641154925028,0.01818106323480606,0.55
160,0.023441914344827335,0.022556021437048913,0.8858928322792053,0.022644851356744766,0.55
161,0.023411979774634044,0.02248380531867345,0.9281744162241617,0.03008945658802986,0.5583333333333333
162,0.025477672244111696,0.024512732898195586,0.9649394671122233,0.019877681508660316,0.55
163,0.029710825656851132,0.02867862197260062,1.0322035034497579,0.03162308782339096,0.5166666666666667
164,0.026722641289234163,0.025760467971364658,0.9621731479962666,0.02088853530585766,0.5416666666666666
165,0.023764848336577417,0.022860102728009223,0.9047454635302226,0.021412767469882965,0.5583333333333333
166,0.02323534203072389,0.02225385569036007,0.9814861377080282,0.02591550350189209,0.475
167,0.023390711968143782,0.022474686056375502,0.9160259524981181,0.024263622239232063,0.45
168,0.024347740784287454,0.02337349032362302,0.9742504596710205,0.026074087247252464,0.55
169,0.025789091363549232,0.024701089411973954,1.0880016605059306,0.01931655779480934,0.5083333333333333
170,0.02468732011814912,0.023708101361989975,0.9792187452316284,0.02253147028386593,0.55
171,0.023924677694837252,0.02302344764272372,0.9012299537658691,0.021520713344216347,0.5416666666666666
172,0.022722110524773596,0.021841039011875788,0.8810716032981872,0.019636042416095734,0.5416666666666666
173,0.022808088362216948,0.02191439035038153,0.8936978260676066,0.022523153573274612,0.43333333333333335
174,0.021400241181254387,0.02055853803952535,0.8417030016581217,0.01870141178369522,0.5166666666666667
175,0.026050551359852157,0.02490670941770077,1.1438419699668885,0.019664373248815536,0.5083333333333333
176,0.02460471677283446,0.02357936662932237,1.025350018342336,0.02573505975306034,0.55
177,0.026385064919789633,0.025419666866461434,0.9653978228569031,0.02480144612491131,0.5416666666666666
178,0.02402703699966272,0.022962041571736334,1.0649954438209535,0.01767296902835369,0.5666666666666667
179,0.02373039349913597,0.022785736061632634,0.9446572224299113,0.024056458845734596,0.48333333333333334
180,0.026645442470908165,0.025646234055360158,0.9992084542910258,0.022030750289559364,0.5
181,0.02510236166417599,0.02423099751273791,0.8713639219601949,0.020961366593837738,0.6
182,0.022172118350863457,0.021322805186112723,0.8493131756782532,0.020282715559005737,0.5416666666666666
183,0.025543765847881636,0.0244787335395813,1.0650320967038474,0.025703437626361847,0.5333333333333333
184,0.027310636142889658,0.026194282993674278,1.1163531025250752,0.025977518409490585,0.44166666666666665
185,0.024898582696914674,0.023822938650846483,1.0756441712379456,0.02582414261996746,0.38333333333333336
186,0.024932011092702547,0.023964756975571315,0.9672539234161377,0.024381695315241814,0.4583333333333333
187,0.02269363800684611,0.021840955192844073,0.8526825944582621,0.02211333066225052,0.4
188,0.023167862122257552,0.02227973788976669,0.8881242156028748,0.030372781679034233,0.4583333333333333
189,0.025126934299866358,0.02410438929994901,1.0225448926289877,0.024995677173137665,0.45
190,0.02350517859061559,0.02254624602695306,0.9589324553807577,0.027153776958584785,0.425
191,0.024675247073173524,0.02367745041847229,0.9977965553601583,0.028082041069865227,0.5
192,0.02406826677421729,0.023050063227613767,1.0182037353515625,0.01943259686231613,0.4583333333333333
193,0.02451246666411559,0.02359388122955958,0.9185855309168498,0.02371775545179844,0.4083333333333333
194,0.0268215657522281,0.0259236096094052,0.8979559183120728,0.020503507927060127,0.5083333333333333
195,0.026281746601065,0.025290723765889804,0.9910224874814352,0.023313982412219048,0.45
196,0.02638192983965079,0.025177339340249696,1.2045902729034423,0.022357821464538574,0.475
197,0.02650995540122191,0.02537312904993693,1.1368262926737467,0.03186352550983429,0.45
198,0.025535075987378756,0.024541451285282772,0.9936246593793233,0.023814719170331955,0.5583333333333333
199,0.026100745921333632,0.02515731006860733,0.9434356888135275,0.02330232970416546,0.375
200,0.023891383533676466,0.022826337069272996,1.0650465091069539,0.021902645006775856,0.525
201,0.02312525970240434,0.022263773158192633,0.8614864905675252,0.02521258033812046,0.525
202,0.02308454674979051,0.02210311032831669,0.9814363678296407,0.022372333332896233,0.5416666666666666
203,0.02592940243581931,0.02491213120520115,1.0172711650530497,0.02073742263019085,0.525
204,0.02510350433488687,0.024040067320068678,1.0634371201197306,0.029309546574950218,0.39166666666666666
205,0.02382552648584048,0.022791104887922606,1.0344215114911397,0.022329181432724,0.39166666666666666
206,0.020727429414788882,0.019921322415272395,0.8061069925626119,0.023415831848978996,0.425
207,0.025016779576738677,0.024070203800996146,0.9465758124987285,0.02306666597723961,0.4166666666666667
208,0.026209339747826257,0.02509988509118557,1.1094545443852744,0.022486409172415733,0.575
209,0.02581904816130797,0.024779479826490085,1.0395684202512105,0.025317102670669556,0.5583333333333333
210,0.025509299834569295,0.024507163340846697,1.0021366755167642,0.019317205995321274,0.5
211,0.02340483305354913,0.022385907483597596,1.0189257502555846,0.019757995381951332,0.44166666666666665
212,0.022674155111114185,0.02177103447417418,0.9031208078066508,0.017811167985200882,0.475
213,0.02349088340997696,0.022619514788190524,0.8713686227798462,0.022860154509544373,0.475
214,0.02200639694929123,0.021178561200698217,0.8278356870015462,0.017469365149736404,0.5416666666666666
215,0.02083639018237591,0.020031618078549702,0.8047720114390056,0.02028574049472809,0.43333333333333335
216,0.021414720887939134,0.02062012900908788,0.7945918083190918,0.025574946776032448,0.525
217,0.023203676690657933,0.022390276938676835,0.8133997122446696,0.02062446065247059,0.5083333333333333
218,0.0241391501079003,0.023178033530712128,0.9611165801684062,0.030072644352912903,0.45
219,0.02595022916793823,0.025075124204158784,0.8751049518585206,0.02653331682085991,0.5
220,0.02631959691643715,0.025331798195838928,0.987798813978831,0.023508135229349136,0.4166666666666667
221,0.023440534994006158,0.022545364002386728,0.8951709826787313,0.02128581888973713,0.43333333333333335
222,0.02528565041720867,0.024271476144591967,1.0141742428143818,0.01969807781279087,0.55
223,0.02477806496123473,0.02387183519701163,0.9062295953432719,0.028205716982483864,0.475
224,0.02430972717702389,0.02344369553029537,0.8660317659378052,0.03226206824183464,0.4666666666666667
225,0.025126970186829568,0.02411894922455152,1.0080210010210673,0.019844895228743553,0.4666666666666667
226,0.021099835634231567,0.020343525521457195,0.7563101371129354,0.024617120623588562,0.525
227,0.02577382835249106,0.02488658813138803,0.8872400085131328,0.030625756829977036,0.4083333333333333
228,0.02511613940199216,0.02406772437194983,1.048415227731069,0.02351156435906887,0.48333333333333334
229,0.023401479795575143,0.022407874961694083,0.9936044653256734,0.01891925372183323,0.5166666666666667
230,0.022311535353461903,0.02144639566540718,0.8651394645373026,0.022143151611089706,0.55
231,0.020705625911553702,0.019922591373324396,0.7830343008041382,0.017915530130267143,0.5
232,0.021128868808348973,0.020314271003007887,0.8145977457364401,0.021546749398112297,0.4666666666666667
233,0.02163889283935229,0.020761667812863985,0.877225108941396,0.019887812435626984,0.475
234,0.020730280255277952,0.019878198330601057,0.8520821491877238,0.01877584308385849,0.5083333333333333
235,0.021682032321890195,0.02084936828662952,0.8326640208562215,0.02294198051095009,0.5666666666666667
236,0.025011078764994938,0.02393318054576715,1.0778980692227682,0.020303986966609955,0.425
237,0.0223500224451224,0.02152328019340833,0.8267421881357829,0.024651087820529938,0.525
238,0.02167070818444093,0.020884926368792852,0.7857819318771362,0.018843762576580048,0.45
239,0.021956118941307067,0.021178121988972027,0.7779968897501628,0.024288291111588478,0.55
240,0.025678090999523798,0.024832167973121006,0.8459230502446492,0.020569154992699623,0.4666666666666667
241,0.021680386488636336,0.020885890598098436,0.7944960474967957,0.02426239475607872,0.43333333333333335
242,0.02232985074321429,0.02153555229306221,0.794298521677653,0.01802629604935646,0.55
243,0.022222432618339855,0.021437927583853402,0.7845048626263936,0.02520914375782013,0.4583333333333333
244,0.024875424429774286,0.02390594327201446,0.9694809238115947,0.02274889312684536,0.5083333333333333
245,0.023595653971036277,0.02278186356027921,0.813790500164032,0.017791062593460083,0.49166666666666664
246,0.02217192326982816,0.021383556723594665,0.7883666237195333,0.025631437078118324,0.48333333333333334
247,0.023364293078581493,0.022472915053367615,0.8913779417673747,0.023618059232831,0.49166666666666664
248,0.02312816195189953,0.022289336348573368,0.8388253291447957,0.020500686019659042,0.4666666666666667
249,0.021070647860566775,0.020267990604043006,0.8026573061943054,0.018278317525982857,0.5166666666666667
250,0.023057340209682784,0.022257620096206666,0.7997203628222148,0.021187052130699158,0.5416666666666666
251,0.02142887550095717,0.020641975353161493,0.7869000315666199,0.02027128078043461,0.475
252,0.02246127724647522,0.021554237604141234,0.9070394277572632,0.019737577065825462,0.5166666666666667
253,0.024405676499009134,0.02341789168616136,0.9877846797307333,0.02376341074705124,0.48333333333333334
254,0.02160458949704965,0.02069330190618833,0.9112875858942667,0.017516808584332466,0.48333333333333334
255,0.022948031748334565,0.02199957755704721,0.9484538952509562,0.019301701337099075,0.44166666666666665
256,0.021474122752745947,0.020593744764725367,0.880377984046936,0.026214897632598877,0.49166666666666664
257,0.023016040896375975,0.022095809504389764,0.9202313780784607,0.024385526776313782,0.48333333333333334
258,0.023566778749227524,0.02272993673880895,0.8368419607480367,0.032296158373355865,0.4583333333333333
259,0.023567873301605383,0.022770432693262895,0.7974406798680623,0.02498306706547737,0.4
260,0.027915123353401818,0.027005602543552717,0.9095208009084066,0.027752431109547615,0.525
261,0.02447509045402209,0.02343927472829819,1.0358156363169353,0.018850168213248253,0.49166666666666664
262,0.021426478400826454,0.020620296771327654,0.8061815500259399,0.02238263376057148,0.4666666666666667
263,0.02394468126197656,0.023059655353426932,0.8850259582201639,0.019257603213191032,0.575
264,0.023327306906382243,0.022469975302616754,0.8573315262794494,0.024236509576439857,0.5333333333333333
265,0.024579616884390514,0.02371107426782449,0.8685424089431762,0.02081190049648285,0.49166666666666664
266,0.022388696173826852,0.021582735950748125,0.8059605161348978,0.028239600360393524,0.475
267,0.022731665149331094,0.021965071062246957,0.7665941754976908,0.024485435336828232,0.475
268,0.022528822347521783,0.021691121036807696,0.8377012411753336,0.019245343282818794,0.475
269,0.02246679216623306,0.021651994436979294,0.8147976835568745,0.02316942997276783,0.44166666666666665
270,0.023351901148756345,0.022459595277905465,0.8923056284586589,0.02740132436156273,0.5666666666666667
271,0.027496717870235443,0.026652036483089128,0.8446815450986226,0.02295687608420849,0.43333333333333335
272,0.024842459335923196,0.023960732296109198,0.8817268927892049,0.017214016988873482,0.5083333333333333
273,0.024166593700647353,0.02330529528359572,0.8612984538078308,0.025600258260965347,0.48333333333333334
274,0.021530266602834067,0.020720528376599153,0.8097381393114725,0.027711227536201477,0.55
275,0.024750457207361857,0.023728747045000394,1.021710169315338,0.020257048308849335,0.5166666666666667
276,0.024107680842280387,0.023078573495149614,1.0291072964668273,0.01686636358499527,0.525
277,0.02323472686111927,0.022289066140850387,0.9456607739130656,0.022992920130491257,0.5416666666666666
278,0.023288643856843313,0.0223543598006169,0.9342840154965718,0.0223162230104208,0.4666666666666667
279,0.025440693149964014,0.024471059938271842,0.9696332852045695,0.02085026726126671,0.38333333333333336
280,0.024290532742937406,0.023359366257985435,0.9311662713686625,0.02041516825556755,0.5
281,0.024050394942363103,0.023137849196791647,0.9125456651051839,0.021992778405547142,0.45
282,0.025911191726724306,0.024973915765682857,0.9372762799263,0.018768055364489555,0.39166666666666666
283,0.022627292573451994,0.02181829052666823,0.8090022484461467,0.021588731557130814,0.4083333333333333
284,0.02244576575855414,0.021620429369310537,0.8253364086151123,0.024701746180653572,0.43333333333333335
285,0.02128978818655014,0.020482500145832697,0.8072879751523335,0.019467582926154137,0.44166666666666665
286,0.022438831875721613,0.021537122130393983,0.9017096837361653,0.021813368424773216,0.45
287,0.023440040772159894,0.022516835108399393,0.9232057094573974,0.021478762850165367,0.5333333333333333
288,0.022073181346058846,0.021260463818907737,0.8127175490061442,0.03192621469497681,0.5416666666666666
289,0.024712302908301353,0.023725123579303422,0.9871792157491048,0.021957846358418465,0.39166666666666666
290,0.022266199191411335,0.021457051672041417,0.8091474056243897,0.02196095697581768,0.525
291,0.022354711964726447,0.021434197947382928,0.9205139954884847,0.018500084057450294,0.5083333333333333
292,0.020954815298318864,0.020098831752936044,0.8559834639231364,0.023211363703012466,0.5166666666666667
293,0.023119266455372173,0.022228788087765374,0.8904784957567851,0.030635587871074677,0.45
294,0.02049083560705185,0.01970381314555804,0.7870223999023438,0.028793027624487877,0.5083333333333333
295,0.023198250929514566,0.022257708509763083,0.9405423363049825,0.025612356141209602,0.39166666666666666
296,0.022629244501392046,0.021675684923926988,0.9535595575968424,0.025879165157675743,0.49166666666666664
297,0.02344675064086914,0.02257774186631044,0.8690088391304016,0.029296860098838806,0.4666666666666667
298,0.023016808306177458,0.022181160499652228,0.8356476545333862,0.023199154064059258,0.49166666666666664
299,0.022279361014564833,0.021275140903890134,1.0042199889818828,0.02068370394408703,0.49166666666666664
300,0.023095149298508963,0.02197176739573479,1.1233819603919983,0.021445423364639282,0.5083333333333333
301,0.02218985420962175,0.02115577521423499,1.0340789039929708,0.023751866072416306,0.5166666666666667
302,0.02098734596123298,0.020103105033437412,0.8842406908671061,0.02441621571779251,0.525
303,0.021568065509200096,0.020704864338040353,0.8632012605667114,0.028916331008076668,0.44166666666666665
304,0.022987140466769536,0.022183518732587497,0.803621788819631,0.026160715147852898,0.45
305,0.024821009362737338,0.023940973728895188,0.8800356109937032,0.026318585500121117,0.4166666666666667
306,0.0235053808738788,0.02272937521338463,0.7760054190953573,0.028286995366215706,0.375
307,0.026184886197249093,0.025321661432584127,0.8632248719533284,0.024247463792562485,0.4666666666666667
308,0.024120630944768587,0.023151742294430733,0.9688887238502503,0.019247936084866524,0.5916666666666667
309,0.024048496161897977,0.0231722808132569,0.8762151757876079,0.019029896706342697,0.4583333333333333
310,0.022083319847782452,0.021209725985924403,0.8735936880111694,0.024494299665093422,0.49166666666666664
311,0.023220536982019743,0.022368014852205912,0.8525219082832336,0.020529713481664658,0.5083333333333333
312,0.020182327677806217,0.019383081297079722,0.799246605237325,0.022959694266319275,0.525
313,0.021150942146778106,0.02038273960351944,0.7682024439175924,0.019694022834300995,0.4166666666666667
314,0.024315182492136954,0.023420045524835585,0.8951369285583496,0.025246484205126762,0.4583333333333333
315,0.02261860656241576,0.02173700158794721,0.8816050529479981,0.018108587712049484,0.5166666666666667
316,0.019415749919911227,0.018688259460031987,0.7274903376897176,0.01875816099345684,0.45
317,0.021242663885156315,0.020424112429221472,0.8185515165328979,0.023459523916244507,0.44166666666666665
318,0.024288265407085417,0.023460381602247556,0.8278838356335958,0.02178121730685234,0.5083333333333333
319,0.02498496708770593,0.02413846937318643,0.8464977582295735,0.023760223761200905,0.5083333333333333
320,0.024853498116135596,0.023821006094415984,1.0324919939041137,0.024979136884212494,0.44166666666666665
321,0.02384038803478082,0.02297650414208571,0.8638836741447449,0.021867357194423676,0.5166666666666667
322,0.022699282442529996,0.02189461203912894,0.8046703060468038,0.019421599805355072,0.49166666666666664
323,0.023210635781288146,0.022397448619206745,0.813187305132548,0.037349313497543335,0.44166666666666665
324,0.02667769566178322,0.025833634908000627,0.8440606474876404,0.027981508523225784,0.4166666666666667
325,0.026063994069894156,0.025171118850509325,0.8928752422332764,0.019604647532105446,0.5583333333333333
326,0.025222964212298395,0.024340340743462245,0.882623024781545,0.02293379418551922,0.5166666666666667
327,0.025465219964583716,0.02458768126865228,0.8775384426116943,0.02121073380112648,0.475
328,0.02081738996009032,0.020032152036825814,0.7852379242579143,0.029029404744505882,0.5
329,0.02406409444908301,0.0231365700562795,0.9275244037310283,0.024795733392238617,0.5083333333333333
330,0.023493697866797447,0.022443688909212747,1.050008753935496,0.021262511610984802,0.48333333333333334
331,0.020988725870847703,0.020182297999660172,0.8064275701840719,0.026079781353473663,0.5166666666666667
332,0.02295848950743675,0.02207936110595862,0.8791284680366516,0.027255211025476456,0.5
333,0.022895848006010057,0.02202434092760086,0.8715070207913717,0.021539993584156036,0.4666666666666667
334,0.02204265110194683,0.021181649093826613,0.8610020319620768,0.019821161404252052,0.5583333333333333
335,0.021185077230135598,0.020385218660036723,0.7998584429423015,0.018441107124090195,0.44166666666666665
336,0.020960868149995805,0.020123100404938064,0.8377676884333293,0.02294900268316269,0.4666666666666667
337,0.02307221901913484,0.02217703821758429,0.8951809485753377,0.0204889178276062,0.5333333333333333
338,0.023885977144042652,0.022941206643978754,0.9447704553604126,0.020856790244579315,0.49166666666666664
339,0.022470333675543467,0.02153588756918907,0.9344459732373556,0.02142058126628399,0.5083333333333333
340,0.023072266951203346,0.02214692085981369,0.9253459533055624,0.022916646674275398,0.5333333333333333
341,0.021650885169704755,0.020721768463651338,0.9291169285774231,0.022640390321612358,0.45
342,0.022984736909468968,0.022011970231930415,0.9727665781974792,0.029478443786501884,0.44166666666666665
343,0.023216281458735465,0.022305756869415442,0.9105243762334188,0.02190418355166912,0.475
344,0.020089817295471827,0.019274070858955383,0.8157466292381287,0.0221742931753397,0.5583333333333333
345,0.023080720628301302,0.022164644176761308,0.9160762747128804,0.025482410565018654,0.49166666666666664
346,0.028382735947767895,0.027466745053728422,0.9159908652305603,0.02443264052271843,0.4083333333333333
347,0.024116774275898933,0.023266560584306716,0.8502136786778768,0.017685621976852417,0.5333333333333333
348,0.026023067037264504,0.025202208509047825,0.8208586414655049,0.023842213675379753,0.38333333333333336
349,0.022013507783412933,0.02112821750342846,0.8852904041608175,0.02247554063796997,0.48333333333333334
350,0.020394410565495492,0.019594230130314826,0.8001803596814473,0.021148204803466797,0.43333333333333335
351,0.022451203813155494,0.021619975194334985,0.8312283515930176,0.02823779731988907,0.5
352,0.022618475432197253,0.02181607869764169,0.8023967862129211,0.023429730907082558,0.5
353,0.0225965041667223,0.021757131442427635,0.8393728454907735,0.021493256092071533,0.4583333333333333
354,0.023030124480525653,0.0221134964376688,0.9166278004646301,0.024328943341970444,0.525
355,0.022644178320964176,0.021760131418704986,0.8840468724568685,0.02295907773077488,0.5666666666666667
356,0.0227917222927014,0.02182513102889061,0.9665910800298055,0.024018196389079094,0.5583333333333333
357,0.024188410739103952,0.02301997827986876,1.168432323137919,0.02259245328605175,0.43333333333333335
358,0.024367988233764966,0.023447588148216406,0.9203999042510986,0.022726725786924362,0.4166666666666667
359,0.023767315472165745,0.022705665354927382,1.061649986108144,0.02148059569299221,0.525
360,0.020635804906487466,0.019820086471736432,0.8157183845837911,0.02280220203101635,0.4666666666666667
361,0.021679707119862238,0.02083498996992906,0.8447169780731201,0.019516021013259888,0.49166666666666664
362,0.02045137993991375,0.019631576041380563,0.819803782304128,0.022786857560276985,0.43333333333333335
363,0.024249067654212315,0.023470917095740635,0.7781506896018981,0.020243776962161064,0.4666666666666667
364,0.021736156567931174,0.020926576976974805,0.8095794240633647,0.022781947627663612,0.5333333333333333
365,0.02079981453716755,0.019952637081344923,0.8471774379412333,0.025284621864557266,0.5166666666666667
366,0.021141112595796586,0.020341071238120397,0.8000414729118347,0.022322816774249077,0.425
367,0.020671194791793822,0.019895758479833603,0.7754363934199016,0.022737283259630203,0.49166666666666664
368,0.022421406706174214,0.021534791837135952,0.8866146564483642,0.021162819117307663,0.4666666666666667
369,0.023088399196664493,0.022233639905850092,0.8547593394915263,0.027384987100958824,0.4583333333333333
370,0.024116934711734452,0.023195382331808408,0.9215522964795431,0.020723365247249603,0.5083333333333333
371,0.02465289980173111,0.02377955379585425,0.8733458757400513,0.021891791373491287,0.49166666666666664
372,0.024053245410323144,0.023128528147935867,0.9247170607248942,0.019997823983430862,0.4166666666666667
373,0.023681526258587837,0.02289744404455026,0.78408229748408,0.02330666035413742,0.475
374,0.025210622201363244,0.024339428171515465,0.8711941679318745,0.02316541224718094,0.39166666666666666
375,0.02146624301870664,0.020575216660896938,0.8910262028376261,0.02038629539310932,0.425
376,0.020259316762288412,0.019510918917755287,0.7483979980150859,0.023144714534282684,0.39166666666666666
377,0.01998001808921496,0.019172027086218197,0.8079909125963847,0.020051755011081696,0.5166666666666667
378,0.02117297388613224,0.020362446581323943,0.8105272054672241,0.01973990723490715,0.4666666666666667
379,0.022664036974310874,0.02172129452228546,0.9427426377932231,0.022403903305530548,0.425
380,0.022404508913556734,0.021527179951469102,0.8773289759953816,0.023129751905798912,0.43333333333333335
381,0.024101701751351356,0.023198416580756505,0.9032852252324423,0.028610164299607277,0.5416666666666666
382,0.02314314730465412,0.022324112554391224,0.819034469127655,0.03360425680875778,0.4583333333333333
383,0.023959327861666678,0.023176399742563566,0.7829283038775127,0.023519989103078842,0.5083333333333333
384,0.02077905759215355,0.02002294696867466,0.7561105171839396,0.021437542513012886,0.425
385,0.02114096184571584,0.02031922315557798,0.8217387398084005,0.0277315191924572,0.43333333333333335
386,0.020813663552204768,0.019991678868730864,0.8219846487045288,0.02667592279613018,0.5
387,0.024223553761839867,0.023357972378532092,0.8655813972155253,0.02581140026450157,0.4
388,0.01997038008024295,0.019200119376182555,0.7702605724334717,0.02714613825082779,0.45
389,0.020282332847515742,0.01946090962737799,0.8214228749275208,0.018836135044693947,0.425
390,0.02015735227614641,0.019398592474559943,0.7587597171465555,0.02408739924430847,0.5083333333333333
391,0.021141713981827102,0.02035009376704693,0.7916203061739604,0.023076890036463737,0.44166666666666665
392,0.021271889780958494,0.020478913684686025,0.7929760098457337,0.032411523163318634,0.44166666666666665
393,0.022875113785266875,0.022092608362436296,0.7825052777926127,0.032821234315633774,0.4083333333333333
394,0.02107287837813298,0.02029723214606444,0.7756463130315144,0.027580080553889275,0.49166666666666664
395,0.02365757500131925,0.02267765042682489,0.9799246668815613,0.019999081268906593,0.475
396,0.02119160406291485,0.02040475308895111,0.7868506709734598,0.021226931363344193,0.4583333333333333
397,0.020359714639683564,0.01957463063299656,0.78508407274882,0.020653098821640015,0.6166666666666667
398,0.020310344981650512,0.019511673599481583,0.7986713171005249,0.035985782742500305,0.475
399,0.020195534142355125,0.019364515071113905,0.831018869082133,0.02438952401280403,0.43333333333333335
400,0.02326381467282772,0.022438262154658637,0.825552519162496,0.02324354276061058,0.4583333333333333
401,0.024665463467439017,0.02372431183854739,0.9411512931187948,0.030302656814455986,0.5
402,0.026120290036002795,0.02511414885520935,1.0061413208643595,0.04337847977876663,0.4
403,0.031047363579273225,0.03003169670701027,1.0156668464342753,0.02321009337902069,0.44166666666666665
404,0.026011292760570844,0.025139609848459563,0.8716825763384501,0.02555876597762108,0.4083333333333333
405,0.022522054488460223,0.0217624481767416,0.7596063892046611,0.02505967579782009,0.4
406,0.02126752771437168,0.02043414314587911,0.833384652932485,0.02529669739305973,0.475
407,0.02186427265405655,0.020910197061796983,0.9540759245554606,0.02327781170606613,0.4
408,0.02301257736980915,0.022121039777994157,0.8915376901626587,0.020882125943899155,0.4083333333333333
409,0.02173584575454394,0.02086099690447251,0.874848747253418,0.021324483677744865,0.45
410,0.021410708501935004,0.02059054411947727,0.8201643387476604,0.0210135318338871,0.48333333333333334
411,0.019196521304547787,0.01844393207381169,0.7525892535845439,0.02091739885509014,0.48333333333333334
412,0.021477395296096803,0.0206307506809632,0.8466445843378703,0.023944834247231483,0.4666666666666667
413,0.024485647802551587,0.023596014579137167,0.8896331230799357,0.031405407935380936,0.4
414,0.023043515657385192,0.022237693518400194,0.8058222730954488,0.026498286053538322,0.43333333333333335
415,0.021523474281032882,0.020757156983017923,0.7663172761599223,0.025687413290143013,0.425
416,0.02068521616359552,0.01990805013726155,0.7771659851074219,0.03011336177587509,0.4
417,0.020479316947360833,0.019725237290064493,0.7540795683860779,0.02110641822218895,0.5166666666666667
418,0.02165602184832096,0.020868102709452312,0.7879191398620605,0.02715441770851612,0.49166666666666664
419,0.02265566252171993,0.021569466963410378,1.0861956000328064,0.02464686520397663,0.45
420,0.024787611638506252,0.02394301804403464,0.8445933222770691,0.02550174668431282,0.45
421,0.02198477474351724,0.02112369475265344,0.8610800862312317,0.021285707131028175,0.475
422,0.022807605440417926,0.02187339079876741,0.9342146317164103,0.023411840200424194,0.4666666666666667
423,0.019879222909609476,0.019134595679740112,0.7446270863215129,0.02002963237464428,0.48333333333333334
424,0.021613115444779396,0.020797047515710196,0.8160678307215373,0.02353072538971901,0.48333333333333334
425,0.02455983546872934,0.023752097909649213,0.8077375332514445,0.019315093755722046,0.4583333333333333
426,0.02143740840256214,0.020654306809107462,0.783101495107015,0.018834270536899567,0.5583333333333333
427,0.02214441616088152,0.02137027314553658,0.7741430521011352,0.02000257559120655,0.4583333333333333
428,0.021151056264837584,0.020363749315341313,0.7873068610827129,0.02051939070224762,0.4583333333333333
429,0.020645633960763615,0.0197825912386179,0.8630427877108257,0.024658482521772385,0.4583333333333333
430,0.021234116330742837,0.020433489481608072,0.8006268421808879,0.03357534483075142,0.4666666666666667
431,0.022527338564395906,0.021580480970442295,0.946857480208079,0.02415342442691326,0.4
432,0.024588349213202795,0.023762107267975806,0.8262418429056804,0.030525920912623405,0.525
433,0.025286785885691644,0.024337967361013093,0.9488185087839762,0.02474207431077957,0.5833333333333334
434,0.02123609942694505,0.02033232239385446,0.9037770430246989,0.028991341590881348,0.5083333333333333
435,0.022961846366524697,0.02217182479798794,0.7900215903917949,0.021230971440672874,0.55
436,0.023884468153119086,0.022914042882621288,0.9704251845677694,0.025692464783787727,0.5
437,0.02772099388142427,0.026733225459853807,0.9877681652704875,0.028750289231538773,0.48333333333333334
438,0.022802945226430893,0.021920454253753028,0.8824911117553711,0.026242326945066452,0.4583333333333333
439,0.020841183016697566,0.020043850814302763,0.7973321636517843,0.019297026097774506,0.44166666666666665
440,0.02108387549718221,0.020267675320307415,0.8162000298500061,0.022631652653217316,0.39166666666666666
441,0.02099853480855624,0.020184962637722494,0.8135724067687988,0.01837972365319729,0.5416666666666666
442,0.021731447738905747,0.020917021172742047,0.8144265691439311,0.021782325580716133,0.43333333333333335
443,0.019865702154735723,0.019162512881060443,0.7031892140706381,0.021713372319936752,0.45
444,0.02122101883093516,0.020473880196611085,0.7471384803454081,0.020238347351551056,0.5416666666666666
445,0.02221196802953879,0.0214829591413339,0.7290086706479391,0.028057044371962547,0.4166666666666667
446,0.023722218349575996,0.02285387317339579,0.8683452248573303,0.02688741497695446,0.4583333333333333
447,0.021715871865550677,0.02086985136071841,0.8460203289985657,0.02833927609026432,0.4666666666666667
448,0.02572858159740766,0.02493167743086815,0.7969039638837179,0.022937998175621033,0.5916666666666667
449,0.021916603172818818,0.021143043289581935,0.7735598921775818,0.022341426461935043,0.5416666666666666
450,0.02181357257068157,0.02105697492758433,0.7565977573394775,0.021981501951813698,0.4666666666666667
451,0.02189709370334943,0.021035782371958096,0.8613112727801006,0.02468004822731018,0.5
452,0.021939003467559816,0.021080325295527776,0.8586784601211548,0.019114334136247635,0.575
453,0.020286862427989643,0.01952645226071278,0.7604100386301677,0.021808290854096413,0.5
454,0.019862928117314976,0.019081119944651923,0.7818082213401795,0.022402752190828323,0.4083333333333333
455,0.01985201475520929,0.019050415915747482,0.8015989025433858,0.024467315524816513,0.4666666666666667
456,0.020244462974369527,0.01947695209334294,0.7675106088320415,0.028985757380723953,0.4166666666666667
457,0.024637020006775857,0.02380108932654063,0.8359304388364156,0.01979147456586361,0.5583333333333333
458,0.02048657350242138,0.01975602557261785,0.7305478572845459,0.021310754120349884,0.525
459,0.023341208013395467,0.022504223883152007,0.836983835697174,0.020759345963597298,0.5583333333333333
460,0.02165181872745355,0.020825197671850523,0.8266211152076721,0.02187109924852848,0.575
461,0.02439007299641768,0.023593415816624958,0.7966571807861328,0.0330110564827919,0.45
462,0.028191933408379555,0.027189228187004724,1.002705486615499,0.0269487202167511,0.575
463,0.022888410836458206,0.022031688255568345,0.8567226568857829,0.02118777111172676,0.48333333333333334
464,0.021618679290016492,0.02068937545021375,0.929303749402364,0.03238658979535103,0.45
465,0.021547056610385577,0.02071880822380384,0.8282482822736105,0.024486906826496124,0.4666666666666667
466,0.02366674318909645,0.022748867919047674,0.9178752978642781,0.019876202568411827,0.5166666666666667
467,0.024124532689650854,0.02320354481538137,0.9209879597028097,0.021199645474553108,0.36666666666666664
468,0.02143965388337771,0.020611287280917167,0.8283663988113403,0.023680750280618668,0.4583333333333333
469,0.022180251218378542,0.021322137614091238,0.858113439877828,0.02413742057979107,0.5333333333333333
470,0.021219517414768536,0.0204161673784256,0.8033499677975973,0.021137814968824387,0.45
471,0.0213339248051246,0.020517151430249216,0.8167731920878093,0.03317862004041672,0.4083333333333333
472,0.023009399448831878,0.02212272013227145,0.886679450670878,0.024832678958773613,0.4083333333333333
473,0.02241460649917523,0.02155675950149695,0.857846995194753,0.02297595888376236,0.5
474,0.021353507166107497,0.020479236046473184,0.8742709676424663,0.02415407821536064,0.38333333333333336
475,0.02127954177558422,0.020443939914306004,0.8356019059816996,0.02264658734202385,0.48333333333333334
476,0.02135148240874211,0.020510741136968137,0.8407411734263103,0.02848687954246998,0.5666666666666667
477,0.020322619130214055,0.01957126719256242,0.7513517300287883,0.02667253464460373,0.44166666666666665
478,0.022431668018301328,0.02167418897151947,0.7574788292249044,0.026906227692961693,0.5083333333333333
479,0.022137131045262017,0.021262977023919424,0.8741536935170492,0.031122451648116112,0.48333333333333334
480,0.02097602648039659,0.0201325345163544,0.8434918204943339,0.02525823935866356,0.475
481,0.022301864996552467,0.021325581272443137,0.9762837767601014,0.026694055646657944,0.4666666666666667
482,0.022071305538217227,0.021210696920752524,0.8606085697809855,0.025909099727869034,0.4083333333333333
483,0.02073888878027598,0.01988106034696102,0.8578281720479329,0.02439187653362751,0.4666666666666667
484,0.0211338904996713,0.020245515927672385,0.8883746425310771,0.026285694912075996,0.475
485,0.02097102242211501,0.020046745116511982,0.924277396996816,0.02092127688229084,0.5
486,0.01974424235522747,0.01895531838138898,0.7889239390691122,0.02915707789361477,0.48333333333333334
487,0.01963341931502024,0.01884254819403092,0.7908708731333415,0.021848101168870926,0.49166666666666664
488,0.020147271205981573,0.019345256313681603,0.8020147522290547,0.027652204036712646,0.48333333333333334
489,0.02212657630443573,0.021221571415662766,0.905004870891571,0.03122037649154663,0.375
490,0.02107075701157252,0.02019635811448097,0.8743988275527954,0.024512972682714462,0.4083333333333333
491,0.020082991446057956,0.019297774756948154,0.7852165659268697,0.032979968935251236,0.5166666666666667
492,0.02121348132689794,0.020393783350785573,0.8196982860565185,0.030824532732367516,0.425
493,0.022239137068390848,0.02146401032805443,0.7751268227895101,0.02321840450167656,0.48333333333333334
494,0.020364746265113354,0.01959012057632208,0.7746254920959472,0.02329319342970848,0.5166666666666667
495,0.0197433573504289,0.018985403701663017,0.7579535841941833,0.031690310686826706,0.5166666666666667
496,0.021988228087623914,0.021153773864110312,0.8344542463620503,0.023108206689357758,0.4666666666666667
497,0.020756057649850845,0.019969039658705393,0.7870181560516357,0.027538485825061798,0.5083333333333333
498,0.023156011725465456,0.022346945852041243,0.809065846602122,0.031204521656036377,0.43333333333333335
499,0.02219750446577867,0.02139473147690296,0.8027728239695231,0.023163016885519028,0.5166666666666667
500,0.023410214421649773,0.022539027656118076,0.8711866060892741,0.02546590566635132,0.44166666666666665
