epoch,train_loss,mse_loss,trend_loss,val_mse,val_mae,val_trend_acc
0,0.2086400936047236,0.18623986343542734,22.400228850046794,0.03586092218756676,0.14806656539440155,0.5625
1,0.026562573264042537,0.020159879264732204,6.402693780263265,0.031067553907632828,0.12375278025865555,0.4375
2,0.012656701418260733,0.008723150783528885,3.933550564448039,0.01742742396891117,0.08584699034690857,0.4583333333333333
3,0.00852805000419418,0.005430057800064485,3.0979920387268067,0.014653756283223629,0.08050566166639328,0.5208333333333334
4,0.005727855022996664,0.003655662309999267,2.0721926212310793,0.013781930319964886,0.07374740391969681,0.4375
5,0.0047012922509262955,0.003020307561382651,1.680984656016032,0.013021690770983696,0.06912992894649506,0.3958333333333333
6,0.0039704107834647095,0.002547113643959165,1.4232970635096232,0.012300231494009495,0.06635638326406479,0.4375
7,0.003650353926544388,0.0024070913049702844,1.2432625810305278,0.012305879965424538,0.06551774591207504,0.4375
8,0.0034778934127340714,0.002317905829598506,1.1599875132242838,0.011743217706680298,0.06692830473184586,0.3958333333333333
9,0.0031081504343698422,0.0020145579474046826,1.093592377503713,0.01142172608524561,0.062428977340459824,0.5833333333333334
10,0.0030213193657497566,0.0019070401942978302,1.1142791191736856,0.010927458293735981,0.063315249979496,0.375
11,0.003115590785940488,0.0019223202213955422,1.1932705084482829,0.010851549915969372,0.062030255794525146,0.4791666666666667
12,0.002989907003939152,0.0018621457275003195,1.1277611653010051,0.011141368187963963,0.06363999843597412,0.4583333333333333
13,0.002976175832251708,0.0018547746740902463,1.1214010993639627,0.010523142293095589,0.05972515419125557,0.4791666666666667
14,0.0027218322114398084,0.0017208279420932134,1.0010042389233906,0.010306771844625473,0.06115191429853439,0.5625
15,0.0029638522770255803,0.0018078380497172474,1.1560141523679097,0.01052147801965475,0.06133637577295303,0.4791666666666667
16,0.002859251045932372,0.0017334335134364665,1.1258174697558085,0.010857732966542244,0.05949064716696739,0.4583333333333333
17,0.0026855568711956343,0.0016898913658224047,0.9956654628117879,0.009773727506399155,0.05836023390293121,0.5416666666666666
18,0.0027797684849550325,0.0017781930199513832,1.0015754302342732,0.01045110821723938,0.06085076555609703,0.4583333333333333
19,0.0029236436355859043,0.00178941508444647,1.1342284719149271,0.01055483054369688,0.06184592470526695,0.4166666666666667
20,0.0029897303398077686,0.0017437817916894952,1.2459484577178954,0.010649719275534153,0.05900803580880165,0.5416666666666666
21,0.0029172842701276143,0.001855673175305128,1.061611040433248,0.010144734755158424,0.06133944168686867,0.3333333333333333
22,0.0026462711704274017,0.0016454454938260217,1.0008256395657857,0.009973972104489803,0.05814993754029274,0.5208333333333334
23,0.0028988379441822567,0.0016610595824507375,1.2377782980600993,0.010043308138847351,0.06017627194523811,0.5416666666666666
24,0.002930255218719443,0.0017432156872625151,1.1870395064353942,0.01014184020459652,0.06316713243722916,0.5416666666666666
25,0.003540763289978107,0.0019459674367681146,1.594795791308085,0.01031885389238596,0.05863596126437187,0.5208333333333334
26,0.00332635254599154,0.0020261770502353707,1.300175412495931,0.010474789887666702,0.05901126563549042,0.4791666666666667
27,0.0027770555267731347,0.001606274446627746,1.1707810044288636,0.010970000177621841,0.06041974946856499,0.4791666666666667
28,0.0028282235376536845,0.0017032257746905088,1.1249977032343546,0.010417073033750057,0.05827726423740387,0.5208333333333334
29,0.002981118531897664,0.0017066137632355094,1.2745047489802042,0.010017549619078636,0.05893182009458542,0.5208333333333334
30,0.002929684721554319,0.0017016910404587784,1.2279935995737712,0.010782758705317974,0.06139712780714035,0.4583333333333333
31,0.0029043165501207112,0.0016789503240336975,1.2253661672274272,0.009840136393904686,0.05719224363565445,0.5
32,0.002628852721924583,0.0015959369057479003,1.032915719350179,0.010650398209691048,0.06172535568475723,0.4791666666666667
33,0.0028299959376454353,0.0016252501402050257,1.2047457695007324,0.010331762954592705,0.05818822607398033,0.4375
34,0.0026323687906066578,0.0016424548889820774,0.9899138331413269,0.009713258594274521,0.06012991443276405,0.5
35,0.0031507990633447966,0.0018146429055680832,1.3361560901006062,0.01031187828630209,0.05924112722277641,0.4583333333333333
36,0.0030902868835255503,0.0017363889142870902,1.3538979252179464,0.01038347464054823,0.05954993516206741,0.5416666666666666
37,0.0031629387910167375,0.0017562612891197204,1.406677492459615,0.010107268579304218,0.058186229318380356,0.4791666666666667
38,0.002999274572357535,0.0017145004589110614,1.2847740411758424,0.010533624328672886,0.06195635348558426,0.4791666666666667
39,0.0030716238853832085,0.0016823559689025083,1.3892678419748943,0.009407324716448784,0.05475229024887085,0.5416666666666666
40,0.002843718323856592,0.0017510088548685113,1.0927094141642253,0.009446939453482628,0.05800306797027588,0.5833333333333334
41,0.0025875416041041413,0.0015568095026537777,1.0307320594787597,0.009960263036191463,0.05712791904807091,0.5208333333333334
42,0.002693742901707689,0.001652589968095223,1.041152838865916,0.01017600018531084,0.05793152004480362,0.5
43,0.002258485082226495,0.0014414176888143022,0.8170673529307048,0.010103304870426655,0.06038004532456398,0.4791666666666667
44,0.0029253983094046513,0.001700699763993422,1.224698499838511,0.010709285736083984,0.06271370500326157,0.4583333333333333
45,0.003542284419139226,0.0019153573860724766,1.6269270102183024,0.009377925656735897,0.05828534811735153,0.4583333333333333
46,0.002919711684808135,0.0017408946296200156,1.1788170377413432,0.010074912570416927,0.05885593593120575,0.5208333333333334
47,0.003042551704371969,0.001725500690129896,1.3170509576797484,0.009529748000204563,0.05954819545149803,0.5416666666666666
48,0.0031501222557077805,0.0018118718716626367,1.3382503747940064,0.009271704591810703,0.0566706582903862,0.5625
49,0.002955664290736119,0.0017175994891052446,1.238064742088318,0.011664985679090023,0.06551229953765869,0.4583333333333333
50,0.002829034874836604,0.0017893996244917312,1.039635181427002,0.008991091512143612,0.05833888426423073,0.5833333333333334
51,0.0027489353281756244,0.001665667339693755,1.0832679510116576,0.01009432040154934,0.058867812156677246,0.5833333333333334
52,0.0026423978774497907,0.0016353983121613661,1.0069994926452637,0.009761262685060501,0.059260960668325424,0.5208333333333334
53,0.002896003471687436,0.0016422693113175531,1.2537340958913168,0.00938153825700283,0.05727218836545944,0.4375
54,0.0027364359392474096,0.0016546893360403676,1.0817465821901957,0.009458997286856174,0.05579068139195442,0.375
55,0.002607010661934813,0.001572453750607868,1.0345568577448527,0.009098242036998272,0.05809957534074783,0.5
56,0.0027507804334163666,0.001746573648415506,1.0042067408561706,0.010680940933525562,0.062009040266275406,0.5416666666666666
57,0.002537992876023054,0.0015647052243972818,0.9732876102129618,0.009393276646733284,0.05734485015273094,0.5208333333333334
58,0.002932092236975829,0.001665664246926705,1.2664279341697693,0.009293672628700733,0.05697900801897049,0.4791666666666667
59,0.00322048463858664,0.0018397885529945295,1.3806959946950277,0.008987356908619404,0.05833319202065468,0.5
60,0.002844933234155178,0.0017947450590630372,1.0501881003379823,0.00944566074758768,0.05579603835940361,0.4375
61,0.0027774508266399304,0.0017216478241607546,1.0558029492696126,0.010637776926159859,0.06061124429106712,0.5
62,0.0027870362469305594,0.0017936687761296829,0.9933674256006877,0.009732787497341633,0.0581633485853672,0.4583333333333333
63,0.0035025447917481265,0.0021138027853642902,1.388741946220398,0.008923480287194252,0.05604902282357216,0.4583333333333333
64,0.002737561093332867,0.001688851291934649,1.048709793885549,0.00910439994186163,0.05898104980587959,0.4583333333333333
65,0.002605763201912244,0.0016253673549120626,0.9803958177566529,0.00915210135281086,0.05840778723359108,0.5625
66,0.0027837159112095835,0.0016517647930110494,1.1319510658582053,0.009917560033500195,0.05853278562426567,0.4583333333333333
67,0.0026451576811571914,0.0015825256162012617,1.0626320203145345,0.009057911112904549,0.057516757398843765,0.5625
68,0.0026744593710949023,0.0015307062732366225,1.1437530279159547,0.009494046680629253,0.05588991567492485,0.5416666666666666
69,0.0026047034033884605,0.0015732939859541754,1.0314093351364135,0.009110020473599434,0.05557351931929588,0.3958333333333333
70,0.0025415555108338596,0.0015673888614401222,0.9741666038831075,0.009157100692391396,0.05677090585231781,0.4375
71,0.0025361530094717938,0.0015254947201659283,1.0106582283973693,0.009079458191990852,0.05668892711400986,0.5416666666666666
72,0.0028150008680919805,0.0015603577950969339,1.2546429991722108,0.008790163323283195,0.054988306015729904,0.5833333333333334
73,0.0031303667773803076,0.001950771315023303,1.179595402876536,0.008634043857455254,0.05689477548003197,0.5625
74,0.0037139300877849263,0.00224471929250285,1.4692107637723286,0.009948018938302994,0.05946183204650879,0.4375
75,0.002753664708385865,0.0016202156199142336,1.1334490656852723,0.009388547390699387,0.05612321197986603,0.5416666666666666
76,0.0027741705222676196,0.001675277428391079,1.0988930503527323,0.009098772890865803,0.05935746431350708,0.4791666666666667
77,0.003165206142390768,0.0017249505578850707,1.4402555267016093,0.009728900156915188,0.05991045758128166,0.5
78,0.0028177828217546145,0.0016769148564587037,1.1408678929011027,0.009503723122179508,0.05922865867614746,0.5
79,0.0024962564309438068,0.0015588952306037148,0.9373611370722453,0.00865436252206564,0.05476147681474686,0.5208333333333334
80,0.0029760225986440974,0.00160953631469359,1.3664862314860027,0.0089211231097579,0.05661851167678833,0.4791666666666667
81,0.0030294170835986735,0.0016055838204920292,1.4238332192103067,0.009231013245880604,0.05616056174039841,0.4375
82,0.0027091959957033394,0.0016091224271804095,1.1000734885533652,0.009281001053750515,0.05904611572623253,0.5625
83,0.002772842456276218,0.0016895575371260443,1.083284862836202,0.010565551929175854,0.06484057009220123,0.4583333333333333
84,0.003119360546891888,0.0016642014496028423,1.455159060160319,0.009760691784322262,0.057664044201374054,0.5208333333333334
85,0.0030498622450977563,0.001676523646650215,1.373338532447815,0.008893840946257114,0.057471685111522675,0.5208333333333334
86,0.0029005430949230987,0.0016155209857970476,1.2850220719973247,0.009476426988840103,0.05865742266178131,0.5
87,0.0031701465991015236,0.001669633574783802,1.5005129337310792,0.009072811342775822,0.05792130529880524,0.4583333333333333
88,0.003100480418652296,0.0016651335405185818,1.4353468338648478,0.00926621537655592,0.05571387708187103,0.5208333333333334
89,0.0027799222773561877,0.0015832332389739653,1.1966889778772989,0.008462676778435707,0.053909383714199066,0.5416666666666666
90,0.0031580680515617132,0.001720461753817896,1.4376062194506327,0.008947216905653477,0.054804299026727676,0.5833333333333334
91,0.0027802678601195415,0.0016321377207835516,1.1481301029523214,0.009288041852414608,0.058784469962120056,0.5
92,0.0034298899117857218,0.001798657358934482,1.631232480208079,0.009720602072775364,0.057066358625888824,0.5416666666666666
93,0.003147553124775489,0.00165589750589182,1.4916555643081666,0.009265902452170849,0.057970497757196426,0.4791666666666667
94,0.0026682520750910045,0.0015432587126269937,1.1249933083852133,0.00885756965726614,0.055892884731292725,0.5208333333333334
95,0.002749327477067709,0.0015645426348783076,1.1847847978274026,0.010690190829336643,0.06334937363862991,0.5
96,0.0027523118381698928,0.0017544004639300206,0.9979113101959228,0.00859128125011921,0.05651507526636124,0.5208333333333334
97,0.002752603287808597,0.0016342382257183393,1.1183650016784668,0.00885929074138403,0.05708305910229683,0.5625
98,0.0028665110003203154,0.0017133385563890139,1.1531723936398823,0.009342832490801811,0.05806165933609009,0.5416666666666666
99,0.003054496475184957,0.0018434448478122552,1.2110515832901,0.009731571190059185,0.05903618037700653,0.4375
100,0.002597975319561859,0.0015443296559775868,1.0536455829938254,0.008874206803739071,0.055851541459560394,0.5
101,0.0025330793112516405,0.0015125116721416514,1.0205676396687826,0.009120998904109001,0.05806637555360794,0.5833333333333334
102,0.002827547847603758,0.0016081695483687022,1.2193782210350037,0.008888959884643555,0.0558144636452198,0.5416666666666666
103,0.0025814812009533248,0.0014767708450866242,1.104710324605306,0.009762461297214031,0.05923156440258026,0.625
104,0.0026178155404826004,0.0015427695432056983,1.0750459790229798,0.011306745931506157,0.0684954971075058,0.4375
105,0.002763561997562647,0.001690852261769275,1.0727096756299337,0.009365382604300976,0.06060924008488655,0.4791666666666667
106,0.0026405276109774905,0.0016304014328246315,1.0101261178652445,0.00892279390245676,0.05983854830265045,0.4791666666666667
107,0.003424950549378991,0.001941836633098622,1.4831138332684835,0.009535318240523338,0.06437800079584122,0.4791666666666667
108,0.003482687178378304,0.001904798469816645,1.5778886715571085,0.009508381597697735,0.06171002238988876,0.4791666666666667
109,0.0025500808299208683,0.0015377978328615428,1.0122829357782999,0.009140490554273129,0.059055574238300323,0.625
110,0.00273530394770205,0.0016794678599884112,1.055836017926534,0.009464796632528305,0.06123122200369835,0.4791666666666667
111,0.0028267962392419578,0.001555507816374302,1.2712883392969767,0.009705189615488052,0.06054973229765892,0.5
112,0.0029814849141985176,0.0017254927816490332,1.255992066860199,0.008443896658718586,0.05436321720480919,0.6041666666666666
113,0.0027015142608433963,0.0015752420178614557,1.1262722094853719,0.009092133492231369,0.05676843225955963,0.5208333333333334
114,0.002380000287666917,0.0014311385379793744,0.9488616943359375,0.009166951291263103,0.056680358946323395,0.625
115,0.002508917396577696,0.0015953995908300081,0.9135177652041118,0.009848258458077908,0.05956444516777992,0.5
116,0.003276941226795316,0.001717197763112684,1.5597433725992838,0.009644824080169201,0.059295378625392914,0.5
117,0.0030047033447772264,0.00163224747714897,1.3724558234214783,0.009882930666208267,0.06109142303466797,0.5625
118,0.0027134906655798354,0.0016310757026076316,1.0824149131774903,0.008659984916448593,0.05464347079396248,0.5
119,0.0027112727984786034,0.0015361543279141187,1.1751183946927388,0.008690878748893738,0.056918516755104065,0.5833333333333334
120,0.002780558184410135,0.001589614967815578,1.1909432093302408,0.010345682501792908,0.06338552385568619,0.4791666666666667
121,0.0025828489412864047,0.0014814330148510634,1.1014158884684244,0.008623025380074978,0.054427098482847214,0.5833333333333334
122,0.0026649495276312033,0.0015435137785971165,1.1214356938997905,0.008901402354240417,0.05663716048002243,0.4375
123,0.0027639945037662983,0.0015354461773919561,1.228548232714335,0.009013062343001366,0.057117972522974014,0.5208333333333334
124,0.002570052988206347,0.0015408362805222472,1.0292166868845622,0.009294077754020691,0.058710407465696335,0.4791666666666667
125,0.00288050410648187,0.0017272829388578733,1.1532211303710938,0.00900796614587307,0.05712775141000748,0.5416666666666666
126,0.0025396534086515508,0.0015901182506543896,0.9495351195335389,0.008635086938738823,0.057327184826135635,0.4583333333333333
127,0.0031624458730220794,0.0019779599737375976,1.1844858050346374,0.008986311964690685,0.060271766036748886,0.5416666666666666
128,0.0033040626129756372,0.0018271164735779166,1.4769461035728455,0.008712069131433964,0.05603957176208496,0.5416666666666666
129,0.003067674767225981,0.0017302885341147582,1.337386163075765,0.008957860991358757,0.059770986437797546,0.4375
130,0.0029488148943831523,0.0015394758006247382,1.4093390464782716,0.008943815715610981,0.054904356598854065,0.5625
131,0.0034864559614410004,0.0017052001785486937,1.7812557140986125,0.008808750659227371,0.057817015796899796,0.5416666666666666
132,0.0031047777583201727,0.0016231593287860354,1.4816183845202129,0.009637094102799892,0.06407919526100159,0.5625
133,0.0032981345740457375,0.001749199186451733,1.548935337861379,0.008922168985009193,0.05850662291049957,0.5833333333333334
134,0.002491160606344541,0.0014756126018861929,1.0155479391415914,0.010088382288813591,0.06182632967829704,0.4583333333333333
135,0.0032575554369638363,0.0018241142854094506,1.4334410508473714,0.009111708961427212,0.057865019887685776,0.5416666666666666
136,0.0027522935842474302,0.001577524891278396,1.1747686425844828,0.009803937748074532,0.061545610427856445,0.4791666666666667
137,0.0025644217307368915,0.0015632078827669223,1.001213788986206,0.009340216405689716,0.05860519036650658,0.5208333333333334
138,0.002354577633862694,0.0013968937875082096,0.957683817545573,0.00874774158000946,0.05509999766945839,0.4791666666666667
139,0.002188050110513965,0.0013399260506654779,0.8481240312258402,0.008694169111549854,0.05836685374379158,0.5416666666666666
140,0.002668172090003888,0.0017244267005783816,0.9437453468640645,0.008287446573376656,0.05955054983496666,0.5416666666666666
141,0.0027423924300819637,0.0015454801342760524,1.1969122568766275,0.00859153177589178,0.05719304829835892,0.5833333333333334
142,0.0027636717694501083,0.0015613952341179053,1.2022764603296916,0.009614058770239353,0.060635246336460114,0.4791666666666667
143,0.002462078956887126,0.0014600603259168564,1.0020185669263204,0.00997405219823122,0.06382419914007187,0.4791666666666667
144,0.002828257988827924,0.001737686766621967,1.090571157137553,0.010031317360699177,0.06223462522029877,0.4791666666666667
145,0.0025672868515054384,0.0015018263754124443,1.0654604355494182,0.008850082755088806,0.05794484540820122,0.4791666666666667
146,0.002218470233492553,0.0013613200009179613,0.8571502367655436,0.008989178575575352,0.05771128833293915,0.5
147,0.002561399790768822,0.0015384004296114047,1.0229992707570394,0.009971915744245052,0.062126293778419495,0.4583333333333333
148,0.0027414978792270023,0.001756213465705514,0.9852843681971232,0.010332418605685234,0.0633101537823677,0.4375
149,0.002854855451732874,0.0017348279089977345,1.120027490456899,0.01019049808382988,0.06211138516664505,0.5208333333333334
150,0.0028844227781519294,0.0020005567814223467,0.8838659564654032,0.010390457697212696,0.0639939084649086,0.5416666666666666
151,0.0024726558399076263,0.0015412814410713813,0.9313743273417155,0.009604225866496563,0.06015719100832939,0.6041666666666666
152,0.002478019924213489,0.001535270013846457,0.9427498579025269,0.009499436244368553,0.05890101566910744,0.5625
153,0.0031789866431305804,0.0018580802832730114,1.3209062695503235,0.010019255802035332,0.0621214359998703,0.5625
154,0.0027720192447304726,0.0016565448526913921,1.115474315484365,0.010504933074116707,0.06311140954494476,0.5416666666666666
155,0.0034531256649643184,0.0018216969911009073,1.631428567568461,0.008699905127286911,0.06049618870019913,0.5208333333333334
156,0.003428521410872539,0.00198736908690383,1.4411522547403972,0.008567887358367443,0.061528854072093964,0.4791666666666667
157,0.0031003753809879225,0.0018366473959758878,1.2637279033660889,0.008908448740839958,0.05621898174285889,0.5208333333333334
158,0.002705064710850517,0.0015455072939706345,1.1595573743184409,0.009398735128343105,0.05840874835848808,0.5416666666666666
159,0.002538529341109097,0.0015714831805477539,0.9670461217562357,0.010319066233932972,0.06566998362541199,0.5625
160,0.003230329090729356,0.002063738360690574,1.166590694586436,0.01160117331892252,0.07003819197416306,0.5208333333333334
161,0.0033761256374418734,0.002233237982727587,1.142887552579244,0.011016742326319218,0.06710076332092285,0.5208333333333334
162,0.003860288377230366,0.00276961715426296,1.090671137968699,0.011386213824152946,0.06548725813627243,0.4583333333333333
163,0.0035605365720887978,0.0024150709311167398,1.145465580622355,0.008820167742669582,0.05691169947385788,0.5625
164,0.002567067261164387,0.001509895323154827,1.0571719050407409,0.009178570471704006,0.056819796562194824,0.5625
165,0.002855777864654859,0.0015446853823959828,1.311092452208201,0.010036449879407883,0.06085050478577614,0.5208333333333334
166,0.003031939314678311,0.0017999550909735262,1.2319841782251995,0.008479802869260311,0.05748031288385391,0.5208333333333334
167,0.002983967897792657,0.001831315263795356,1.1526525497436524,0.008527103811502457,0.05536988005042076,0.5416666666666666
168,0.0024159649464612206,0.0015289972885511815,0.8869676192601522,0.009186792187392712,0.05900764837861061,0.4791666666666667
169,0.002351416042074561,0.0014888677978888154,0.8625482161839803,0.008739967830479145,0.05589825287461281,0.5833333333333334
170,0.0024998392133663097,0.0014108576928265394,1.0889814416567485,0.00899442844092846,0.0568850114941597,0.4583333333333333
171,0.0023515289183706047,0.001366016718869408,0.9855121850967408,0.008957987651228905,0.05740659311413765,0.4791666666666667
172,0.0024914461265628535,0.001424886278497676,1.0665597836176555,0.009061990305781364,0.058087024837732315,0.5625
173,0.00237974359964331,0.0014383250769848626,0.9414184768994649,0.008832277730107307,0.056304994970560074,0.5625
174,0.002630021795630455,0.0015659349388442933,1.0640868147214253,0.00974816083908081,0.059631701558828354,0.5416666666666666
175,0.00253720562128971,0.001495091380396237,1.0421142061551412,0.009796404279768467,0.061220213770866394,0.5833333333333334
176,0.0028569698023299377,0.0016576674145956833,1.199302319685618,0.010212491266429424,0.06327243894338608,0.5
177,0.0024399712526549894,0.0014590205663504699,0.9809506416320801,0.009165704250335693,0.05804131552577019,0.5416666666666666
178,0.0025868290724853677,0.001540253342439731,1.046575673421224,0.010547306388616562,0.06285225600004196,0.5833333333333334
179,0.0030910783757766088,0.0018704566018035015,1.2206216971079509,0.010523130185902119,0.06529918313026428,0.4583333333333333
180,0.0027695837275435527,0.0017716951513042053,0.9978885332743327,0.00921714585274458,0.058355532586574554,0.5625
181,0.0027502902783453466,0.0015711202713040015,1.1791699449221293,0.008897362276911736,0.058802977204322815,0.5625
182,0.002792538423091173,0.001600571651943028,1.191966724395752,0.008288813754916191,0.05734490975737572,0.5833333333333334
183,0.0026541233062744142,0.0016165143965433042,1.0376088658968607,0.008913268335163593,0.05877532437443733,0.4791666666666667
184,0.0022442052296052376,0.00136677105523025,0.8774341662724813,0.00924385990947485,0.059710972011089325,0.4791666666666667
185,0.002540094358846545,0.0014308838833433887,1.109210443496704,0.008437070064246655,0.057561084628105164,0.5
186,0.0024815459425250688,0.0015612841622593503,0.9202617446581522,0.008615868166089058,0.060990795493125916,0.5208333333333334
187,0.0030236198954905072,0.0018164961521203319,1.2071236769358318,0.008564677089452744,0.061402156949043274,0.4791666666666667
188,0.002639678368965785,0.0016625464311800897,0.9771318991978963,0.00849849171936512,0.0607956163585186,0.5208333333333334
189,0.0031108711923783024,0.0019061296246945859,1.2047415097554526,0.008921678178012371,0.06366704404354095,0.4583333333333333
190,0.0033456649320820968,0.002088539073398958,1.2571257948875427,0.008451460860669613,0.057697176933288574,0.5416666666666666
191,0.0025929305392007034,0.001534977318563809,1.057953147093455,0.008974077180027962,0.05690895393490791,0.5416666666666666
192,0.0021786627902959784,0.0013673843583092093,0.8112783789634704,0.008959757164120674,0.057182420045137405,0.5208333333333334
193,0.0023600867949426173,0.0014729695045389234,0.8871172547340394,0.009076431393623352,0.0579809807240963,0.5416666666666666
194,0.0025095907350381214,0.0015056240100724003,1.0039666493733723,0.00852093193680048,0.05707744136452675,0.5416666666666666
195,0.002841750454778473,0.0016163006386098763,1.225449788570404,0.009511272422969341,0.0592561811208725,0.5416666666666666
196,0.0026931061797464888,0.0015086914024626215,1.1844147006670633,0.00867471657693386,0.055931154638528824,0.5
197,0.002395352340924243,0.0014149773730120312,0.9803749680519104,0.008576381020247936,0.05677243322134018,0.5
198,0.002385282190516591,0.0014911908850384255,0.894091276327769,0.008459285832941532,0.0579061433672905,0.5625
199,0.0024810410182302197,0.001547478661329175,0.9335623025894165,0.008814435452222824,0.057009708136320114,0.5625
200,0.0025142301650096974,0.0015521650396597881,0.9620650847752888,0.008439650759100914,0.05571173131465912,0.5208333333333334
201,0.00274789622053504,0.0018000398917744557,0.9478563070297241,0.008437620475888252,0.05626024678349495,0.625
202,0.0027494067481408516,0.0017471021662155788,1.0023045539855957,0.009411608800292015,0.05850697308778763,0.5625
203,0.0026427184386799735,0.0015966200192148487,1.0460983673731485,0.009425057098269463,0.05988778546452522,0.5416666666666666
204,0.002452143731837471,0.0014379050931893288,1.0142386118570963,0.009144964627921581,0.062229223549366,0.5208333333333334
205,0.002569221379235387,0.0015576495168109735,1.0115718483924865,0.009375621564686298,0.06025509163737297,0.5833333333333334
206,0.0022947324672713877,0.0014490949339233338,0.8456374923388164,0.008594457060098648,0.05602019280195236,0.5
207,0.0024173604091629387,0.0014889326645061373,0.9284276763598124,0.008920596912503242,0.06046408414840698,0.5625
208,0.0028272219467908146,0.001613796486829718,1.213425381978353,0.00994241051375866,0.06405467540025711,0.5416666666666666
209,0.0029636981586615243,0.0017319282439226906,1.231769855817159,0.0098924171179533,0.06301149725914001,0.4791666666666667
210,0.002912136415640513,0.00172204680275172,1.1900895516077676,0.009210826829075813,0.06195956841111183,0.4791666666666667
211,0.0030938494174430767,0.0016731434191266696,1.4207059303919474,0.008981127291917801,0.05999158322811127,0.5208333333333334
212,0.0023328627071653803,0.0014046864002011717,0.9281762480735779,0.008679242804646492,0.05980456992983818,0.5
213,0.002371841521623234,0.0015789971066017946,0.7928443789482117,0.008284257724881172,0.05508089438080788,0.5208333333333334
214,0.0024971182535712916,0.0016523425389702122,0.8447756369908651,0.00840662233531475,0.0590677373111248,0.625
215,0.0025271686259657144,0.001702785612239192,0.8243829568227132,0.008414668962359428,0.05571223795413971,0.5625
216,0.0025632984004914762,0.0014460102228137353,1.1172881603240967,0.009570673108100891,0.05865232273936272,0.5
217,0.003056582777450482,0.0016403091372922062,1.416273574034373,0.009682080708444118,0.06121014803647995,0.4375
218,0.002705307413513462,0.001438448861396561,1.2668585260709126,0.008816870860755444,0.0574072040617466,0.5
219,0.0024928223884974916,0.0015125489560887217,0.9802733381589254,0.008900080807507038,0.0564996637403965,0.5416666666666666
220,0.003281946604450544,0.0016142484188700716,1.6676980972290039,0.009263841435313225,0.06047849729657173,0.4791666666666667
221,0.002689311366217832,0.0014873562885137895,1.201955008506775,0.008529365062713623,0.0563427209854126,0.4583333333333333
222,0.0029472517625739178,0.0017043546152611573,1.242897097269694,0.009395262226462364,0.05846237391233444,0.5833333333333334
223,0.00249806287077566,0.0015402464816967646,0.9578163246313731,0.009629013016819954,0.06201719492673874,0.6041666666666666
224,0.002378691150806844,0.0014967109231899182,0.8819801727930705,0.009835927747189999,0.06109859049320221,0.5833333333333334
225,0.002123852268171807,0.0012952227882730464,0.8286294380823771,0.008975167758762836,0.05890803411602974,0.4583333333333333
226,0.0023800706025213004,0.0015156626972990732,0.8644078691800435,0.008435012772679329,0.055726781487464905,0.5833333333333334
227,0.002217004867270589,0.00130497421293209,0.9120306054751078,0.008763705380260944,0.05585912615060806,0.5416666666666666
228,0.0027240045989553132,0.0016783576846743622,1.0456468741099039,0.00815129280090332,0.05494147539138794,0.5833333333333334
229,0.0025505755096673966,0.001619510278881838,0.9310651858647664,0.00979536958038807,0.059776321053504944,0.5
230,0.002895495357612769,0.0017686904485647878,1.1268048922220866,0.009901603683829308,0.06251784414052963,0.5
231,0.0026743186637759207,0.0015815271724325915,1.0927914698918662,0.008852549828588963,0.0591503381729126,0.5208333333333334
232,0.002673957923737665,0.0016652385393778482,1.0087193568547568,0.008581382222473621,0.05630015581846237,0.5625
233,0.002538717957213521,0.0015626242966391146,0.9760936180750529,0.00899004377424717,0.06249748542904854,0.5
234,0.002846142773826917,0.0017257853294722735,1.120357382297516,0.009089895524084568,0.05803835391998291,0.5833333333333334
235,0.0023466897507508594,0.00135548289011543,0.9912068128585816,0.008658741600811481,0.057226236909627914,0.5416666666666666
236,0.0024841403278211753,0.001522023141539345,0.9621171514193217,0.008976513519883156,0.05684776231646538,0.5625
237,0.0027902725773553054,0.0018186905110875765,0.97158203125,0.008816874586045742,0.05556552857160568,0.5625
238,0.002868974208831787,0.0018082087199824551,1.0607654452323914,0.00852972362190485,0.05626916140317917,0.5
239,0.0028424421325325966,0.0014723600198825201,1.3700820287068685,0.010020011104643345,0.06316979974508286,0.5208333333333334
240,0.00276438626460731,0.0015221408335492014,1.2422453482945761,0.009306078776717186,0.05698392167687416,0.4583333333333333
241,0.0026321945867190757,0.001482328485387067,1.1498660405476888,0.010253751650452614,0.06171083822846413,0.5208333333333334
242,0.0030266151608278353,0.0015540931412639718,1.472521964708964,0.009641229175031185,0.06251920759677887,0.5
243,0.002421581248442332,0.0014320938188272217,0.9894873778025309,0.00957950484007597,0.05920007452368736,0.5416666666666666
244,0.0026864475104957817,0.0015995840076357126,1.0868634661038716,0.010484118945896626,0.06428682059049606,0.5625
245,0.002411172764065365,0.0014576571450258295,0.9535155812899272,0.00951293669641018,0.061534151434898376,0.5625
246,0.002515276102349162,0.0015803651651367546,0.9349109013875325,0.010706664063036442,0.06548003852367401,0.5
247,0.0030043820074448983,0.0017992338359666368,1.2051481048266093,0.010427098721265793,0.06419144570827484,0.4583333333333333
248,0.0031973768801738817,0.0017502569903930028,1.4471198360125224,0.008653492666780949,0.056471507996320724,0.4166666666666667
249,0.00262625968704621,0.0015014870286298295,1.1247726162274678,0.008707655593752861,0.055970873683691025,0.4583333333333333
250,0.0026821956348915895,0.0015802573955928285,1.1019381761550904,0.008845072239637375,0.05839637294411659,0.5833333333333334
251,0.0026063053868710996,0.0015096883134295544,1.0966169873873393,0.00863980408757925,0.05679451674222946,0.5416666666666666
252,0.0026753179418543974,0.0014571531326510012,1.2181647499402364,0.01025709230452776,0.06396743655204773,0.5208333333333334
253,0.002831151445085804,0.0015650063753128052,1.2661450028419494,0.008965295739471912,0.05840766429901123,0.5625
254,0.0029507084283977745,0.0015190734683225551,1.4316348989804586,0.008475052192807198,0.05799094960093498,0.4375
255,0.002443489106371999,0.0013485322163129846,1.0949568390846252,0.008797849528491497,0.05778304859995842,0.5208333333333334
256,0.002577639588465293,0.0014517000721146662,1.1259394804636638,0.009292838163673878,0.060813143849372864,0.4375
257,0.00237516137616088,0.0013596164722306033,1.01554487546285,0.008435523137450218,0.05567063391208649,0.6458333333333334
258,0.002258816578735908,0.0014321567801137765,0.8266597827275594,0.008406168781220913,0.05840924009680748,0.4791666666666667
259,0.002264415907363097,0.0013456100675587853,0.9188058257102967,0.008415279909968376,0.05661835893988609,0.5833333333333334
260,0.002386113271738092,0.0014613204752095045,0.9247927665710449,0.007920714095234871,0.05541912466287613,0.5833333333333334
261,0.0021919855227073032,0.001379274798091501,0.8127106746037801,0.008805585093796253,0.059850674122571945,0.5416666666666666
262,0.002285363657089571,0.0014057083870284259,0.8796552340189616,0.009270217269659042,0.05861738696694374,0.5
263,0.002307587466202676,0.0013760856896017988,0.9315016984939575,0.008475391194224358,0.055366020649671555,0.625
264,0.002268108267647525,0.0013721911585889758,0.8959170579910278,0.008331259712576866,0.05618538707494736,0.5208333333333334
265,0.002615686816473802,0.0015168086159974337,1.0988781293233236,0.009130268357694149,0.059256333857774734,0.5208333333333334
266,0.0029332632198929786,0.0016364718632151684,1.2967912713686625,0.009982108138501644,0.06296490132808685,0.625
267,0.0029418292765816052,0.0017331316679095228,1.208697537581126,0.00993947684764862,0.06340507417917252,0.5208333333333334
268,0.0026611374535908303,0.0016261888202279806,1.0349485675493877,0.009768487885594368,0.06310174614191055,0.5
269,0.0026364990898097556,0.0014789297672299047,1.1575692335764567,0.009313197806477547,0.06024586409330368,0.4583333333333333
270,0.0024347451981157064,0.0014371061619992058,0.9976390480995179,0.011142652481794357,0.06605790555477142,0.5208333333333334
271,0.002853585205351313,0.0017083814678092797,1.145203709602356,0.008738481439650059,0.05718417465686798,0.4583333333333333
272,0.002356970418865482,0.0014038030019340416,0.9531673947970073,0.008276468142867088,0.05649981275200844,0.5416666666666666
273,0.0021602715831249954,0.001274331445650508,0.8859400828679402,0.008952055126428604,0.058820564299821854,0.5208333333333334
274,0.002279272706558307,0.0013330606937718887,0.9462119499842326,0.009687046520411968,0.06146698817610741,0.5208333333333334
275,0.002253830417369803,0.0013637404694842796,0.8900899211565654,0.00914215948432684,0.05810775235295296,0.625
276,0.0025488931763296327,0.0014335441364285847,1.115348994731903,0.008372354321181774,0.05779726803302765,0.5625
277,0.002372568923359116,0.0013340694014914334,1.0384994705518087,0.008744691498577595,0.06212261691689491,0.4791666666666667
278,0.0025615898349011937,0.0014152797016625603,1.1463100910186768,0.0079931216314435,0.05729593709111214,0.5
279,0.0026327264029532673,0.001579206002255281,1.0535203456878661,0.008172616362571716,0.05697034299373627,0.5208333333333334
280,0.002616869479728242,0.001610988836425046,1.005880586306254,0.00863669253885746,0.058632031083106995,0.5208333333333334
281,0.002503729099407792,0.001525820178600649,0.9779088934262593,0.007867004722356796,0.056745611131191254,0.6041666666666666
282,0.002574840405335029,0.0015070051110039155,1.0678352475166322,0.01014496199786663,0.06252362579107285,0.5208333333333334
283,0.0024100332831343014,0.0014594349816131095,0.9505982637405396,0.008814179338514805,0.05874042212963104,0.5208333333333334
284,0.002491902451341351,0.001639535518673559,0.8523669083913167,0.009235280565917492,0.05979576334357262,0.5416666666666666
285,0.0029112101687739293,0.0015585040596003334,1.3527060508728028,0.009186556562781334,0.0611010417342186,0.5416666666666666
286,0.0029992337183405954,0.001562792695282648,1.436440924803416,0.008215588517487049,0.05769626423716545,0.5625
287,0.002500310253041486,0.0014221873483620585,1.0781228502591451,0.009483006782829762,0.059729091823101044,0.6041666666666666
288,0.002256306353956461,0.00135813911134998,0.8981671889623006,0.0085137989372015,0.05719837173819542,0.4791666666666667
289,0.0024892557722826798,0.0014372619256998102,1.0519937992095947,0.010172468610107899,0.06656935811042786,0.5208333333333334
290,0.002518359494085113,0.0015385341132059694,0.9798253297805786,0.009163704700767994,0.061636049300432205,0.4791666666666667
291,0.0023981109106292328,0.0013896431385849912,1.0084677418073018,0.009640557691454887,0.06377921253442764,0.4375
292,0.0027643903934707246,0.001580344190976272,1.1840461134910583,0.009643183089792728,0.06695079803466797,0.5208333333333334
293,0.0024768911767750978,0.0015116632372761767,0.9652278939882915,0.008522186428308487,0.056790005415678024,0.5208333333333334
294,0.0021333006986727315,0.0012725316065674028,0.8607690493265788,0.008685878477990627,0.06104227527976036,0.5625
295,0.0021345955086871982,0.0012999971979297698,0.8345982750256856,0.009164134040474892,0.06093133985996246,0.4791666666666667
296,0.0026967463083565233,0.0016753745226499935,1.0213717381159464,0.00901010911911726,0.060152873396873474,0.5625
297,0.0023824682692065837,0.0014501654465372364,0.9323027888933818,0.011799375526607037,0.0691414549946785,0.5
298,0.003251930714274446,0.001955951179843396,1.2959794720013937,0.011925199069082737,0.06978781521320343,0.5416666666666666
299,0.0029642427495370307,0.001718296684945623,1.2459459980328877,0.009721986018121243,0.0645611360669136,0.5416666666666666
300,0.002704448951408267,0.001445818191859871,1.25863067706426,0.00875539518892765,0.05934947356581688,0.5625
301,0.002486957182797293,0.0014504618671101828,1.0364952723185221,0.008678585290908813,0.0592636913061142,0.4791666666666667
302,0.003115232925241192,0.0017374410022360583,1.3777918418248494,0.010054225102066994,0.06400436908006668,0.5416666666666666
303,0.0030308119176576534,0.0017296919443955023,1.301119867960612,0.009117898531258106,0.06064758077263832,0.5
304,0.002592051719936232,0.0015449501185988387,1.0471015413602194,0.009038060903549194,0.060436248779296875,0.4583333333333333
305,0.0027526270132511854,0.0015148511699711283,1.2377757946650187,0.008079053834080696,0.058089498430490494,0.5416666666666666
306,0.003054558082173268,0.001808798600298663,1.245759399731954,0.008528877049684525,0.05656292289495468,0.5625
307,0.00284985004303356,0.001757782701558123,1.0920673211415608,0.008237669244408607,0.05833001062273979,0.5625
308,0.0022954522476842007,0.0014146149701749285,0.8808372060457865,0.009299110621213913,0.06331881135702133,0.4583333333333333
309,0.002621717021490137,0.0014106616688271364,1.211055290699005,0.009978864341974258,0.06411123275756836,0.5208333333333334
310,0.002867392124608159,0.0019359633947412173,0.9314287225405375,0.009639937430620193,0.06074583902955055,0.6458333333333334
311,0.0021733087565129,0.0013695371686480939,0.8037715474764506,0.00844673253595829,0.057154130190610886,0.5833333333333334
312,0.0028807587844009203,0.0018020701400625208,1.0786885778109232,0.009219279512763023,0.0613371841609478,0.5208333333333334
313,0.003072067443281412,0.001953549892641604,1.1185175021489462,0.009483607485890388,0.061679139733314514,0.5416666666666666
314,0.0023978442264099916,0.0014446901351523897,0.9531540036201477,0.008153948001563549,0.05605139210820198,0.5
315,0.002398863333898286,0.0014421709114685656,0.956692349910736,0.008247260935604572,0.05799940600991249,0.4791666666666667
316,0.0022141285085429748,0.0013751620659604668,0.8389664014180501,0.008077047765254974,0.05765517055988312,0.5833333333333334
317,0.0021111351903527974,0.0012465347923959296,0.8646003723144531,0.008895684964954853,0.0602136068046093,0.5416666666666666
318,0.0026160419608155885,0.0014906047144904733,1.1254372239112853,0.008761857636272907,0.06211693957448006,0.5208333333333334
319,0.002302515405851106,0.0013456651979746918,0.9568501551946004,0.009618406184017658,0.06374596059322357,0.5208333333333334
320,0.0025283239393805463,0.0014924882833535472,1.035835619767507,0.008534824475646019,0.05850773677229881,0.4583333333333333
321,0.002306248752089838,0.0012980235701737304,1.0082251270612081,0.008768972009420395,0.06022164970636368,0.5833333333333334
322,0.0021148229638735454,0.001328715185324351,0.7861077388127645,0.008384643122553825,0.05797336623072624,0.5416666666666666
323,0.002342478434244792,0.0013869144022464752,0.955563998222351,0.00869920663535595,0.06107618287205696,0.4583333333333333
324,0.0029866113017002743,0.0014854669338092209,1.501144297917684,0.009931942448019981,0.06533171236515045,0.5208333333333334
325,0.003305102310453852,0.0016674099528851609,1.6376922766367594,0.007697996683418751,0.0592581070959568,0.5208333333333334
326,0.0028765702232097586,0.0016569713479839265,1.2195987780888875,0.007784379180520773,0.059678252786397934,0.5208333333333334
327,0.0027712881254653137,0.0017782354921412964,0.993052609761556,0.007727306801825762,0.058144647628068924,0.4791666666666667
328,0.0027489143578956527,0.0015479856869205833,1.2009286204973857,0.008412271738052368,0.05692614987492561,0.5416666666666666
329,0.00268936138600111,0.0015727315951759616,1.1166297396024067,0.009202292189002037,0.06361185759305954,0.4166666666666667
330,0.0025935892170916,0.0014592456592557332,1.1343435128529866,0.00866822712123394,0.06450413167476654,0.5
331,0.0022001823255171377,0.0012824436378044387,0.917738672097524,0.00859862007200718,0.060639288276433945,0.5
332,0.0022763639455661176,0.0013011856431451936,0.9751782576243083,0.008853591047227383,0.0635984018445015,0.4791666666666667
333,0.0022017479330922168,0.0013196203663634757,0.8821275194485982,0.008840098977088928,0.060195643454790115,0.6041666666666666
334,0.002447055365579824,0.0014113992569036783,1.0356560746828716,0.009165813215076923,0.06237338110804558,0.5625
335,0.0025065108745669323,0.0014674524078145622,1.0390584309895834,0.008669265545904636,0.06019117310643196,0.4583333333333333
336,0.00249531427398324,0.0014606298219102124,1.0346844355265299,0.007915343157947063,0.058045171201229095,0.4791666666666667
337,0.002772154395158092,0.0017179907454798618,1.0541635592778524,0.008834418840706348,0.0617397278547287,0.5208333333333334
338,0.003099039305622379,0.001651340435879926,1.4476987838745117,0.008065814152359962,0.05779575556516647,0.5208333333333334
339,0.0024655556461463373,0.0014944982094069323,0.9710574150085449,0.009459778666496277,0.06452585756778717,0.4791666666666667
340,0.0026601356997465095,0.0014574663209108015,1.202669338385264,0.009105850011110306,0.059980571269989014,0.5416666666666666
341,0.0030151525512337684,0.0016882845511039099,1.326867930094401,0.009496589191257954,0.06311063468456268,0.5208333333333334
342,0.002445853982741634,0.001474372522595028,0.9714814225832621,0.009442123584449291,0.06177947670221329,0.5208333333333334
343,0.0023894685475776595,0.0013621910436389347,1.0272774815559387,0.008167401887476444,0.05834178999066353,0.5625
344,0.002473115703711907,0.0013351317533912758,1.1379839420318603,0.008541124872863293,0.0638856440782547,0.5208333333333334
345,0.002442008815705776,0.001485371853535374,0.9566368937492371,0.008657610043883324,0.06192096695303917,0.4375
346,0.002315628994256258,0.0014501357334665954,0.8654932101567586,0.007534970063716173,0.05640535429120064,0.5625
347,0.0021102539108445247,0.0013084496565473577,0.8018042127291362,0.007978590205311775,0.058573588728904724,0.5833333333333334
348,0.002461931916574637,0.0015333959949202836,0.9285358866055806,0.008700556121766567,0.060222823172807693,0.5208333333333334
349,0.002930455468595028,0.001605524937622249,1.3249304652214051,0.009436549618840218,0.06418969482183456,0.4375
350,0.003143982853119572,0.0016651866647104422,1.4787961006164552,0.00847830530256033,0.06690208613872528,0.5208333333333334
351,0.002761966269463301,0.0015822697314433753,1.1796964645385741,0.008221672847867012,0.06091519817709923,0.5416666666666666
352,0.002789875523497661,0.001615685154683888,1.1741902987162272,0.00861643347889185,0.06148702651262283,0.4583333333333333
353,0.0023998722434043886,0.0013174638773004214,1.0824083089828491,0.009368641301989555,0.06442587822675705,0.4583333333333333
354,0.003370227307702104,0.0017119500786066054,1.6582771341005962,0.009082172997295856,0.06409475952386856,0.4583333333333333
355,0.003086256266882022,0.0016255651173802713,1.4606910904248556,0.009204898029565811,0.062320493161678314,0.4166666666666667
356,0.0025616134516894817,0.0014239972069238624,1.1376161654790242,0.008117818273603916,0.058603812009096146,0.5208333333333334
357,0.0027862141995380323,0.001481123334572961,1.3050908327102662,0.008702749386429787,0.0631178542971611,0.5833333333333334
358,0.0025745667051523926,0.0013599580697094401,1.2146085739135741,0.008787587285041809,0.061983682215213776,0.3958333333333333
359,0.002495149088402589,0.0014093317013854781,1.0858173290888469,0.008309117518365383,0.0589122548699379,0.4583333333333333
360,0.002407332983178397,0.0013718801046100756,1.0354528228441875,0.00815864559262991,0.06234752759337425,0.5416666666666666
361,0.0025544336531311274,0.0014145007512221734,1.1399328430493674,0.008714761584997177,0.061023082584142685,0.5833333333333334
362,0.002197571222980817,0.001275095708357791,0.9224754969278971,0.008884434588253498,0.06347765773534775,0.4375
363,0.002102623701406022,0.001210505123405407,0.8921185255050659,0.00809277594089508,0.058413561433553696,0.5
364,0.002573088238326212,0.0013643130931692818,1.2087750832239788,0.008183886297047138,0.059591785073280334,0.5416666666666666
365,0.0026656399791439374,0.001379847057008495,1.285792855421702,0.008249430917203426,0.061350323259830475,0.5208333333333334
366,0.0026248810347169636,0.0014073564166513582,1.217524532477061,0.008423522114753723,0.06069493293762207,0.5208333333333334
367,0.002412043899918596,0.0012966976345827183,1.1153462171554565,0.008488144725561142,0.06100506708025932,0.5208333333333334
368,0.002145008727287253,0.0012308173541290064,0.9141912857691447,0.008204229176044464,0.05876366049051285,0.5833333333333334
369,0.002089351462200284,0.0013314415196267267,0.7579099059104919,0.008561596274375916,0.05950180068612099,0.5208333333333334
370,0.0020945402793586254,0.0012526744045317172,0.8418658415476481,0.008585656061768532,0.05854059010744095,0.5625
371,0.0022996842162683606,0.0012951489305123686,1.0045352498690288,0.008355529978871346,0.060563746839761734,0.4791666666666667
372,0.0025605252167830864,0.0014039331736663977,1.1565919637680053,0.008716272190213203,0.0630631223320961,0.5416666666666666
373,0.0023690176429226996,0.001479392902304729,0.8896247267723083,0.008771524764597416,0.061104658991098404,0.5625
374,0.0026322845524797836,0.0015656857052817942,1.0665988167126974,0.008845954202115536,0.06056220456957817,0.5208333333333334
375,0.0023015427868813276,0.0013394812820479273,0.9620614488919575,0.008559178560972214,0.06240532547235489,0.4375
376,0.0023835007877399525,0.0013604719463425378,1.0230287790298462,0.008691956289112568,0.0606994591653347,0.6041666666666666
377,0.0022850012794757885,0.001413667182593296,0.8713340560595194,0.008513236418366432,0.06132528930902481,0.5
378,0.0019827492923165362,0.001198632336066415,0.7841169277826945,0.008663613349199295,0.06075059622526169,0.4791666666666667
379,0.0021457954154660303,0.001299172395374626,0.8466229915618897,0.009371355175971985,0.06248697265982628,0.6041666666666666
380,0.002222080280383428,0.0013601070231137177,0.861973237991333,0.008234698325395584,0.06170102208852768,0.5208333333333334
381,0.002217861637473106,0.0014162115403451025,0.801650075117747,0.009340201504528522,0.06368911266326904,0.5208333333333334
382,0.002382078068330884,0.0013718850406197211,1.0101929982503255,0.008301327005028725,0.060036800801754,0.5625
383,0.0023166774461666744,0.0013976008320848146,0.9190765579541524,0.008562450297176838,0.06003956496715546,0.5833333333333334
384,0.0021034740765268605,0.0012981037531668942,0.8053702751795451,0.009220642037689686,0.060951851308345795,0.5416666666666666
385,0.002420082486545046,0.0013406125207742056,1.079469895362854,0.00850526150316,0.06229747086763382,0.4583333333333333
386,0.002207629320522149,0.00130599329713732,0.9016359686851502,0.009128455072641373,0.06576750427484512,0.5833333333333334
387,0.002214313802930216,0.0013494326500222086,0.8648811340332031,0.00886895228177309,0.06160778924822807,0.4583333333333333
388,0.0021065348759293557,0.0013014479074627161,0.8050869266192119,0.008015933446586132,0.05816752836108208,0.5208333333333334
389,0.0024253204154471558,0.001437032203345249,0.9882881681124369,0.008232072927057743,0.06023228168487549,0.5208333333333334
390,0.0026994402054697276,0.0015714701032266021,1.127970071633657,0.007898066192865372,0.05971841886639595,0.5625
391,0.0024363343759129445,0.0013875138324995835,1.0488205035527547,0.008881953544914722,0.06004790589213371,0.5208333333333334
392,0.0024968782206997277,0.0013521863846108317,1.14469180504481,0.008622026070952415,0.06185053661465645,0.5625
393,0.0023324013066788516,0.0013714395308246216,0.9609617193539938,0.008593886159360409,0.06439707428216934,0.4791666666666667
394,0.0026545141745979587,0.0016734887845814227,0.9810253183046976,0.007844483479857445,0.055616866797208786,0.5208333333333334
395,0.002354646334424615,0.0014569015436184903,0.8977447787920634,0.008058082312345505,0.0573134571313858,0.5416666666666666
396,0.002307144956042369,0.0014590101743427416,0.8481347521146139,0.008960957638919353,0.060335397720336914,0.5416666666666666
397,0.0024045511614531278,0.0013143629223729173,1.090188205242157,0.008456965908408165,0.05992664769291878,0.5
398,0.0023921212647110223,0.0012862635077908636,1.1058577020963034,0.009550392627716064,0.06385169923305511,0.5
399,0.0020443926099687816,0.0011662589114469787,0.8781336585680644,0.009290236048400402,0.06294094026088715,0.5208333333333334
400,0.0021509587143858275,0.0013373652938753367,0.8135933995246887,0.010172782465815544,0.06585394591093063,0.5625
401,0.0026127827819436788,0.0016296375698099533,0.9831452012062073,0.008173425681889057,0.05852070823311806,0.5416666666666666
402,0.002655281483506163,0.0016846284891168276,0.9706529339154562,0.008195853792130947,0.05904344469308853,0.5
403,0.0024504888414715728,0.0012812354601919652,1.1692533612251281,0.008433633483946323,0.05994929000735283,0.5416666666666666
404,0.0021495659292365115,0.0012176046070332329,0.9319612582524618,0.007817422971129417,0.05679696425795555,0.5625
405,0.0022868870369469126,0.0014036120575231811,0.8832749327023824,0.007776997052133083,0.05804179608821869,0.5208333333333334
406,0.0020665059021363658,0.0012163132118682067,0.850192662080129,0.008846365846693516,0.0632137805223465,0.5
407,0.0022829484194517137,0.001305589301045984,0.9773590644200643,0.008719723671674728,0.0649983361363411,0.5
408,0.0023466686795776087,0.0012606111781982084,1.0860574523607889,0.007980096153914928,0.05948371812701225,0.5208333333333334
409,0.0023554026459654174,0.0012957902741618454,1.0596122860908508,0.007690982427448034,0.06029326096177101,0.5208333333333334
410,0.002723935254228612,0.001469911572833856,1.2540235956509909,0.010170867666602135,0.06888346374034882,0.4583333333333333
411,0.0027932755959530673,0.0015960072244827945,1.1972683350245157,0.009448949247598648,0.06798655539751053,0.5625
412,0.00283769730788966,0.0016016947493577996,1.236002548535665,0.009626561775803566,0.06473810970783234,0.4583333333333333
413,0.002261106134392321,0.0013188242252605658,0.9422818581263225,0.008188645355403423,0.061891719698905945,0.5
414,0.002295447575549285,0.0012356101574065785,1.0598373611768086,0.008395103737711906,0.062142468988895416,0.5416666666666666
415,0.00219045615910242,0.0012462496951532861,0.944206436475118,0.009493974968791008,0.06798889487981796,0.5
416,0.002215841878205538,0.0013149070243040721,0.9009348034858704,0.010124430060386658,0.06770835816860199,0.5208333333333334
417,0.002220305947897335,0.0012873908427233497,0.9329150676727295,0.008622200228273869,0.06135734170675278,0.5416666666666666
418,0.002575403746838371,0.0013672235150200625,1.2081801652908326,0.008455057628452778,0.06197914853692055,0.5
419,0.0022859456948935986,0.0012964749398330848,0.9894707004229227,0.00802057608962059,0.059306543320417404,0.5625
420,0.0021598576568067074,0.0012935666600242257,0.8662909785906474,0.008309156633913517,0.06156943738460541,0.5416666666666666
421,0.0020159689709544184,0.0012145357284074028,0.8014332056045532,0.008716616779565811,0.061726395040750504,0.5208333333333334
422,0.0021775969381754596,0.001375319727230817,0.8022771914800008,0.008565097115933895,0.06115297973155975,0.5416666666666666
423,0.0023902800555030503,0.0012980980294135709,1.092181964715322,0.009679432027041912,0.06597412377595901,0.4375
424,0.0021257529268041255,0.0013065359167133768,0.8192169427871704,0.008878236636519432,0.06324973702430725,0.5208333333333334
425,0.002285295771434903,0.0013574219852065046,0.9278737545013428,0.00850448664277792,0.06068718433380127,0.5416666666666666
426,0.0023526892764493823,0.0014035159954801201,0.9491732358932495,0.009237355552613735,0.06297812610864639,0.5208333333333334
427,0.002689543009425203,0.0015228491431723038,1.1666938185691833,0.00828784704208374,0.06258893758058548,0.5
428,0.002151717711240053,0.0013255174659813445,0.8262002348899842,0.009267525747418404,0.062453508377075195,0.4791666666666667
429,0.002304047959235807,0.0013301590108312667,0.973888878027598,0.008609608747065067,0.06387898325920105,0.4166666666666667
430,0.0023957620995740097,0.0014338004635646938,0.9619616190592448,0.009161538444459438,0.06449662148952484,0.5208333333333334
431,0.0025755952655648192,0.0015258773307626446,1.04971790711085,0.009924151934683323,0.06926240772008896,0.4583333333333333
432,0.0022464302678902944,0.0012908555838900308,0.955574647585551,0.009311830624938011,0.06606290489435196,0.4791666666666667
433,0.002519975951872766,0.0013823412863227227,1.1376345992088317,0.010305946692824364,0.07096303999423981,0.6041666666666666
434,0.0026737622916698455,0.0015581685118377208,1.115593707561493,0.008652608841657639,0.061803195625543594,0.5208333333333334
435,0.0025377750241508084,0.0014082915576485297,1.1294833739598593,0.009773950092494488,0.06636650115251541,0.5625
436,0.0025235987656439343,0.0014227302356933553,1.1008684913317361,0.009142984636127949,0.06203238666057587,0.5208333333333334
437,0.0023832662186274926,0.0014023242906356852,0.9809418837229411,0.010670413263142109,0.06536885350942612,0.5416666666666666
438,0.002518823005569478,0.0014680396920690934,1.0507832249005635,0.009852258488535881,0.06269539892673492,0.5833333333333334
439,0.0020456410245969893,0.0012023158643084267,0.843325122197469,0.008743122220039368,0.059301964938640594,0.6041666666666666
440,0.002073677481772999,0.0012213548878207802,0.8523225704828898,0.008425419218838215,0.058816295117139816,0.5625
441,0.0022239772137254477,0.0012632605503313243,0.9607166051864624,0.009623277001082897,0.0627506673336029,0.5
442,0.002461780879336099,0.0014233546680770814,1.038426117102305,0.009771948680281639,0.06380745023488998,0.6041666666666666
443,0.0024724440183490513,0.001416752712490658,1.0556912144025168,0.009818460792303085,0.06467729061841965,0.5625
444,0.002280365132416288,0.0014406440740761658,0.8397210160891215,0.010714111849665642,0.07005693763494492,0.6041666666666666
445,0.0021882361654813093,0.0013548953381056588,0.8333407918612162,0.010434029623866081,0.0672827810049057,0.6041666666666666
446,0.002212639393595358,0.0014343236767066021,0.7783156712849935,0.010386068373918533,0.06663144379854202,0.5208333333333334
447,0.0023474552823851504,0.0014121822896413505,0.9352729678153991,0.010979114100337029,0.06982840597629547,0.6041666666666666
448,0.0021825060170764725,0.0013875855637403825,0.7949203848838806,0.009865942411124706,0.0645480528473854,0.5208333333333334
449,0.0021653213848670323,0.0013900976822090645,0.7752236525217692,0.009214850142598152,0.06306126713752747,0.5208333333333334
450,0.002630202464448909,0.0014590522429595392,1.1711501359939576,0.010224739089608192,0.06836047023534775,0.4791666666666667
451,0.002789831052844723,0.0015298180980607868,1.2600128968556723,0.009834080003201962,0.06454461067914963,0.5
452,0.002395186029995481,0.0014046383167927465,0.9905476768811544,0.010996024124324322,0.07111456990242004,0.6666666666666666
453,0.0021742421047141153,0.001415877944479386,0.7583641131718953,0.009665300138294697,0.06346964091062546,0.5416666666666666
454,0.0025475627121826013,0.0015480803907848895,0.999482254187266,0.01008880790323019,0.06524064391851425,0.5208333333333334
455,0.0027586764423176645,0.0017528141887548068,1.0058622241020203,0.010703508742153645,0.06850254535675049,0.5416666666666666
456,0.0022519023545707266,0.0013996007852256297,0.8523015260696412,0.009330196306109428,0.06429529190063477,0.5625
457,0.002090130125482877,0.0012029595983525118,0.8871704896291097,0.00833461619913578,0.06160116195678711,0.5416666666666666
458,0.0021481706916044157,0.001358876870168994,0.7892937898635864,0.009234117344021797,0.06362246721982956,0.5208333333333334
459,0.002510326309129596,0.001391436376919349,1.118889856338501,0.008376899175345898,0.060303498059511185,0.5416666666666666
460,0.002129396703094244,0.0012088301475159824,0.9205664952596029,0.008984765969216824,0.06320247799158096,0.4791666666666667
461,0.0020921763808776934,0.0012154506635852157,0.8767256895701091,0.009189233183860779,0.06392218172550201,0.4583333333333333
462,0.0021962532075121997,0.0012829314180028935,0.9133217573165894,0.009206756018102169,0.06363852322101593,0.5208333333333334
463,0.0025961376416186494,0.001409267036554714,1.186870555082957,0.010146277956664562,0.06796253472566605,0.5625
464,0.002176962257362902,0.001268253553037842,0.908708655834198,0.009321825578808784,0.06576243042945862,0.5416666666666666
465,0.0022833616472780704,0.0014418764777171115,0.8414850989977519,0.008464463986456394,0.06000689044594765,0.5625
466,0.0022293411040057737,0.0013478693435899913,0.8814716537793478,0.008619953878223896,0.061692461371421814,0.5416666666666666
467,0.0023063767546166974,0.0014191094941149154,0.8872672041257222,0.009273185394704342,0.06377802789211273,0.5416666666666666
468,0.0021930023329332473,0.001303820467243592,0.8891818086306255,0.008473987691104412,0.06006361544132233,0.5208333333333334
469,0.002485091130559643,0.0014966558626232048,0.9884352087974548,0.009377764537930489,0.06536609679460526,0.4791666666666667
470,0.0020586151319245496,0.0013370035216212274,0.7216115792592367,0.008571648970246315,0.061830244958400726,0.6041666666666666
471,0.0019600112612048787,0.0012571758745859067,0.7028353333473205,0.008930709213018417,0.06076262518763542,0.625
472,0.0024508100391055147,0.001320208942828079,1.1306010365486145,0.009076057933270931,0.06798375397920609,0.4583333333333333
473,0.0032804742145041625,0.0018103389690319698,1.4701351364453634,0.008637460879981518,0.0643547922372818,0.5208333333333334
474,0.0029829095428188642,0.0018559690448455512,1.1269404331843058,0.010157952085137367,0.07273604720830917,0.4375
475,0.003399009024724364,0.001794407613730679,1.6046013196309408,0.008867474272847176,0.06153107434511185,0.5833333333333334
476,0.0028415521141141654,0.0015224988727519909,1.3190532167752584,0.0078567024320364,0.06132993474602699,0.4375
477,0.0024753518557796878,0.0012960759728836517,1.1792758266131083,0.008992785587906837,0.06376726180315018,0.5625
478,0.0023934984734902778,0.0012351792422123254,1.1583191951115925,0.009463746100664139,0.06471574306488037,0.5
479,0.002588161585542063,0.0013698016681397954,1.2183598518371581,0.008859219960868359,0.06548891961574554,0.4166666666666667
480,0.002920255484059453,0.001484333397820592,1.4359220385551452,0.008551115170121193,0.06276954710483551,0.5833333333333334
481,0.0025602604107310373,0.0013707361610916754,1.189524201552073,0.00896629597991705,0.0652303546667099,0.4791666666666667
482,0.0027907966170459984,0.0013683218120907744,1.422474726041158,0.008577273227274418,0.06367401778697968,0.4791666666666667
483,0.002804557769559324,0.0015566355781629682,1.2479221065839132,0.008995910175144672,0.06306599080562592,0.5416666666666666
484,0.0028938245338698226,0.0015119337864841025,1.3818906625111897,0.009533959440886974,0.06665533035993576,0.5208333333333334
485,0.0023758149705827235,0.001372622783916692,1.0031921108563742,0.009907730855047703,0.06798005104064941,0.4375
486,0.002279455385481318,0.0014296804904006422,0.8497748613357544,0.008260604925453663,0.06023574620485306,0.5208333333333334
487,0.0023208339931443333,0.0014731538287984828,0.8476801355679829,0.008622957393527031,0.06186075881123543,0.5208333333333334
488,0.0018845967405165234,0.0011153931419054667,0.7692035794258117,0.008862495422363281,0.064627505838871,0.5
489,0.0021117796345303456,0.0012538192444480956,0.8579603274663289,0.008788367733359337,0.06173569709062576,0.4791666666666667
490,0.0019702225380266707,0.0011535548837855458,0.8166676004727681,0.009363561868667603,0.06571314483880997,0.5416666666666666
491,0.0022443012489626805,0.0012980861395287017,0.9462150732676188,0.008797219023108482,0.06240258738398552,0.5208333333333334
492,0.0021737536881119013,0.0013766988452213506,0.7970548033714294,0.00923721119761467,0.0648055449128151,0.5833333333333334
493,0.002388018167888125,0.0014228042680770158,0.9652138590812683,0.009252224117517471,0.06402336806058884,0.5416666666666666
494,0.002225163796295722,0.0013297730203097066,0.8953907330830891,0.009662465192377567,0.06801316887140274,0.5416666666666666
495,0.0024239384569227696,0.0013946275420797368,1.0293108065923056,0.011265063658356667,0.07184822112321854,0.4375
496,0.0021562709628293914,0.001241378296011438,0.914892586072286,0.008319268003106117,0.06056498736143112,0.5208333333333334
497,0.0021066412950555484,0.0011727659613825381,0.9338752905527751,0.009168648160994053,0.06485434621572495,0.5416666666666666
498,0.002394819026812911,0.0012495017726905644,1.1453171888987224,0.008829648606479168,0.06179619953036308,0.5625
499,0.0022655210302521783,0.0013399403387059769,0.9255806485811869,0.009351516142487526,0.06842849403619766,0.4375
500,0.0021438088268041612,0.0012484269604707758,0.8953818122545878,0.009137912653386593,0.06458182632923126,0.4791666666666667
