epoch,train_loss,rmse_loss,trend_loss,val_rmse,val_trend_acc
0,0.27676750322182975,0.26425510744253794,12.512397289276123,0.14954793453216553,0.43333333333333335
1,0.11041422933340073,0.10574102401733398,4.6732050259908045,0.13662150502204895,0.55
2,0.0856358453631401,0.08244118442138036,3.194660957654317,0.13728617131710052,0.43333333333333335
3,0.0764814130961895,0.07443148841460547,2.049923849105835,0.12603263556957245,0.4
4,0.06983653431137403,0.06815030425786972,1.6862295548121133,0.11082049459218979,0.45
5,0.07161020015676817,0.07011835674444834,1.491843287150065,0.12079469859600067,0.45
6,0.07033489818374315,0.06870367204149565,1.6312261819839478,0.11868800967931747,0.4666666666666667
7,0.06634781360626221,0.06488000502189001,1.467808683713277,0.11253149807453156,0.45
8,0.06745313753684362,0.06585722044110298,1.5959157864252727,0.1342366337776184,0.4666666666666667
9,0.07451705932617188,0.07288507396976153,1.6319859266281127,0.12693028151988983,0.4666666666666667
10,0.06974030335744222,0.06814394916097323,1.5963542779286704,0.11263947933912277,0.45
11,0.06489721735318502,0.06357208962241809,1.3251274625460308,0.11033766716718674,0.45
12,0.06640815412004789,0.06518989304701488,1.2182605266571045,0.11610643565654755,0.4666666666666667
13,0.06697539761662483,0.0657254010438919,1.249996582667033,0.11596456170082092,0.5333333333333333
14,0.07257319018244743,0.07105627357959747,1.5169162670771281,0.1094437763094902,0.4166666666666667
15,0.06788662845889727,0.06663144131501515,1.2551868081092834,0.1083163172006607,0.45
16,0.06818093210458756,0.0668455719947815,1.3353592157363892,0.10774195194244385,0.43333333333333335
17,0.06578101962804794,0.06463157758116722,1.1494411031405132,0.10966970026493073,0.5166666666666667
18,0.0652984527250131,0.06414675762255986,1.1516952792803445,0.10911373049020767,0.4166666666666667
19,0.06435589840014776,0.06332944855093955,1.0264495054880778,0.12312189489603043,0.5166666666666667
20,0.0679205651084582,0.06685792033871014,1.0626447518666586,0.10719539225101471,0.5666666666666667
21,0.06873654748002687,0.06747958610455194,1.2569617907206216,0.1088893860578537,0.38333333333333336
22,0.06969893152515093,0.06853772227962812,1.1612090031305948,0.10620991140604019,0.5666666666666667
23,0.06744173516829809,0.06626316731174788,1.178567107518514,0.11475818604230881,0.5
24,0.07003084992369016,0.0684315043191115,1.5993455012639364,0.11357131600379944,0.45
25,0.08637842411796252,0.08452193066477776,1.856493345896403,0.1151685118675232,0.5
26,0.07839303240180015,0.07678891941905022,1.6041121323903402,0.13564907014369965,0.38333333333333336
27,0.06719469105203947,0.06594480127096176,1.2498891552289326,0.11374032497406006,0.5666666666666667
28,0.06947391256690025,0.06794337754448256,1.530534815788269,0.12089851498603821,0.48333333333333334
29,0.06900249446431796,0.06722131371498108,1.7811793724695841,0.12105028331279755,0.43333333333333335
30,0.06715064321955046,0.06569743206103643,1.4532110611597697,0.10888190567493439,0.45
31,0.06828823710481326,0.06713103900353114,1.1571975708007813,0.11289156228303909,0.55
32,0.06629695569475492,0.06497371618946393,1.323239278793335,0.10686066001653671,0.38333333333333336
33,0.06593354269862176,0.06455845336119334,1.3750896493593852,0.11119794100522995,0.4666666666666667
34,0.073016656935215,0.07134665300448735,1.6700040539105734,0.11507189273834229,0.5
35,0.06767654021581014,0.06634526277581851,1.3312780777613322,0.11129344254732132,0.38333333333333336
36,0.06732136408487956,0.06581703424453736,1.504330329100291,0.10932818055152893,0.5666666666666667
37,0.0619205246369044,0.06075581361850103,1.1647107005119324,0.11453722417354584,0.4166666666666667
38,0.06717011382182439,0.06567560682694117,1.494505802790324,0.11118219047784805,0.5833333333333334
39,0.06869857460260391,0.06712546373407045,1.5731103102366129,0.11092285066843033,0.43333333333333335
40,0.06269627188642819,0.061606724311908084,1.0895472804705302,0.11221316456794739,0.55
41,0.06463810031612714,0.06348556702335675,1.1525330861409506,0.12090431898832321,0.45
42,0.06365323414405187,0.0625233769416809,1.1298568606376649,0.11167086660861969,0.45
43,0.06277216946085294,0.06172024433811506,1.0519258340199789,0.11734890192747116,0.4666666666666667
44,0.061642828335364656,0.06060556893547376,1.0372589667638143,0.11676829308271408,0.5
45,0.06523840402563413,0.06368817389011383,1.5502296606699626,0.11372499167919159,0.5166666666666667
46,0.06434445480505625,0.06302596032619476,1.3184945066769918,0.11853532493114471,0.5666666666666667
47,0.06494360541303952,0.06344618995984395,1.4974154392878214,0.11881735920906067,0.43333333333333335
48,0.06405677249034246,0.06282529359062512,1.2314797520637513,0.11719539761543274,0.5166666666666667
49,0.0669168176750342,0.06519206787149111,1.724749541282654,0.1089286357164383,0.55
50,0.06940987259149552,0.0675511692961057,1.8587027510007224,0.12904760241508484,0.38333333333333336
51,0.0721599226196607,0.0703181137641271,1.8418089151382446,0.1130485087633133,0.5666666666666667
52,0.06689493060111999,0.06526207774877549,1.6328524907430013,0.14385166764259338,0.43333333333333335
53,0.06614290823539098,0.06483739490310352,1.3055126905441283,0.1166689321398735,0.5833333333333334
54,0.06495020141204198,0.06351757844289144,1.432623024781545,0.11953307688236237,0.48333333333333334
55,0.06360533063610395,0.06223969658215841,1.3656342347462973,0.10919298976659775,0.48333333333333334
56,0.06462664480010669,0.06316029305259387,1.4663520177205405,0.11876711994409561,0.5333333333333333
57,0.06211130643884341,0.06106474200884501,1.0465649406115214,0.11010223627090454,0.38333333333333336
58,0.06358544950683911,0.06248756845792135,1.0978811422983805,0.11752894520759583,0.48333333333333334
59,0.06401021952430407,0.06284172708789508,1.1684917370478312,0.1218874379992485,0.5166666666666667
60,0.06485813657442728,0.06361110086242358,1.2470353802045187,0.11563041806221008,0.5
61,0.06003245785832405,0.058956483751535414,1.0759746154149374,0.11146204173564911,0.38333333333333336
62,0.061494205395380655,0.06043065587679545,1.063548735777537,0.11288393288850784,0.5166666666666667
63,0.061159106840689974,0.06004784181714058,1.1112651705741883,0.11365953832864761,0.5
64,0.06300060699383418,0.06193027471502622,1.0703319470087687,0.10741116851568222,0.43333333333333335
65,0.06132470096151034,0.06008178194363912,1.2429194847742717,0.11174073070287704,0.5166666666666667
66,0.06242957686384519,0.061234918981790544,1.1946582237879435,0.12745600938796997,0.48333333333333334
67,0.06237777024507522,0.06123586843411128,1.141903249422709,0.12146884202957153,0.45
68,0.060521323482195535,0.05928720012307167,1.234122916062673,0.12439459562301636,0.43333333333333335
69,0.06373362690210342,0.06254245862364768,1.191168745358785,0.13467295467853546,0.4666666666666667
70,0.06407109002272288,0.06295003046592076,1.1210589289665223,0.1089698076248169,0.45
71,0.06665958315134049,0.06548496683438619,1.1746156613032024,0.11079563200473785,0.4666666666666667
72,0.0612092358370622,0.06008412415782611,1.1251110752423605,0.1220383271574974,0.48333333333333334
73,0.06093145062526067,0.059707361708084744,1.2240885972976685,0.11821223795413971,0.5666666666666667
74,0.062170139203468956,0.061204042037328085,0.9660971164703369,0.13697484135627747,0.43333333333333335
75,0.0658754068116347,0.06468798741698265,1.1874192237854004,0.1127266064286232,0.55
76,0.06287553186217944,0.06137424831589063,1.5012832919756571,0.11550591886043549,0.43333333333333335
77,0.06306575685739517,0.06156039784351985,1.5053585410118102,0.11506284773349762,0.5833333333333334
78,0.06032565211256345,0.059290177871783575,1.0354743162790934,0.10560423880815506,0.5166666666666667
79,0.06645758400360743,0.06520048379898072,1.257100240389506,0.11960618942975998,0.48333333333333334
80,0.06185733129580816,0.060486057152350746,1.3712746938069662,0.1174391433596611,0.45
81,0.06152506495515506,0.06053051675359408,0.9945489962895712,0.10847679525613785,0.55
82,0.06483523448308309,0.06358217870195707,1.2530553460121154,0.11007879674434662,0.4166666666666667
83,0.06777608767151833,0.06656784191727638,1.208245849609375,0.10842675715684891,0.45
84,0.06985781987508138,0.06855200504263242,1.305814794699351,0.1087023913860321,0.38333333333333336
85,0.0625904381275177,0.061363050093253456,1.2273876309394836,0.11306272447109222,0.4166666666666667
86,0.0595036211113135,0.05843241413434346,1.0712066769599915,0.11994023621082306,0.5833333333333334
87,0.061601602286100385,0.06043444921573003,1.1671531200408936,0.1246955618262291,0.6
88,0.061263126134872434,0.05997386425733566,1.289262310663859,0.11379224061965942,0.38333333333333336
89,0.06251941199103991,0.06126079435149829,1.2586167414983114,0.12521453201770782,0.5
90,0.06197026620308558,0.060957121104002,1.0131450851758321,0.1116723120212555,0.5
91,0.06286475385228793,0.06160672505696615,1.258029301961263,0.1074281856417656,0.4666666666666667
92,0.06293906569480896,0.061652894814809164,1.28617103099823,0.1088227778673172,0.43333333333333335
93,0.06436660960316658,0.06327279781301816,1.0938111027081807,0.10991881787776947,0.45
94,0.05907425656914711,0.058105951795975365,0.9683050553003947,0.11630354821681976,0.45
95,0.05979289760192235,0.0587887316942215,1.004165538152059,0.1094946563243866,0.55
96,0.061546606073776884,0.06049622644980748,1.0503793597221374,0.11357751488685608,0.5166666666666667
97,0.060563543687264125,0.05941350658734639,1.1500361442565918,0.11580836027860641,0.38333333333333336
98,0.06533399894833565,0.06417553052306176,1.1584687550862631,0.10788353532552719,0.5166666666666667
99,0.06514810770750046,0.06387670760353406,1.2713998874028525,0.1326761394739151,0.43333333333333335
100,0.07048016885916392,0.0692549909154574,1.225178106625875,0.13166849315166473,0.5
101,0.07547427912553152,0.07420656606554984,1.2677131772041321,0.11316141486167908,0.45
102,0.06552483066916466,0.06437952518463134,1.145305089155833,0.1141294538974762,0.4166666666666667
103,0.05940962980190913,0.05838238348563512,1.0272462169329326,0.1250586211681366,0.5333333333333333
104,0.0602841687699159,0.05912184342741966,1.162325628598531,0.12454396486282349,0.4
105,0.06111594463388125,0.05996573641896248,1.1502082784970602,0.12394813448190689,0.43333333333333335
106,0.0621664360165596,0.06109373147288958,1.072704299290975,0.1258288323879242,0.5
107,0.05948368757963181,0.058511580278476076,0.9721073071161906,0.11788229644298553,0.4666666666666667
108,0.06062930474678675,0.059520163635412855,1.109141194820404,0.11719722300767899,0.45
109,0.06429038370649019,0.06303785443305969,1.252529768149058,0.13103921711444855,0.6333333333333333
110,0.06428507963816325,0.06313258111476898,1.1524985432624817,0.12879744172096252,0.5333333333333333
111,0.0614333301782608,0.060337603588898975,1.095726486047109,0.1138867437839508,0.35
112,0.057324364533027014,0.056343506028254824,0.9808590650558472,0.11533474177122116,0.43333333333333335
113,0.05987690066297849,0.05895289182662964,0.9240079840024312,0.1123257651925087,0.45
114,0.0596780834098657,0.05869179219007492,0.9862907846768697,0.10510922968387604,0.4666666666666667
115,0.05964955563346545,0.05851129094759623,1.1382647077242534,0.11519347876310349,0.43333333333333335
116,0.059066939353942874,0.05806191116571426,1.0050285696983337,0.12432107329368591,0.5
117,0.06356121102968852,0.0624751515686512,1.086059856414795,0.10960420966148376,0.4
118,0.059720333913962045,0.05869009097417196,1.030242880185445,0.11175418645143509,0.5
119,0.05830749745170275,0.05718424667914709,1.1232502659161885,0.11897113919258118,0.5833333333333334
120,0.06418921574950218,0.06297547419865926,1.2137415210405986,0.1171230897307396,0.38333333333333336
121,0.06073654145002365,0.05966831098000209,1.0682297706604005,0.11429303884506226,0.4666666666666667
122,0.061189595113197964,0.06010585576295853,1.0837393919626872,0.12823843955993652,0.6166666666666667
123,0.06299440388878187,0.062029538800319035,0.9648653864860535,0.12631233036518097,0.43333333333333335
124,0.0646991789340973,0.06347195332249006,1.2272264003753661,0.11114326119422913,0.48333333333333334
125,0.06786517153183619,0.06656453261772792,1.3006399631500245,0.10681565850973129,0.36666666666666664
126,0.05895173897345861,0.05779740040500959,1.154338800907135,0.12033993005752563,0.5
127,0.06928394461671511,0.06801156202952068,1.2723829865455627,0.12060845643281937,0.5333333333333333
128,0.059558169047037764,0.05853717401623726,1.0209946115811666,0.11921785026788712,0.4666666666666667
129,0.0621452604730924,0.06099039365847905,1.1548671960830688,0.11151829361915588,0.48333333333333334
130,0.05897926911711693,0.057980391383171084,0.9988771041234334,0.11143888533115387,0.5166666666666667
131,0.057575672616561255,0.05654264787832896,1.033024779955546,0.11057344079017639,0.4166666666666667
132,0.0598121426999569,0.05876646662751834,1.0456758618354798,0.1360342651605606,0.5833333333333334
133,0.06718809083104134,0.06566430628299713,1.5237843672434488,0.12042170763015747,0.5333333333333333
134,0.06014367789030075,0.059128980586926144,1.0146970828374227,0.10855576395988464,0.4
135,0.06289231131474177,0.06171475450197856,1.1775564114252726,0.11072490364313126,0.4666666666666667
136,0.05902316967646281,0.057954834898312886,1.0683350761731465,0.11147241294384003,0.48333333333333334
137,0.057604871193567914,0.056547930588324864,1.0569407224655152,0.1120525524020195,0.5666666666666667
138,0.057802132020394005,0.056890372683604556,0.911759614944458,0.10965292900800705,0.5
139,0.05819444532195727,0.05730389133095741,0.8905537883440654,0.10826653987169266,0.5166666666666667
140,0.05948491295178731,0.05858690738677978,0.8980055689811707,0.11327316612005234,0.48333333333333334
141,0.06133000577489535,0.06019904091954231,1.130964732170105,0.11133885383605957,0.5
142,0.058840027451515196,0.05782863621910413,1.0113906224568685,0.11215250939130783,0.38333333333333336
143,0.06145226508378983,0.0600980003674825,1.3542650620142618,0.10879959911108017,0.55
144,0.05877782305081685,0.05787788704037666,0.8999361435572306,0.11396206170320511,0.4166666666666667
145,0.05828117902080218,0.05733804355065028,0.9431352019309998,0.11378686130046844,0.43333333333333335
146,0.06329030518730482,0.06209213708837827,1.1981681307156882,0.11425741016864777,0.45
147,0.05945576603213946,0.05821438506245613,1.241381041208903,0.1093490719795227,0.5
148,0.058349039405584335,0.05735597188274066,0.9930676857630412,0.10789356380701065,0.45
149,0.05944741790493329,0.058393922696510954,1.0534949064254762,0.11227736622095108,0.5333333333333333
150,0.05792749399940173,0.05678094476461411,1.1465485254923502,0.11881812661886215,0.48333333333333334
151,0.059398350616296135,0.0584894855817159,0.9088643511136373,0.12319689244031906,0.43333333333333335
152,0.05535673350095749,0.05441460087895393,0.9421327749888102,0.10620222240686417,0.5166666666666667
153,0.06108033284544945,0.05992179413636525,1.1585384130477905,0.1268378347158432,0.43333333333333335
154,0.06418758183717728,0.06293228988846143,1.2552911122639974,0.12153255194425583,0.5
155,0.06063322052359581,0.05949043706059456,1.1427828987439475,0.10977035015821457,0.36666666666666664
156,0.05791364833712578,0.056915609538555144,0.9980387647946676,0.11307088285684586,0.5666666666666667
157,0.060067954907814664,0.058929538975159325,1.1384156028429666,0.11062745749950409,0.45
158,0.05882071480154991,0.057721308618783954,1.099406623840332,0.10732193291187286,0.4166666666666667
159,0.061051997790733975,0.05992721766233444,1.124780793984731,0.11092495173215866,0.4166666666666667
160,0.06341822072863579,0.06234696060419083,1.0712601820627847,0.10946661978960037,0.5333333333333333
161,0.057411349813143414,0.05642277350028356,0.9885765552520752,0.1116282045841217,0.48333333333333334
162,0.061081400513648985,0.06004067634542783,1.0407248457272849,0.11236990243196487,0.43333333333333335
163,0.058225709944963455,0.05737005174160004,0.8556581775347392,0.10840357840061188,0.43333333333333335
164,0.05940064365665118,0.058326635509729385,1.0740079840024312,0.1303212195634842,0.6
165,0.061673099050919215,0.06053965439399083,1.1334444046020509,0.10888932645320892,0.5666666666666667
166,0.058377150694529215,0.05739750365416209,0.9796462376912435,0.11527227610349655,0.45
167,0.05960419500867526,0.05850057105223338,1.103624133268992,0.1136399358510971,0.4666666666666667
168,0.05792657236258189,0.056766144434611004,1.1604282021522523,0.11303125321865082,0.5333333333333333
169,0.05523627946774165,0.05413803309202194,1.0982465545336406,0.10637443512678146,0.5
170,0.05637429356575012,0.0554563137392203,0.9179796139399211,0.10631351917982101,0.45
171,0.05949182932575544,0.05838694820801417,1.1048806150754293,0.1100102961063385,0.5333333333333333
172,0.05834129452705383,0.057309557249148685,1.0317366997400919,0.12280337512493134,0.43333333333333335
173,0.06110196088751157,0.0599622555077076,1.1397058327992757,0.1048390194773674,0.55
174,0.05817807167768478,0.05718150114019712,0.9965707619984945,0.12035942822694778,0.5166666666666667
175,0.056619565437237424,0.05573178976774216,0.8877750078837077,0.1162031888961792,0.48333333333333334
176,0.05819888114929199,0.05725987379749616,0.9390079458554585,0.1092996746301651,0.55
177,0.05894313380122185,0.05793887848655383,1.0042556643486023,0.11265081912279129,0.5666666666666667
178,0.06064687098066012,0.05970782662431399,0.9390438715616862,0.11080976575613022,0.5333333333333333
179,0.061927360792954765,0.06086486279964447,1.062497655550639,0.10601021349430084,0.4
180,0.05944923038283984,0.05825479527314504,1.1944349606831868,0.11214284598827362,0.55
181,0.05894066418210665,0.05785377522309621,1.0868895610173543,0.10737147927284241,0.55
182,0.05479791512091955,0.05391480699181557,0.8831081787745158,0.11214401572942734,0.4166666666666667
183,0.05645757541060448,0.055597513914108276,0.8600613594055175,0.10753872245550156,0.5
184,0.05689942662914594,0.05596343105038007,0.9359957059224446,0.10440051555633545,0.5666666666666667
185,0.05917496507366498,0.05821349446972211,0.9614706953366597,0.10691943019628525,0.4166666666666667
186,0.05942116503914197,0.058311378210783006,1.1097864667574564,0.10895970463752747,0.5333333333333333
187,0.06260025997956593,0.0615511621038119,1.0490979194641112,0.1079554334282875,0.5333333333333333
188,0.061080756783485415,0.060068294902642566,1.0124621192614238,0.11188767850399017,0.5
189,0.05913606981436412,0.05814488902688027,0.9911808212598164,0.1167147308588028,0.45
190,0.05730599239468574,0.05630875130494436,0.9972415725390117,0.12120413780212402,0.4666666666666667
191,0.0583870142698288,0.05745075171192487,0.9362623651822408,0.1268492192029953,0.43333333333333335
192,0.06258730043967566,0.06138577088713646,1.201529820760091,0.1167161762714386,0.5833333333333334
193,0.056759849687417346,0.055685872584581374,1.0739772280057271,0.1180979385972023,0.48333333333333334
194,0.05811433171232541,0.05714873000979424,0.9656020919481914,0.1103663370013237,0.43333333333333335
195,0.05663227066397667,0.05564228395620982,0.9899870594342549,0.1136559322476387,0.45
196,0.05888415277004242,0.05780327146251996,1.0808818340301514,0.10866402089595795,0.55
197,0.059160256385803224,0.05800764734546344,1.1526095072428386,0.10762535780668259,0.5333333333333333
198,0.06973163733879725,0.06837433576583862,1.3573018868764242,0.11133132129907608,0.45
199,0.05610011840860049,0.055123175183931984,0.9769439975420634,0.11348887532949448,0.55
200,0.059790078550577164,0.058775843928257625,1.0142345825831096,0.11249289661645889,0.4
201,0.058395081261793776,0.05739664137363434,0.998439880212148,0.10945617407560349,0.4666666666666667
202,0.05874470894535382,0.057863482584555946,0.8812271555264791,0.1259889453649521,0.45
203,0.06026950776576996,0.059272991369167964,0.9965158621470134,0.11482711881399155,0.48333333333333334
204,0.05890939931074778,0.05791817704836528,0.9912218610445659,0.12770453095436096,0.4666666666666667
205,0.05689095358053843,0.0559162308772405,0.9747230927149455,0.11129727214574814,0.5833333333333334
206,0.05973440185189247,0.05879591976602872,0.9384814302126566,0.11042298376560211,0.48333333333333334
207,0.061743155121803284,0.060711864133675894,1.0312907656033834,0.10678291320800781,0.5666666666666667
208,0.06168038124839465,0.06061693156758944,1.0634500662485757,0.11031020432710648,0.5666666666666667
209,0.0564789871374766,0.05557543834050496,0.9035489161809286,0.1094745397567749,0.55
210,0.06173412725329399,0.060537378489971164,1.1967487533887227,0.10880852490663528,0.4666666666666667
211,0.057749230911334354,0.056406531234582266,1.34269966284434,0.10821029543876648,0.48333333333333334
212,0.05887955253322919,0.05776297003030777,1.1165828466415406,0.12217903882265091,0.5
213,0.05834771916270256,0.05744538257519404,0.9023366093635559,0.11717595160007477,0.43333333333333335
214,0.060673105716705325,0.059399045258760455,1.2740602135658263,0.12839457392692566,0.5166666666666667
215,0.05818529898921649,0.05718997741738955,0.9953210512797038,0.12248696386814117,0.5833333333333334
216,0.05972766205668449,0.05881443892916043,0.913223123550415,0.12604857981204987,0.5
217,0.061688111474116646,0.06073361312349637,0.9544981439908345,0.13059523701667786,0.5166666666666667
218,0.060814360777537026,0.05983858332037926,0.9757778127988179,0.11955636739730835,0.5333333333333333
219,0.05866735850771268,0.05772841324408849,0.9389451543490092,0.10386811941862106,0.5166666666666667
220,0.060634117325146994,0.0596858985722065,0.948219088713328,0.12615038454532623,0.5666666666666667
221,0.05923578764001528,0.05811438038945198,1.1214069644610087,0.11973099410533905,0.6166666666666667
222,0.05681398262580236,0.055770139147837954,1.0438441236813862,0.11446674913167953,0.5333333333333333
223,0.056104856481154756,0.0552803635597229,0.8244927962621053,0.10714505612850189,0.4666666666666667
224,0.05532400111357371,0.05442208896080653,0.9019120732943217,0.11087828874588013,0.5666666666666667
225,0.0566460778315862,0.05577815448244413,0.8679225444793701,0.1160493865609169,0.43333333333333335
226,0.05620221669475237,0.055337891230980554,0.8643253604571025,0.12056179344654083,0.48333333333333334
227,0.05812911738952001,0.05712826947371165,1.0008479595184325,0.10845774412155151,0.5166666666666667
228,0.05531019742290179,0.05441108370820681,0.8991136829058329,0.11029351502656937,0.5166666666666667
229,0.055260390788316724,0.05439320579171181,0.867183776696523,0.11409737169742584,0.45
230,0.058073917279640834,0.05699111943443616,1.082796851793925,0.10768495500087738,0.5333333333333333
231,0.05924858550230662,0.05820694540937742,1.041639542579651,0.1031375601887703,0.4666666666666667
232,0.06658159991105397,0.06552821149428685,1.053388484319051,0.11161383241415024,0.55
233,0.06119816278417905,0.06002390036980311,1.1742618600527446,0.10630286484956741,0.45
234,0.05621855656305949,0.055059231072664264,1.1593252619107564,0.12306658923625946,0.43333333333333335
235,0.05634760633111,0.05543809433778127,0.9095120469729105,0.11098451912403107,0.55
236,0.05859787414471308,0.057656373580296835,0.9415009617805481,0.10942360013723373,0.45
237,0.059715430190165834,0.05875595559676488,0.959474241733551,0.13731591403484344,0.5
238,0.06342287088433901,0.06234199280540149,1.0808784683545432,0.12761741876602173,0.5166666666666667
239,0.058861011266708375,0.057742588222026825,1.1184230367342631,0.11641416698694229,0.43333333333333335
240,0.05846989527344704,0.057576882342497505,0.8930128216743469,0.11978929489850998,0.5666666666666667
241,0.05674962898095449,0.055738821625709534,1.0108070969581604,0.11536171287298203,0.38333333333333336
242,0.058051008731126785,0.05706712603569031,0.9838823397954305,0.11127947270870209,0.5333333333333333
243,0.05865936825672786,0.057692377765973406,0.9669904907544454,0.13484293222427368,0.4666666666666667
244,0.06170800055066745,0.06071333140134812,0.9946684122085572,0.11285810172557831,0.5166666666666667
245,0.05599722812573115,0.05505445251862208,0.9427757501602173,0.10515329241752625,0.5
246,0.05781636213262876,0.05694904749592145,0.8673150022824605,0.11184095591306686,0.45
247,0.05736906379461289,0.056487822781006496,0.8812405824661255,0.11748800426721573,0.48333333333333334
248,0.058329971631368,0.05741585766275724,0.9141143202781677,0.13717512786388397,0.6
249,0.059070635090271634,0.05799638753135999,1.0742472728093466,0.12175825983285904,0.48333333333333334
250,0.05936996738115947,0.05836240574717522,1.0075610558191934,0.13061100244522095,0.4166666666666667
251,0.06536399275064468,0.06396285618344942,1.4011364976565044,0.12277498096227646,0.5333333333333333
252,0.06197539195418358,0.06089148546258608,1.0839064757029215,0.12042512744665146,0.4166666666666667
253,0.05763272071878115,0.05653896927833557,1.093750794728597,0.1145365908741951,0.4166666666666667
254,0.05684371218085289,0.05570935706297556,1.1343550086021423,0.12039169669151306,0.5
255,0.05857404445608457,0.05748646979530652,1.0875745018323262,0.11482930183410645,0.5666666666666667
256,0.05638139421741168,0.05546765277783076,0.9137414654095968,0.10563682019710541,0.5166666666666667
257,0.06095261350274086,0.05991435845692952,1.0382543603579204,0.10719120502471924,0.48333333333333334
258,0.06126147881150246,0.06026676322023074,0.9947158416112264,0.11030062288045883,0.4166666666666667
259,0.058172783255577086,0.05708495924870173,1.0878238439559937,0.11673363298177719,0.6
260,0.05735039040446281,0.05623005504409472,1.120335058371226,0.1139681413769722,0.55
261,0.05656954571604729,0.05549936716755231,1.0701775153477986,0.10361327975988388,0.43333333333333335
262,0.0614970733722051,0.060445658614238104,1.0514149943987527,0.10373536497354507,0.5
263,0.06213238090276718,0.06081306040287018,1.3193197886149088,0.11190959811210632,0.38333333333333336
264,0.059439418961604436,0.05823006903131803,1.2093498309453328,0.10844296216964722,0.43333333333333335
265,0.05758838430047035,0.056253208716710405,1.3351757168769836,0.13686387240886688,0.43333333333333335
266,0.06270562534530957,0.06154271538058917,1.1629100680351256,0.11475497484207153,0.55
267,0.05698080907265345,0.05589040790994962,1.0904008825620015,0.10736799240112305,0.55
268,0.05985282907883326,0.05891675278544426,0.9360767404238383,0.10917437821626663,0.48333333333333334
269,0.05933967580397924,0.05845666577418645,0.8830107887585957,0.11576580256223679,0.38333333333333336
270,0.05617343237002691,0.05504107673962911,1.132355535030365,0.11022535711526871,0.6
271,0.05392869015534719,0.05309215734402339,0.836533232529958,0.11234806478023529,0.45
272,0.05553524643182754,0.054722315073013304,0.8129314144452413,0.11395478993654251,0.45
273,0.05686751132210096,0.05595688869555791,0.9106225808461507,0.10993950814008713,0.45
274,0.057008617619673414,0.056015978256861367,0.9926388581593831,0.11317332834005356,0.5666666666666667
275,0.05766909619172414,0.05662594387928645,1.0431516369183857,0.10449271649122238,0.5166666666666667
276,0.06020986164609591,0.05915549819668134,1.0543638189633688,0.11792764067649841,0.45
277,0.056638560444116595,0.05566061362624168,0.9779469807942708,0.10598311573266983,0.5666666666666667
278,0.05658287728826205,0.05569780617952347,0.8850711822509766,0.10384637117385864,0.6166666666666667
279,0.05762652854124705,0.05663234069943428,0.9941877285639446,0.10339616984128952,0.45
280,0.05954746976494789,0.058499857286612195,1.0476120193799336,0.11482422798871994,0.5333333333333333
281,0.055129154771566394,0.054123233258724215,1.0059213836987813,0.10383934527635574,0.48333333333333334
282,0.05962717632452647,0.058583570271730424,1.0436060229937236,0.10675555467605591,0.5166666666666667
283,0.05991027355194092,0.05864334801832835,1.2669257402420044,0.11913087964057922,0.43333333333333335
284,0.057026875267426176,0.05606145138541858,0.9654242356618246,0.10931365936994553,0.43333333333333335
285,0.05848221555352211,0.0573055145641168,1.176701049009959,0.12306451052427292,0.5833333333333334
286,0.0646454023818175,0.06331129347284635,1.3341084520022075,0.12896080315113068,0.4
287,0.061694883306821185,0.06042018930117289,1.2746941526730855,0.11017540842294693,0.5166666666666667
288,0.05579697613914807,0.05494554663697879,0.8514297922452291,0.10539915412664413,0.5166666666666667
289,0.05740280126531919,0.05649758776028951,0.905213459332784,0.11248289048671722,0.43333333333333335
290,0.05730933050314586,0.0562114492058754,1.0978813409805297,0.11095228046178818,0.6
291,0.0564818541208903,0.05554696172475815,0.9348922967910767,0.10643159598112106,0.4666666666666667
292,0.05510102982322375,0.05407135039567947,1.0296794613202414,0.10934002697467804,0.5833333333333334
293,0.057189600666364034,0.05630645528435707,0.8831456859906515,0.11554266512393951,0.5333333333333333
294,0.05917971506714821,0.05817977488040924,0.9999395728111267,0.11825020611286163,0.5666666666666667
295,0.05991080229481061,0.05874725033839544,1.163551429907481,0.11126405745744705,0.4
296,0.05799654225508372,0.05699674710631371,0.9997953097025554,0.10353272408246994,0.55
297,0.060613209505875905,0.0595379742483298,1.0752349535624186,0.11258818954229355,0.5
298,0.054317427426576616,0.053488228221734366,0.8291990001996358,0.11440196633338928,0.5666666666666667
299,0.05532918969790141,0.054206181317567825,1.1230080763498942,0.10364077985286713,0.43333333333333335
300,0.057967897752920786,0.05699700017770131,0.9708976308504741,0.1237809956073761,0.45
301,0.06467384397983551,0.06347667848070462,1.1971648772557577,0.1290363073348999,0.5166666666666667
302,0.06211511095364888,0.0607779527703921,1.3371580322583516,0.12458750605583191,0.48333333333333334
303,0.06339489718278249,0.062086205929517746,1.3086913665135702,0.12065377831459045,0.43333333333333335
304,0.05720573862393697,0.0561302105585734,1.0755279501279196,0.1089463159441948,0.5833333333333334
305,0.05466270893812179,0.053640271474917726,1.0224380970001221,0.11794073134660721,0.48333333333333334
306,0.054879420747359596,0.05393691857655843,0.9425026535987854,0.10964111983776093,0.5833333333333334
307,0.055334598074356714,0.054363707453012465,0.9708909710248311,0.10788502544164658,0.48333333333333334
308,0.054990356663862865,0.054024597505728404,0.9657591780026754,0.10420447587966919,0.4666666666666667
309,0.05744140495856603,0.056516913572947185,0.9244909524917603,0.11326181888580322,0.55
310,0.055039674043655396,0.05413837408026059,0.9012999137242635,0.10417753458023071,0.48333333333333334
311,0.05631996815403303,0.05544810394446055,0.8718644777933756,0.11225765198469162,0.5
312,0.05422705461581548,0.0533404141664505,0.8866403778394063,0.1100723072886467,0.45
313,0.05712613239884377,0.05607134128610293,1.0547916094462078,0.11900116503238678,0.5166666666666667
314,0.05826846684018771,0.057290017356475195,0.9784493525822957,0.11530933529138565,0.5333333333333333
315,0.055809126297632856,0.05485682810346285,0.952298641204834,0.11074220389127731,0.5166666666666667
316,0.05825757881005605,0.05730965286493302,0.9479261795679729,0.10890483856201172,0.45
317,0.0600113774339358,0.05898076022664706,1.0306175112724305,0.11786551028490067,0.36666666666666664
318,0.05674749240279198,0.05588059226671855,0.8668999910354614,0.1151696965098381,0.5
319,0.05529800777633985,0.054385270178318026,0.912737238407135,0.13044273853302002,0.45
320,0.06052265390753746,0.059564420580863954,0.9582332332928976,0.11755242198705673,0.4666666666666667
321,0.055817478150129315,0.05477316776911418,1.044310414791107,0.11480438709259033,0.48333333333333334
322,0.05778699939449628,0.056735078990459445,1.0519205649693808,0.12007845938205719,0.5333333333333333
323,0.05621987680594127,0.05521518165866534,1.0046946287155152,0.11927703768014908,0.4166666666666667
324,0.05678207725286484,0.055745209505160646,1.036868449052175,0.11611002683639526,0.4
325,0.05651169270277023,0.05546772728363673,1.04396497408549,0.12793892621994019,0.55
326,0.06089283848802249,0.05987301121155421,1.0198269645373026,0.11374049633741379,0.5666666666666667
327,0.05869719435771306,0.0577202282845974,0.9769668539365133,0.12372636795043945,0.43333333333333335
328,0.06010237261652947,0.05876498098174731,1.3373912493387858,0.12203700840473175,0.6166666666666667
329,0.061808900783459346,0.06062318508823713,1.1857161243756613,0.11354650557041168,0.48333333333333334
330,0.05552972281972567,0.054516574492057164,1.0131484945615132,0.10661447048187256,0.5
331,0.05608518123626709,0.05509557078282038,0.9896105806032817,0.10572246462106705,0.36666666666666664
332,0.05845254758993785,0.05744797587394714,1.0045719583829245,0.10872605443000793,0.55
333,0.05680103302001953,0.05574238523840904,1.0586477438608806,0.11387701332569122,0.48333333333333334
334,0.05869527012109756,0.05758293941617012,1.112330671151479,0.1398196667432785,0.5
335,0.06388249024748802,0.06262198413411776,1.2605058272679648,0.11332716047763824,0.5333333333333333
336,0.056624219318230945,0.055536229908466336,1.0879889011383057,0.10965045541524887,0.45
337,0.055712377776702245,0.054749027887980146,0.9633501370747884,0.11826426535844803,0.4666666666666667
338,0.05438617716232936,0.053454328576723734,0.9318485577901204,0.11965154111385345,0.5166666666666667
339,0.057436889658371605,0.056547895073890686,0.8889937917391459,0.11068176478147507,0.5666666666666667
340,0.059444135427474974,0.05819504484534264,1.249090321858724,0.13295331597328186,0.48333333333333334
341,0.060193225741386414,0.0590846578280131,1.1085680683453878,0.10693731158971786,0.4166666666666667
342,0.053769768526156746,0.052814957002798715,0.9548116127649943,0.1041000485420227,0.5166666666666667
343,0.0551281010111173,0.054160898675521214,0.9672027508417765,0.10617315769195557,0.5833333333333334
344,0.05510329827666283,0.05415820454557737,0.9450935800870259,0.11879017949104309,0.5333333333333333
345,0.05554359306891759,0.05464172785480817,0.9018653432528178,0.1049288660287857,0.4666666666666667
346,0.05613699331879616,0.05523264482617378,0.9043482184410095,0.12656018137931824,0.5666666666666667
347,0.06154425243536631,0.06053235729535421,1.0118950804074605,0.14842158555984497,0.55
348,0.06567613159616788,0.06431762973467509,1.3585020979245503,0.11689082533121109,0.4666666666666667
349,0.05732009733716647,0.055950612078110376,1.3694852471351624,0.11993642896413803,0.48333333333333334
350,0.05692368820309639,0.055836333086093266,1.0873554468154907,0.11169687658548355,0.43333333333333335
351,0.05268062974015872,0.05176204020778338,0.9185889561971029,0.12012685090303421,0.5666666666666667
352,0.055525943140188855,0.05463472654422124,0.8912168979644776,0.11457618325948715,0.4
353,0.05232791155576706,0.05145572150746981,0.8721902330716451,0.12391555309295654,0.4666666666666667
354,0.05745281676451365,0.05648891255259514,0.9639044443766276,0.11468138545751572,0.5166666666666667
355,0.05776937653621038,0.056795439372460045,0.9739372531572977,0.11213433742523193,0.55
356,0.05495003735025724,0.05396131748954455,0.9887197335561116,0.10774295777082443,0.45
357,0.056741642951965335,0.05564842497309049,1.0932183305422465,0.10764865577220917,0.5166666666666667
358,0.05372003441055616,0.05280111581087112,0.9189190705617268,0.11247764527797699,0.4666666666666667
359,0.054149520397186277,0.05325741097331047,0.892109219233195,0.11039644479751587,0.55
360,0.05461836482087771,0.05375786970059077,0.8604950547218323,0.108104407787323,0.48333333333333334
361,0.054894506682952246,0.05407039746642113,0.824108898639679,0.10805586725473404,0.5
362,0.054392859091361365,0.053527158002058664,0.8657013217608134,0.10722316801548004,0.5166666666666667
363,0.05501643046736717,0.05417641575137774,0.8400145173072815,0.12096728384494781,0.4666666666666667
364,0.056112506240606305,0.05517632688085238,0.9361792802810669,0.11559111624956131,0.5
365,0.05701761394739151,0.055982365955909094,1.0352478702863057,0.11125560104846954,0.43333333333333335
366,0.054923984905083975,0.053916874279578524,1.0071107069651286,0.10987463593482971,0.5166666666666667
367,0.05917680785059929,0.0581187995771567,1.0580080310503641,0.10495200008153915,0.5
368,0.05637999971707662,0.05548166359464327,0.8983358979225159,0.1114792600274086,0.5333333333333333
369,0.056438878923654553,0.05547242561976115,0.9664530754089355,0.10859750211238861,0.5
370,0.054161395380894345,0.05328621168931325,0.8751834829648336,0.10631506890058517,0.5166666666666667
371,0.05885408769051234,0.057792773097753526,1.0613145271937052,0.11944698542356491,0.45
372,0.055618612468242644,0.05474295069773992,0.8756613890329997,0.10225453972816467,0.55
373,0.05784297784169515,0.05691340068976084,0.929576822121938,0.10461726784706116,0.5
374,0.054653231799602506,0.05374543567498525,0.9077959775924682,0.11627212166786194,0.5666666666666667
375,0.05435685689250628,0.0533702090382576,0.9866475939750672,0.10477393120527267,0.4166666666666667
376,0.05883447676897049,0.05788811867435773,0.9463585178057353,0.10656663030385971,0.45
377,0.05991455813248952,0.0587401899198691,1.1743682622909546,0.11024647951126099,0.5166666666666667
378,0.05830860361456871,0.05710034295916557,1.2082602620124816,0.10963048040866852,0.55
379,0.05614856258034706,0.05519809400041898,0.9504682501157125,0.11231774836778641,0.4666666666666667
380,0.05406349872549375,0.05323809509476026,0.8254033207893372,0.11661576479673386,0.48333333333333334
381,0.05489027748505274,0.054055271794398625,0.8350060621897379,0.104849673807621,0.5
382,0.058256460229555766,0.057275137801965074,0.9813230951627095,0.11185199022293091,0.48333333333333334
383,0.054705817997455594,0.053794281433025996,0.911536431312561,0.10832314193248749,0.5333333333333333
384,0.05293723543485006,0.05208103507757187,0.8562001307805379,0.1262567639350891,0.4666666666666667
385,0.0551064133644104,0.05415447503328323,0.9519387602806091,0.11952124536037445,0.43333333333333335
386,0.056408750265836714,0.05540915702780088,0.9995938738187155,0.11570838838815689,0.5333333333333333
387,0.05395203481117884,0.05297236343224843,0.9796712716420491,0.11310482025146484,0.43333333333333335
388,0.05422112171848615,0.05316140900055567,1.059712282816569,0.1221139058470726,0.5166666666666667
389,0.056031804780165353,0.05497004141410192,1.061763064066569,0.11028550565242767,0.4
390,0.05421663026014964,0.05326437031229337,0.9522599101066589,0.11970129609107971,0.5
391,0.05143377433220545,0.05064572170376778,0.7880525747934978,0.11909721046686172,0.4666666666666667
392,0.0529561052719752,0.052012866238753,0.943238623936971,0.10526295751333237,0.4666666666666667
393,0.061443458000818886,0.06037937477231026,1.0640837947527568,0.11800330132246017,0.5166666666666667
394,0.06286220053831736,0.06173169538378716,1.1305057803789775,0.1093687191605568,0.5833333333333334
395,0.05520028794805209,0.05411816363533338,1.0821243286132813,0.11117397248744965,0.48333333333333334
396,0.05222553784648577,0.05129440849026044,0.9311294754346212,0.12425673753023148,0.5166666666666667
397,0.05595027630527814,0.05495465323328972,0.9956232070922851,0.11341197788715363,0.45
398,0.057014193882544834,0.055762083580096565,1.2521105329195659,0.10382632911205292,0.48333333333333334
399,0.06025047625104586,0.059223536401987076,1.026940111319224,0.10663959383964539,0.4166666666666667
400,0.05988748570283254,0.0588716022670269,1.0158832629521688,0.10944198071956635,0.5166666666666667
401,0.05583176910877228,0.05489330266912778,0.9384659608205159,0.10672599077224731,0.5333333333333333
402,0.05449598357081413,0.053620522220929466,0.8754614432652791,0.10574842244386673,0.4666666666666667
403,0.05841170226534208,0.05747912327448527,0.9325790325800578,0.10719183087348938,0.48333333333333334
404,0.06485194688042005,0.06359487771987915,1.2570690671602884,0.11444099992513657,0.5333333333333333
405,0.0572679045299689,0.05617557192842166,1.0923317631085714,0.11825112253427505,0.4166666666666667
406,0.05902634089191754,0.057835008452335995,1.1913316607475282,0.11469564586877823,0.48333333333333334
407,0.05635605479280154,0.0553720235824585,0.9840308825174967,0.10870753228664398,0.5166666666666667
408,0.05817875390251478,0.05717499852180481,1.0037556608517966,0.1050427034497261,0.4166666666666667
409,0.06220094561576843,0.061152885854244235,1.0480598330497741,0.11162438988685608,0.5333333333333333
410,0.05656978189945221,0.055535523345073064,1.0342586636543274,0.11648042500019073,0.4666666666666667
411,0.05412080859144529,0.05321328416466713,0.9075242360432942,0.1178308054804802,0.45
412,0.05231935183207194,0.05147806877891223,0.8412828008333842,0.11833951622247696,0.5833333333333334
413,0.05233659421404203,0.05154344464341799,0.7931494593620301,0.10381480306386948,0.5
414,0.0550801749030749,0.05421370267868042,0.8664722800254822,0.1089230626821518,0.5
415,0.05223407447338104,0.05141426796714465,0.8198060909907023,0.10303553938865662,0.5166666666666667
416,0.05595158562064171,0.05508507465322812,0.8665103236834208,0.10456323623657227,0.4666666666666667
417,0.05798776124914487,0.056870889166990915,1.1168723940849303,0.10384860634803772,0.48333333333333334
418,0.05529482091466586,0.05417302002509435,1.1218008001645405,0.11291446536779404,0.5166666666666667
419,0.052214482923348744,0.05129670153061549,0.9177810311317444,0.11146355420351028,0.43333333333333335
420,0.05463712761799495,0.05377631882826487,0.8608091036478679,0.11766572296619415,0.5666666666666667
421,0.054108128696680066,0.05322392284870148,0.884205448627472,0.11741621047258377,0.5166666666666667
422,0.0530289667348067,0.05215393180648486,0.8750343243281047,0.1132843941450119,0.5833333333333334
423,0.05392288441459338,0.05295756881435712,0.965315330028534,0.11231954395771027,0.4
424,0.05431129311521848,0.05334943508108457,0.9618576248486836,0.12118983268737793,0.5
425,0.053513471782207486,0.05265144432584445,0.8620275179545085,0.11052492260932922,0.5333333333333333
426,0.05380845169226329,0.05295050690571467,0.8579449772834777,0.1166675016283989,0.5333333333333333
427,0.06383483832081159,0.06269087195396424,1.143966507911682,0.11426662653684616,0.48333333333333334
428,0.055986371884743376,0.05489149043957393,1.0948815147082012,0.11690687388181686,0.5
429,0.057304984082778294,0.05607587695121765,1.2291061997413635,0.11837118864059448,0.38333333333333336
430,0.05560767153898875,0.05443260868390401,1.175062346458435,0.11614836007356644,0.55
431,0.054722965508699414,0.053792915493249896,0.9300499598185221,0.1057877317070961,0.48333333333333334
432,0.06008236408233643,0.0589645783106486,1.117785135904948,0.10575449466705322,0.4666666666666667
433,0.05424920891722043,0.05319866587718328,1.0505429983139039,0.11530652642250061,0.43333333333333335
434,0.05429894228776296,0.05346701145172119,0.8319312373797099,0.10643571615219116,0.5833333333333334
435,0.053054671237866086,0.05222529595096906,0.8293744405110677,0.11179599910974503,0.43333333333333335
436,0.05421083196997643,0.0532687413195769,0.9420905232429504,0.11280111968517303,0.5666666666666667
437,0.052354746311903,0.05139417499303818,0.9605716586112976,0.10795672237873077,0.4166666666666667
438,0.054009902228911714,0.05292060871918996,1.0892936746279398,0.10984915494918823,0.48333333333333334
439,0.05716776673992475,0.05603734031319618,1.1304262121518454,0.10553853958845139,0.55
440,0.05286896328131358,0.052027031282583874,0.8419318715731303,0.11016660928726196,0.4
441,0.052220718810955684,0.05142087861895561,0.7998401363690694,0.11764461547136307,0.5
442,0.05186136687795321,0.05106905524929364,0.7923115412394206,0.12025462090969086,0.5333333333333333
443,0.05316592479745547,0.052307618161042534,0.8583063920338948,0.1047043576836586,0.6
444,0.05438781132300695,0.05331482713421186,1.0729842901229858,0.11493658274412155,0.4666666666666667
445,0.05276477634906769,0.05176044205824534,1.0043344020843505,0.10816361755132675,0.5166666666666667
446,0.05182773917913437,0.05095602398117383,0.8717151045799255,0.11520198732614517,0.5666666666666667
447,0.053840469320615134,0.05296219612161319,0.8782732566197713,0.10334061831235886,0.5833333333333334
448,0.05326096812884013,0.052385248243808746,0.8757199764251709,0.10703396797180176,0.43333333333333335
449,0.052907489736874896,0.052135828385750455,0.7716609915097554,0.10543003678321838,0.5166666666666667
450,0.05142584542433421,0.05061406418681145,0.811781398455302,0.10969791561365128,0.4666666666666667
451,0.05291707118352254,0.052142234643300374,0.7748370150725047,0.10971257835626602,0.4666666666666667
452,0.05543345188101133,0.05453472584486008,0.8987261176109314,0.13112950325012207,0.5833333333333334
453,0.05420489758253098,0.05329714516798655,0.9077521483103435,0.11766007542610168,0.48333333333333334
454,0.05762137100100517,0.056707259515921274,0.9141118288040161,0.1064620390534401,0.55
455,0.05435098186135292,0.053364131848017374,0.9868502537409465,0.10745372623205185,0.5833333333333334
456,0.053191597759723666,0.05230205183227857,0.8895463148752848,0.11098206788301468,0.5166666666666667
457,0.053611528625090915,0.05266477515300115,0.9467532714207967,0.10730443149805069,0.43333333333333335
458,0.05306984037160874,0.05212779293457667,0.9420472304026286,0.11539126932621002,0.5166666666666667
459,0.05074486484130224,0.04989098459482193,0.8538801987965902,0.10463003069162369,0.5666666666666667
460,0.05535302832722664,0.05434283365805944,1.0101944088935852,0.10822008550167084,0.4666666666666667
461,0.05405699635545413,0.05314734280109405,0.909653369585673,0.10999811440706253,0.48333333333333334
462,0.054515763620535534,0.053497861077388124,1.0179023424784341,0.10770997405052185,0.5333333333333333
463,0.05323820486664772,0.05224697465697924,0.9912300109863281,0.11715029925107956,0.5
464,0.05202025001247724,0.0511858306825161,0.834419047832489,0.12635864317417145,0.5666666666666667
465,0.05565815766652425,0.054814548790454866,0.8436083197593689,0.1282482147216797,0.5333333333333333
466,0.058090597142775854,0.05714571053783099,0.9448866685231526,0.1173979863524437,0.48333333333333334
467,0.05506499633193016,0.054119922965765,0.9450740814208984,0.10674824565649033,0.4666666666666667
468,0.05845017060637474,0.0575189674894015,0.9312026341756184,0.10665397346019745,0.5333333333333333
469,0.055573934813340505,0.05456096480290095,1.0129703323046366,0.11032922565937042,0.38333333333333336
470,0.05094869087139765,0.05000576054056485,0.9429303089777629,0.10533057898283005,0.5333333333333333
471,0.05253717030088107,0.05167629321416219,0.8608771602312724,0.11295704543590546,0.45
472,0.05248765821258227,0.05163278803229332,0.854870331287384,0.11962199956178665,0.5833333333333334
473,0.055118928849697116,0.05417327533165614,0.9456538478533427,0.12225276976823807,0.55
474,0.05569971054792404,0.05470682755112648,0.9928829511006673,0.11059893667697906,0.45
475,0.05352370465795199,0.05257610852519671,0.9475959698359172,0.11169315129518509,0.5
476,0.05337147191166878,0.052419336140155794,0.9521360397338867,0.11407168954610825,0.5333333333333333
477,0.05411642243464788,0.053209344297647475,0.9070783456166586,0.11872043460607529,0.5
478,0.05516340161363284,0.05431055078903834,0.8528512517611185,0.11066454648971558,0.5
479,0.05694021334250768,0.05599324504534404,0.9469680507977803,0.11105053126811981,0.48333333333333334
480,0.053891635437806444,0.05300681789716085,0.8848169922828675,0.1109924465417862,0.55
481,0.05429646993676821,0.053314226865768435,0.9822432518005371,0.11571261286735535,0.4
482,0.05418868412574132,0.05304987331231435,1.138810972372691,0.11860262602567673,0.48333333333333334
483,0.05317403574784597,0.052255343397458395,0.9186925093332926,0.11011959612369537,0.4
484,0.05588766758640607,0.054857982943455376,1.0296837925910949,0.11535974591970444,0.5166666666666667
485,0.053631753226121265,0.05270130733648936,0.9304459810256958,0.10445059090852737,0.5666666666666667
486,0.05220313519239426,0.05129619464278221,0.906940738360087,0.10553477704524994,0.43333333333333335
487,0.05920683195193609,0.058279598504304884,0.927233608563741,0.11066628992557526,0.4166666666666667
488,0.05371136292815208,0.05276626845200857,0.9450947244962057,0.11249954253435135,0.5666666666666667
489,0.052703987310330075,0.05184268405040105,0.8613035718599955,0.11917540431022644,0.45
490,0.05576145847638448,0.05478691111008326,0.9745473265647888,0.13205021619796753,0.6166666666666667
491,0.054674420754114786,0.0535824716091156,1.0919492363929748,0.11095602065324783,0.4166666666666667
492,0.054934615890185036,0.053925707439581555,1.0089089790980021,0.10942868143320084,0.5166666666666667
493,0.05356045638521512,0.0526852493484815,0.8752073327700297,0.11580688506364822,0.4666666666666667
494,0.053412495801846184,0.052581363419691725,0.8311325987180074,0.10864980518817902,0.55
495,0.05294679875175158,0.052095409979422885,0.851388172308604,0.1121826171875,0.5166666666666667
496,0.051469003409147264,0.05067028701305389,0.7987165530522664,0.12081702798604965,0.48333333333333334
497,0.05309680526455243,0.052247946212689085,0.8488592783610026,0.11150582879781723,0.5333333333333333
498,0.05246221746007602,0.051560714344183606,0.9015026489893595,0.1208776980638504,0.43333333333333335
499,0.05277621721227964,0.05192890812953313,0.847309160232544,0.10939494520425797,0.4666666666666667
500,0.054299883792797723,0.053399813423554106,0.9000697890917461,0.10598781704902649,0.43333333333333335
