epoch,train_loss,rmse_loss,trend_loss,val_rmse,val_trend_acc
0,0.3145395666360855,0.30292896628379823,11.61060282389323,0.1502046287059784,0.5166666666666667
1,0.11091456562280655,0.10686460584402084,4.049960215886434,0.1276535987854004,0.5
2,0.08268947104612986,0.07989424914121628,2.795222552617391,0.10357309877872467,0.49166666666666664
3,0.07323195884625117,0.07105248471101125,2.1794748385747273,0.09904250502586365,0.475
4,0.07023361846804618,0.06848729600509008,1.7463223934173584,0.09774298965930939,0.5083333333333333
5,0.07298488815625509,0.07112140605847041,1.8634816726048788,0.10354708135128021,0.49166666666666664
6,0.07184765587250391,0.0701141486565272,1.7335084676742554,0.10136057436466217,0.5666666666666667
7,0.06773298333088557,0.0659787818789482,1.75420134862264,0.09649302810430527,0.5166666666666667
8,0.06636364633838336,0.0649695875744025,1.3940580050150553,0.09290465712547302,0.48333333333333334
9,0.06553549071153005,0.06424098586042722,1.2945051153500875,0.09986073523759842,0.5083333333333333
10,0.06980491206049919,0.06839375073711078,1.4111616770426432,0.09432625770568848,0.5333333333333333
11,0.06552348310748736,0.06414049242933591,1.3829914569854735,0.09587013721466064,0.5083333333333333
12,0.06717025016744932,0.06582488616307576,1.3453636169433594,0.09630566090345383,0.5
13,0.06749195208152135,0.0660052532951037,1.486698365211487,0.10378331691026688,0.525
14,0.06626219774285952,0.06472778817017873,1.5344086726506552,0.09058968722820282,0.49166666666666664
15,0.06650958905617396,0.06516010016202926,1.3494888226191202,0.09502515196800232,0.49166666666666664
16,0.06402314454317093,0.06271147852142651,1.3116652687390646,0.10342484712600708,0.475
17,0.0683499405781428,0.06695337196191152,1.3965691010157266,0.0932839885354042,0.5666666666666667
18,0.06607298652331034,0.0646826741596063,1.3903112649917602,0.0936710387468338,0.575
19,0.06497544000546138,0.0636723426481088,1.3030971844991048,0.09255361557006836,0.5333333333333333
20,0.06437622085213661,0.06306956211725871,1.3066588242848713,0.09458214789628983,0.4666666666666667
21,0.06512413024902344,0.0637536329527696,1.370496944586436,0.09370526671409607,0.5166666666666667
22,0.06165165727337201,0.06044411187370618,1.2075456698735556,0.09264957159757614,0.525
23,0.06325188875198365,0.06212080965439479,1.1310782591501871,0.09219963103532791,0.5
24,0.0687729574739933,0.06758407205343246,1.1888849496841432,0.09416184574365616,0.5083333333333333
25,0.06786492988467216,0.0665669190386931,1.2980106194814047,0.09700853377580643,0.48333333333333334
26,0.06177334462602933,0.06061691219607989,1.1564326326052348,0.09519089758396149,0.5083333333333333
27,0.0650298997759819,0.06380431527892748,1.2255844831466676,0.09463309496641159,0.4583333333333333
28,0.06277396157383919,0.06155280843377113,1.2211532632509867,0.09556913375854492,0.5333333333333333
29,0.06385663871963819,0.06261236220598221,1.2442759076754253,0.10072636604309082,0.5
30,0.06408207342028618,0.06278693750500679,1.2951346357663474,0.09680512547492981,0.475
31,0.0620504230260849,0.06088395615418752,1.1664664665857951,0.09037716686725616,0.5333333333333333
32,0.06369291792313257,0.06248488326867421,1.208034638563792,0.09199084341526031,0.5083333333333333
33,0.062013015151023865,0.060856936623652776,1.1560779054959616,0.09261954575777054,0.48333333333333334
34,0.06591722294688225,0.06464020758867264,1.2770151575406392,0.0904066264629364,0.5166666666666667
35,0.06732525303959846,0.06601386542121569,1.3113865852355957,0.09630781412124634,0.5083333333333333
36,0.0681149626771609,0.0668279379606247,1.2870242635409037,0.10805480182170868,0.475
37,0.07245603601137797,0.07113516752918561,1.3208683649698894,0.09901921451091766,0.4166666666666667
38,0.07586072112123171,0.07419896299640337,1.661757270495097,0.09886529296636581,0.49166666666666664
39,0.06600709979732831,0.06462572738528252,1.3813727617263794,0.09197536110877991,0.5
40,0.06254120618104934,0.061291057616472244,1.250148316224416,0.09227930009365082,0.5166666666666667
41,0.06636853019396464,0.06491235146919887,1.4561779737472533,0.09372630715370178,0.4666666666666667
42,0.0646373192469279,0.06333236694335938,1.3049516638120016,0.09116502851247787,0.5
43,0.06222828303774198,0.06108484591046969,1.1434364597002664,0.09329703450202942,0.5416666666666666
44,0.06447825357317924,0.06333705186843872,1.14120165904363,0.0973644107580185,0.5083333333333333
45,0.06173740526040395,0.060571837176879244,1.1655683755874633,0.09145776182413101,0.45
46,0.06238137086232503,0.061268407851457596,1.1129624485969543,0.09689192473888397,0.4666666666666667
47,0.05980889101823171,0.058774302651484804,1.0345879038174948,0.09102852642536163,0.49166666666666664
48,0.06292012656728427,0.061730951567490894,1.189175045490265,0.09531920403242111,0.48333333333333334
49,0.06185888350009918,0.06058205415805181,1.2768291354179382,0.08988907933235168,0.55
50,0.06292603487769763,0.06182294363776843,1.1030911962191263,0.09504581242799759,0.5166666666666667
51,0.06359007135033608,0.06242499426007271,1.1650768280029298,0.0922875702381134,0.49166666666666664
52,0.06119644691546758,0.059908187637726464,1.2882592916488647,0.09135841578245163,0.5333333333333333
53,0.06514317691326141,0.06376400366425514,1.3791732827822367,0.09561693668365479,0.525
54,0.0659469763437907,0.06456458146373431,1.3823950091997783,0.09337487816810608,0.5416666666666666
55,0.06301755333940189,0.06172058756152789,1.2969653169314066,0.09086186438798904,0.6083333333333333
56,0.06037239283323288,0.05937271888057391,0.9996739586194356,0.09264853596687317,0.5416666666666666
57,0.06305310154954592,0.06198003167907397,1.073069194952647,0.09208944439888,0.5083333333333333
58,0.06668200070659319,0.06521452069282532,1.4674806515375773,0.09235872328281403,0.5666666666666667
59,0.06273429443438848,0.061307666699091594,1.4266280810038248,0.09244833141565323,0.55
60,0.061763199418783186,0.06047678266962369,1.2864165544509887,0.09322018921375275,0.525
61,0.05878906324505806,0.057744143158197404,1.0449198563893636,0.09460815042257309,0.5833333333333334
62,0.05926808044314384,0.05826356237133344,1.0045178055763244,0.08942840248346329,0.5
63,0.06142988254626592,0.060339590658744176,1.0902910828590393,0.09734344482421875,0.48333333333333334
64,0.06197967107097308,0.06066048890352249,1.3191819310188293,0.09341490268707275,0.5
65,0.061106877774000166,0.05982224543889363,1.2846323768297832,0.09153001010417938,0.5333333333333333
66,0.06992401580015818,0.06875600516796113,1.168010683854421,0.09375281631946564,0.5166666666666667
67,0.06490728010733922,0.06366571734348933,1.2415621240933736,0.09218202531337738,0.5166666666666667
68,0.06377214541037877,0.062467056016127266,1.3050891081492106,0.09217187017202377,0.525
69,0.05926728496948878,0.058162447065114975,1.1048377315203348,0.09176789224147797,0.5083333333333333
70,0.06019398222366969,0.05907426575819651,1.1197165568669638,0.09055796265602112,0.525
71,0.05671790167689324,0.055670986076196034,1.0469157059987386,0.09360102564096451,0.5666666666666667
72,0.058365637063980104,0.057306676357984546,1.0589615782101949,0.08889009058475494,0.55
73,0.058731912076473235,0.057821242759625115,0.9106693744659424,0.08946596831083298,0.475
74,0.060506774981816606,0.05947358831763268,1.033186105887095,0.09218595921993256,0.4666666666666667
75,0.06468725055456162,0.06349464704593023,1.1926023960113525,0.09901498258113861,0.45
76,0.06120782569050789,0.06013926391800244,1.0685619831085205,0.09314799308776855,0.5
77,0.05992468719681104,0.05882308110594749,1.1016058166821798,0.09271342307329178,0.5
78,0.05932071432471275,0.05825468550125758,1.0660282055536905,0.09100448340177536,0.5416666666666666
79,0.05988082711895307,0.05871982375780741,1.161002759138743,0.0910489559173584,0.48333333333333334
80,0.05639331812659899,0.055330069114764534,1.0632492820421855,0.09208007156848907,0.475
81,0.060899529109398526,0.059669623027245204,1.229905943075816,0.09697607159614563,0.49166666666666664
82,0.05948013986150424,0.058431627601385115,1.0485124985376995,0.08912049233913422,0.5
83,0.05947300444046656,0.05844152296582858,1.0314817428588867,0.09084970504045486,0.6
84,0.05887846996386846,0.05777852386236191,1.0999459187189737,0.08856039494276047,0.525
85,0.0603204811612765,0.05901365478833517,1.3068270484606426,0.09097162634134293,0.525
86,0.05969941442211469,0.058620090534289675,1.0793238520622253,0.09069247543811798,0.5
87,0.0558787705997626,0.05494040374954542,0.9383666038513183,0.08853361755609512,0.49166666666666664
88,0.06351397931575775,0.06237072671453158,1.1432520230611165,0.09234946221113205,0.475
89,0.060293343663215634,0.05919934138655662,1.0940018971761067,0.08974049985408783,0.49166666666666664
90,0.05787953212857246,0.05675884236892064,1.1206902583440146,0.09066453576087952,0.475
91,0.05794960210720698,0.056740404665470125,1.209197990099589,0.09672898799180984,0.48333333333333334
92,0.06173314154148102,0.06064480716983477,1.088334854443868,0.09470665454864502,0.5
93,0.05738462309042613,0.056417857358853025,0.966765824953715,0.09071505069732666,0.575
94,0.055615692089001335,0.05457864801088969,1.0370436151822409,0.0881267637014389,0.5083333333333333
95,0.055701068292061486,0.05476645926634471,0.9346095999081929,0.0905131995677948,0.49166666666666664
96,0.057086627930402756,0.05605865071217219,1.0279770572980245,0.09111646562814713,0.4666666666666667
97,0.05634666581948598,0.05539958154161771,0.9470839579900105,0.08784958720207214,0.48333333333333334
98,0.05954393893480301,0.058421021699905394,1.1229170560836792,0.08999428153038025,0.525
99,0.05777429789304733,0.05680078814427058,0.9735100388526916,0.08929454535245895,0.44166666666666665
100,0.05952317814032237,0.05854137564698855,0.9818024714787801,0.09601543843746185,0.5083333333333333
101,0.06211211830377579,0.061044130971034366,1.0679874658584594,0.09833910316228867,0.48333333333333334
102,0.06184566766023636,0.060791960110267,1.0537073612213135,0.0894639790058136,0.525
103,0.05952456444501877,0.058544281870126724,0.980281654993693,0.0866551473736763,0.49166666666666664
104,0.06062268043557803,0.05954053451617559,1.0821455717086792,0.09041313827037811,0.5
105,0.059461521357297896,0.05835077688097954,1.1107446432113648,0.09585776925086975,0.4583333333333333
106,0.0578412264585495,0.05673571104804675,1.1055150548617045,0.08984113484621048,0.525
107,0.055031702915827437,0.05401186645030975,1.0198368986447652,0.08800655603408813,0.5166666666666667
108,0.05599813635150592,0.05484742298722267,1.150713276863098,0.08897324651479721,0.48333333333333334
109,0.05750862881541252,0.05651382580399513,0.9948028643925985,0.0928860455751419,0.48333333333333334
110,0.055489656825860344,0.05440128967165947,1.0883673747380576,0.08921350538730621,0.5166666666666667
111,0.05572034741441409,0.05469323794047038,1.027109440167745,0.09355974942445755,0.48333333333333334
112,0.05723481128613154,0.056152487297852834,1.0823235591252645,0.08909596502780914,0.4666666666666667
113,0.055495789647102355,0.05442867701252301,1.0671123663584392,0.09080711752176285,0.525
114,0.05635036751627922,0.05528331721822421,1.067050615946452,0.08783745020627975,0.49166666666666664
115,0.05801137213905652,0.056841618319352465,1.1697536985079446,0.09029080718755722,0.525
116,0.056925045947233834,0.05602906520167986,0.895980687936147,0.09081831574440002,0.5583333333333333
117,0.05637209539612134,0.055509741852680844,0.8623540083567302,0.08982191979885101,0.5083333333333333
118,0.05628853936990102,0.05541224305828412,0.8762965639432271,0.09271222352981567,0.5416666666666666
119,0.058682664980491,0.05769070287545522,0.9919623374938965,0.09478253126144409,0.4583333333333333
120,0.05824013153711955,0.057134909679492314,1.1052226066589355,0.09076455980539322,0.5416666666666666
121,0.0537637323141098,0.05293780565261841,0.8259267528851827,0.0926780253648758,0.55
122,0.057226664821306866,0.056157449881235756,1.0692150036493937,0.09023422002792358,0.48333333333333334
123,0.0585849625368913,0.05751322035988172,1.0717422882715861,0.08810525387525558,0.5416666666666666
124,0.05984205603599548,0.0587452583014965,1.0967975497245788,0.09075319766998291,0.55
125,0.05548290510972341,0.05447377786040306,1.0091272234916686,0.09138079732656479,0.5083333333333333
126,0.05751377965013186,0.05652110427618027,0.9926754554112752,0.09081409126520157,0.575
127,0.06400276720523834,0.0629460612932841,1.0567059159278869,0.09890769422054291,0.525
128,0.06305338715513548,0.06185670420527458,1.1966822187105814,0.09585097432136536,0.4666666666666667
129,0.05728608990708987,0.056042358527580896,1.2437311013539631,0.08826945722103119,0.5
130,0.055883838484684624,0.05463881492614746,1.2450238943099976,0.09182347357273102,0.55
131,0.056191271046797435,0.05500946491956711,1.181805952390035,0.08882106840610504,0.5416666666666666
132,0.05411602109670639,0.053090061992406845,1.0259595433870952,0.08918696641921997,0.5083333333333333
133,0.05440136939287186,0.05351354653636615,0.887822437286377,0.08660033345222473,0.55
134,0.05761520812908808,0.056619202345609666,0.996005380153656,0.08802663534879684,0.475
135,0.05745787272850673,0.056442105770111085,1.0157671491305034,0.09258193522691727,0.5416666666666666
136,0.056617614130179086,0.05572525536020597,0.8923591256141663,0.09291327744722366,0.475
137,0.05446610574920972,0.05356571649511655,0.9003894964853922,0.09139001369476318,0.5416666666666666
138,0.053799766053756075,0.05274706532557805,1.0527009129524232,0.08973084390163422,0.475
139,0.055138322959343594,0.05399543469150861,1.142888573805491,0.09651705622673035,0.4666666666666667
140,0.05788831238945325,0.05672143176198006,1.166880973180135,0.09317782521247864,0.5166666666666667
141,0.05787126446763675,0.056675351907809576,1.1959128459294637,0.09494064003229141,0.475
142,0.052412084241708116,0.05149969309568405,0.9123911658922831,0.08524519205093384,0.5583333333333333
143,0.054805027693510054,0.05376800571878751,1.0370226542154948,0.08835020661354065,0.5083333333333333
144,0.05541692028443019,0.05426580185691516,1.1511182904243469,0.08770311623811722,0.49166666666666664
145,0.05462103486061096,0.05352568303545316,1.0953514575958252,0.08701333403587341,0.475
146,0.056485158205032346,0.055538160353899,0.9469971776008606,0.09759517014026642,0.5416666666666666
147,0.058417216936747236,0.05726264069477717,1.1545761148134868,0.08937229216098785,0.48333333333333334
148,0.058309751500686006,0.057312425474325815,0.9973260323206584,0.09453672170639038,0.5416666666666666
149,0.06093544140458107,0.05964397192001343,1.2914694945017497,0.08924495428800583,0.5166666666666667
150,0.05755400334795316,0.05643636137247086,1.1176414807637534,0.08929625153541565,0.49166666666666664
151,0.05424057071407636,0.053161926567554474,1.0786440173784893,0.08673159033060074,0.5
152,0.053801479190587996,0.05293772170941035,0.8637570222218831,0.0926378071308136,0.5583333333333333
153,0.05720154667894046,0.05615375911196073,1.0477879921595254,0.09242356568574905,0.45
154,0.05965610568722089,0.05858404586712519,1.0720600406328837,0.09077341109514236,0.55
155,0.05530013392368952,0.05437061960498492,0.9295143842697143,0.0867442935705185,0.5
156,0.052870800346136095,0.05201609606544177,0.8547040263811747,0.08631418645381927,0.55
157,0.05246317088603973,0.0516230213145415,0.8401498119036357,0.08674491196870804,0.5166666666666667
158,0.05294272700945536,0.05199389134844144,0.9488360563913981,0.08808203786611557,0.5416666666666666
159,0.0559988205631574,0.05493410180012385,1.0647181113560995,0.09024174511432648,0.5416666666666666
160,0.057518488417069115,0.056402635077635446,1.1158531665802003,0.09397270530462265,0.4583333333333333
161,0.05636796976129214,0.05521280666192373,1.155162787437439,0.08755050599575043,0.5333333333333333
162,0.053295859197775526,0.052409389863411586,0.8864693800608318,0.0870768129825592,0.55
163,0.05435590843359629,0.053445643931627276,0.9102644085884094,0.08856654912233353,0.5666666666666667
164,0.054087607314189275,0.053177598118782046,0.9100090344746907,0.09493130445480347,0.48333333333333334
165,0.05106081465880076,0.05014158859848976,0.919226332505544,0.08767849206924438,0.4583333333333333
166,0.05331770305832227,0.05220067103703817,1.1170321742693583,0.0853227823972702,0.525
167,0.05255547861258189,0.051657000184059144,0.8984786987304687,0.09036611765623093,0.5333333333333333
168,0.05238078907132149,0.05141607870658239,0.9647099057833354,0.08668198436498642,0.5166666666666667
169,0.05204090451200803,0.05102178131540616,1.0191232760747273,0.09076615422964096,0.5416666666666666
170,0.05706083426872889,0.05604375973343849,1.0170747915903726,0.08726108074188232,0.5666666666666667
171,0.05324892873565356,0.05225889061888059,0.9900380611419678,0.09021110832691193,0.5083333333333333
172,0.05333238864938418,0.05238514691591263,0.947241485118866,0.08767398446798325,0.48333333333333334
173,0.05520639220873515,0.05420669987797737,0.9996925632158915,0.08839595317840576,0.5416666666666666
174,0.05544491906960805,0.05444701984524727,0.9978986183802286,0.09118472784757614,0.4666666666666667
175,0.057926598191261294,0.05674709677696228,1.1795018235842387,0.09748433530330658,0.5583333333333333
176,0.06141433243950208,0.06022058402498563,1.1937487800916036,0.08887413889169693,0.55
177,0.054018917679786685,0.053026380389928816,0.9925373435020447,0.08677498251199722,0.5333333333333333
178,0.05317199180523555,0.052194969604412715,0.9770219802856446,0.08741889894008636,0.5166666666666667
179,0.052243311703205106,0.05131835117936134,0.9249608596165975,0.08617410808801651,0.5333333333333333
180,0.051860392838716504,0.05094097306330999,0.9194197853406271,0.0944787859916687,0.475
181,0.05290787965059281,0.05197892338037491,0.9289563616116842,0.08486296981573105,0.5416666666666666
182,0.05097994034488996,0.05014621093869209,0.8337294896443684,0.0896679237484932,0.5583333333333333
183,0.05049384832382202,0.04956008022030194,0.933768610159556,0.09079445898532867,0.4583333333333333
184,0.053832357625166576,0.05287577385703723,0.9565838774045309,0.08780036866664886,0.5083333333333333
185,0.05541226913531621,0.05442916875084241,0.9831004738807678,0.09175153076648712,0.5166666666666667
186,0.052996109674374264,0.05196449408928553,1.0316155036290486,0.08452890068292618,0.525
187,0.05681123783191045,0.05571602582931519,1.0952123363812765,0.09549227356910706,0.5666666666666667
188,0.05579890335599581,0.05443653141458829,1.3623723308245341,0.08844959735870361,0.5
189,0.053308289994796115,0.05216693505644798,1.1413544257481893,0.09370098263025284,0.5333333333333333
190,0.054135968039433165,0.05299919644991557,1.1367714881896973,0.08657299727201462,0.5083333333333333
191,0.053882468740145364,0.05293234835068385,0.9501206556955973,0.08714363723993301,0.5166666666666667
192,0.05878905132412911,0.057785770793755846,1.003280504544576,0.09048021584749222,0.6083333333333333
193,0.0574701393644015,0.05615416889389356,1.315970778465271,0.0965956300497055,0.5
194,0.05470977102716764,0.05355922033389409,1.1505505879720053,0.08930865675210953,0.48333333333333334
195,0.0522026223440965,0.0511794276535511,1.0231946508089702,0.0880955308675766,0.5333333333333333
196,0.05288688043753306,0.0519926813741525,0.8941993316014608,0.08548228442668915,0.5333333333333333
197,0.052762266745169956,0.05175142809748649,1.0108387112617492,0.09104906022548676,0.4583333333333333
198,0.05439648106694221,0.05340786601106326,0.9886146783828735,0.08901794254779816,0.55
199,0.05246580590804418,0.051351992537577947,1.1138137896855673,0.08592011034488678,0.5166666666666667
200,0.05390908519426982,0.05297241508960724,0.9366699775060018,0.08912402391433716,0.49166666666666664
201,0.055011980483929315,0.053991535554329555,1.020445199807485,0.09733311086893082,0.49166666666666664
202,0.058490476260582604,0.05738557403286298,1.1049019853274027,0.08995046466588974,0.5333333333333333
203,0.0508490227162838,0.04998157421747843,0.8674484372138977,0.09169847518205643,0.5583333333333333
204,0.04913237790266673,0.04833778515458107,0.7945925196011862,0.0906783789396286,0.5333333333333333
205,0.050679155190785724,0.04984748984376589,0.831665325164795,0.08402720093727112,0.5333333333333333
206,0.053895872086286545,0.05307652503252029,0.8193471590677898,0.09047337621450424,0.5166666666666667
207,0.05165670042236646,0.050754556556542714,0.9021437724431356,0.085713692009449,0.4583333333333333
208,0.05255170688033104,0.05156147802869479,0.9902286052703857,0.09214343130588531,0.5
209,0.05287659590442975,0.05189049045244853,0.9861051718393962,0.08646422624588013,0.49166666666666664
210,0.050385531534751254,0.049411624173323315,0.9739079316457112,0.08966068923473358,0.5
211,0.051766227930784225,0.0507584144671758,1.0078131397565206,0.08323609083890915,0.5083333333333333
212,0.05255563085277875,0.051459190994501115,1.0964390834172566,0.08796798437833786,0.525
213,0.051014675696690874,0.05001689518491427,0.9977806727091472,0.08843567967414856,0.475
214,0.049851440886656447,0.04892764538526535,0.923795203367869,0.09194869548082352,0.4666666666666667
215,0.05230370288093885,0.051350091894467674,0.953610881169637,0.08534504473209381,0.5583333333333333
216,0.049466690669457115,0.04866605848073959,0.8006320238113404,0.09011059254407883,0.475
217,0.04949217662215233,0.0486584447324276,0.8337321599324544,0.08867572247982025,0.5666666666666667
218,0.05025748163461685,0.04931890269120534,0.9385791500409444,0.08563964068889618,0.5416666666666666
219,0.05323875571290652,0.05234106530745824,0.8976905981699626,0.08735386282205582,0.5416666666666666
220,0.05294272204240163,0.0520906463265419,0.8520754257837931,0.10099106281995773,0.5333333333333333
221,0.05830709338188171,0.05710632478197416,1.2007683475812276,0.08802593499422073,0.48333333333333334
222,0.05204462384184202,0.050912774602572125,1.131848975022634,0.08813012391328812,0.5666666666666667
223,0.053815903762976326,0.052801641076803206,1.0142627795537313,0.08735102415084839,0.525
224,0.05662366400162379,0.05550329014658928,1.1203736305236816,0.08564622700214386,0.55
225,0.052457983543475466,0.05148424878716469,0.9737345059712728,0.08548640459775925,0.5666666666666667
226,0.05009886374076208,0.04920215656359991,0.8967073520024618,0.08805104345083237,0.5416666666666666
227,0.05156352718671163,0.050573805222908656,0.9897222916285197,0.09107058495283127,0.575
228,0.0535744346678257,0.05262409249941508,0.9503423849741618,0.09162288904190063,0.5083333333333333
229,0.05356093769272168,0.05239817748467127,1.162759749094645,0.08727402985095978,0.5416666666666666
230,0.05362922325730324,0.05236609727144241,1.263125765323639,0.09003425389528275,0.5
231,0.05926503340403239,0.05818019832173983,1.084834615389506,0.09640759974718094,0.525
232,0.05358429650465647,0.052275470147530236,1.3088263114293417,0.08624504506587982,0.5333333333333333
233,0.05339509646097819,0.05226047858595848,1.1346184134483337,0.08932380378246307,0.55
234,0.053803614278634386,0.05291769430041313,0.8859197815259298,0.09907076507806778,0.48333333333333334
235,0.055025773992141085,0.05400782028834025,1.017953356107076,0.09036803990602493,0.5083333333333333
236,0.04989022190372149,0.04889956886569659,0.9906528075536092,0.08648702502250671,0.48333333333333334
237,0.05014228249589602,0.04929758682847023,0.8446953813234965,0.08916173875331879,0.575
238,0.04964005177219709,0.04870414063334465,0.9359111189842224,0.08887956291437149,0.575
239,0.052192699164152145,0.051242521653572716,0.9501776059468587,0.08660253137350082,0.525
240,0.05588169991970062,0.054803926746050516,1.0777732054392497,0.09086721390485764,0.5166666666666667
241,0.05152433315912883,0.05037531927227974,1.1490142027537027,0.09296812117099762,0.5833333333333334
242,0.053113084038098654,0.05213255782922109,0.9805253704388937,0.09005256742238998,0.55
243,0.0548314077158769,0.05383177523811658,0.9996326963106791,0.08853422105312347,0.55
244,0.05061005378762881,0.049559953560431795,1.050099774201711,0.09452421963214874,0.525
245,0.04831228256225586,0.04747658868630727,0.8356937805811564,0.08768360316753387,0.5333333333333333
246,0.04914960265159607,0.04816048021117846,0.9891220053037008,0.08744381368160248,0.5166666666666667
247,0.050293652713298796,0.049219026168187456,1.0746267159779868,0.08791518211364746,0.5333333333333333
248,0.05206561386585236,0.0508636752764384,1.2019383231798808,0.08779341727495193,0.5083333333333333
249,0.048789687206347784,0.047853363553682964,0.9363233566284179,0.08896733075380325,0.5333333333333333
250,0.0478571318089962,0.04701228365302086,0.8448483069737752,0.08708605170249939,0.5083333333333333
251,0.05228816941380501,0.05129057988524437,0.9975890596707662,0.08430840075016022,0.5
252,0.05432214637597402,0.05317498693863551,1.1471600691477457,0.08534538745880127,0.5083333333333333
253,0.050524148841698965,0.04945511966943741,1.069029152393341,0.08807549625635147,0.5583333333333333
254,0.054854965209960936,0.05395306274294853,0.9019016265869141,0.08703456073999405,0.5416666666666666
255,0.05279326488574346,0.05177546267708143,1.0178025801976522,0.0880737230181694,0.5083333333333333
256,0.05137460802992185,0.050510132064421974,0.8644761919975281,0.09677715599536896,0.5166666666666667
257,0.052363773435354234,0.05126030221581459,1.1034715135892232,0.08721064776182175,0.5083333333333333
258,0.05053666184345881,0.049540631969769794,0.9960294206937154,0.08755344152450562,0.5333333333333333
259,0.05315585508942604,0.05217487687865893,0.9809780716896057,0.08375472575426102,0.5666666666666667
260,0.05392645200093587,0.05301919182141622,0.9072606603304545,0.09062576293945312,0.55
261,0.04878087043762207,0.04787569170196851,0.9051791230837504,0.08776365965604782,0.45
262,0.05096317653854688,0.04989072258273761,1.0724538405736288,0.08659444749355316,0.5916666666666667
263,0.048611701279878614,0.04772055273254713,0.8911489288012187,0.08679474145174026,0.5083333333333333
264,0.04669181431333224,0.045815330495436984,0.8764838735262553,0.08683203160762787,0.48333333333333334
265,0.048965475211540856,0.04799720644950867,0.9682687083880107,0.08541904389858246,0.5583333333333333
266,0.04828616107503573,0.0472432312866052,1.0429298281669617,0.08621544390916824,0.49166666666666664
267,0.04791967024405797,0.04705087542533874,0.868794592221578,0.08948255330324173,0.5166666666666667
268,0.051535914093255995,0.050548813740412396,0.987100605169932,0.08936823904514313,0.55
269,0.04644440338015556,0.04544807548324267,0.9963277737299602,0.09860365092754364,0.5166666666666667
270,0.050080131242672604,0.04905670334895452,1.0234279831250508,0.08412135392427444,0.5333333333333333
271,0.047563228756189346,0.04673210506637891,0.8311237494150797,0.09122111648321152,0.5416666666666666
272,0.04738854890068372,0.04663394267360369,0.7546061118443806,0.08634480088949203,0.5666666666666667
273,0.04966565718253454,0.04887338305513064,0.7922746141751608,0.08742856979370117,0.5416666666666666
274,0.04824723601341248,0.04744255791107813,0.8046780586242676,0.0911787897348404,0.5833333333333334
275,0.049059794098138806,0.04804598838090897,1.0138057152430215,0.08754849433898926,0.5333333333333333
276,0.04969042986631393,0.04842088719209035,1.2695428252220153,0.09180725365877151,0.48333333333333334
277,0.047648273905118305,0.04679638370871544,0.8518901189168294,0.08607486635446548,0.48333333333333334
278,0.051667105654875436,0.050721639891465505,0.9454654971758525,0.0921422615647316,0.5333333333333333
279,0.04989204183220863,0.0490195465584596,0.8724952220916748,0.08790469914674759,0.5916666666666667
280,0.048770344754060106,0.04786949207385381,0.9008523424466451,0.08435143530368805,0.5583333333333333
281,0.048926275223493576,0.04800557767351468,0.9206971724828085,0.0885164812207222,0.575
282,0.04617606277267138,0.04539580618341764,0.7802566130956013,0.08941832929849625,0.55
283,0.047470513731241226,0.04664656594395637,0.8239476164182027,0.08790017664432526,0.55
284,0.04662089372674624,0.04586269160111745,0.7582021792729695,0.09619921445846558,0.5
285,0.0474407489101092,0.046590473502874374,0.8502754092216491,0.08484024554491043,0.5583333333333333
286,0.04682865912715594,0.04604419047633807,0.7844684441884359,0.08645115047693253,0.525
287,0.04941672161221504,0.048457872370878854,0.9588489492734273,0.08884197473526001,0.5083333333333333
288,0.05002017940084139,0.04914992302656174,0.8702564676602681,0.08876345306634903,0.5583333333333333
289,0.05002725596229236,0.0490512453019619,0.9760107636451721,0.08901963382959366,0.49166666666666664
290,0.04713226904471715,0.04621287037928899,0.9193984667460123,0.08930812776088715,0.5666666666666667
291,0.048868166655302046,0.047942098478476206,0.9260683377583822,0.08895909041166306,0.575
292,0.04963857556382815,0.04881289501984914,0.8256799658139546,0.10183251649141312,0.55
293,0.053249175349871315,0.052433044215043384,0.8161314368247986,0.09100404381752014,0.5416666666666666
294,0.04692261094848315,0.04603035449981689,0.8922560691833497,0.08815135061740875,0.525
295,0.04986786072452863,0.04883734360337257,1.030517295996348,0.09298286586999893,0.525
296,0.04829858069618543,0.04734145527084668,0.9571256875991822,0.08754680305719376,0.5166666666666667
297,0.04829412748416265,0.04745595157146454,0.8381759444872539,0.08675630390644073,0.5583333333333333
298,0.04577239180604617,0.04495972270766894,0.8126686930656433,0.09071046113967896,0.49166666666666664
299,0.04834624007344246,0.04752300903201103,0.8232309699058533,0.08398663997650146,0.49166666666666664
300,0.04780398259560267,0.04703996554017067,0.7640170653661092,0.08856862783432007,0.5666666666666667
301,0.04795603329936663,0.04707637776931127,0.8796552340189616,0.08346137404441833,0.5333333333333333
302,0.04619738757610321,0.04530334571997325,0.8940418402353922,0.08607775717973709,0.5333333333333333
303,0.04783226475119591,0.04697067861755689,0.8615857879320781,0.08693616837263107,0.49166666666666664
304,0.04799135873715083,0.046824826300144194,1.166532282034556,0.09546542912721634,0.55
305,0.051149516552686694,0.05005318745970726,1.0963291605313619,0.08962490409612656,0.5916666666666667
306,0.048407303541898726,0.047485255946715675,0.9220472653706868,0.08355589210987091,0.5583333333333333
307,0.045111141602198285,0.044213605920473735,0.8975355943044027,0.08864559978246689,0.5166666666666667
308,0.04742154280344645,0.04651780525843303,0.9037378390630086,0.08475055545568466,0.5583333333333333
309,0.049114297082026796,0.04821808536847432,0.8962113698323567,0.09090138226747513,0.5333333333333333
310,0.0468603253364563,0.04591022357344628,0.9501013278961181,0.0837387815117836,0.5333333333333333
311,0.04515267635385196,0.044341889768838884,0.8107865810394287,0.08965747803449631,0.5416666666666666
312,0.04599036599198977,0.04513973568876584,0.8506302078564961,0.08377458155155182,0.575
313,0.04654188205798467,0.04565524583061536,0.8866359829902649,0.08806141465902328,0.525
314,0.04639932860930761,0.04552704120675723,0.8722873449325561,0.08590462803840637,0.55
315,0.04715803836782773,0.04636955186724663,0.7884864727656047,0.0800594687461853,0.55
316,0.04661436652143796,0.04575560316443443,0.8587631305058797,0.09648855030536652,0.55
317,0.04783056949575742,0.04696784863869349,0.862721061706543,0.08775277435779572,0.5166666666666667
318,0.048946308841307955,0.04805678427219391,0.8895245512326558,0.08766970038414001,0.5333333333333333
319,0.04712649136781692,0.04631374627351761,0.8127456466356914,0.08845517039299011,0.5333333333333333
320,0.05197102576494217,0.05103114992380142,0.9398759444554646,0.09824778884649277,0.5666666666666667
321,0.04889949262142181,0.04798507665594419,0.9144162019093831,0.08389493077993393,0.525
322,0.04374871253967285,0.04290658384561539,0.8421284437179566,0.08541283011436462,0.5833333333333334
323,0.04630807066957156,0.04532861312230428,0.9794572512308757,0.09024899452924728,0.55
324,0.047897748400767645,0.04697950705885887,0.9182412306467692,0.08895512670278549,0.5583333333333333
325,0.04622734437386195,0.04531503270069758,0.9123116572697957,0.09199181944131851,0.5333333333333333
326,0.04856245145201683,0.04766522273421288,0.8972290595372517,0.08439930528402328,0.5166666666666667
327,0.047529029597838716,0.04671883334716161,0.8101962129275004,0.08654912561178207,0.5583333333333333
328,0.04780491689840952,0.046924805144468944,0.8801119764645894,0.08590845763683319,0.5166666666666667
329,0.04823366602261861,0.04725189879536629,0.9817672848701477,0.0861038789153099,0.5583333333333333
330,0.048055851956208546,0.04693407664696376,1.121775539716085,0.08572258055210114,0.5416666666666666
331,0.04672887821992238,0.04581322024265925,0.9156578938166301,0.08490807563066483,0.525
332,0.048865190148353575,0.047890062381823854,0.9751277685165405,0.08324026316404343,0.55
333,0.05209303672115008,0.051081781089305875,1.0112561583518982,0.09353989362716675,0.5833333333333334
334,0.05056287298599879,0.04961777528127034,0.9450977047284445,0.09723623096942902,0.5083333333333333
335,0.04958440139889717,0.04866391246517499,0.9204890767733256,0.08736920356750488,0.5833333333333334
336,0.04307678925494353,0.04226377668480078,0.8130127827326457,0.08863141387701035,0.5416666666666666
337,0.045067543039719264,0.04413691038886706,0.9306325753529866,0.08567094802856445,0.5416666666666666
338,0.04751856798926989,0.04646158590912819,1.0569822907447814,0.09009549021720886,0.525
339,0.049980851759513216,0.048941777149836226,1.0390745361646017,0.09496890753507614,0.5083333333333333
340,0.0493520217637221,0.04835674713055293,0.9952743848164877,0.08437833935022354,0.525
341,0.051204245040814084,0.05024303098519643,0.9612142006556194,0.09890405833721161,0.55
342,0.05353533799449603,0.05258970782160759,0.9456296364466349,0.0873047262430191,0.625
343,0.046141280730565386,0.04541390414039294,0.7273767669995626,0.08735471963882446,0.5666666666666667
344,0.046998923271894456,0.04619966795047124,0.7992552002271016,0.08738477528095245,0.575
345,0.04450220912694931,0.043618143846591316,0.8840659697850545,0.08420324325561523,0.6
346,0.044382684181133905,0.043541004260381065,0.8416797598203023,0.08173312246799469,0.5666666666666667
347,0.04344611167907715,0.04265258287390073,0.7935285051663716,0.08558535575866699,0.5
348,0.04521012678742409,0.04447019348541895,0.7399333993593852,0.08190039545297623,0.5
349,0.04410956129431724,0.04332593853274981,0.7836224516232808,0.08499889820814133,0.575
350,0.046011968950430554,0.045246402422587075,0.7655666748682658,0.09347192198038101,0.5833333333333334
351,0.044917542735735574,0.044149513045946755,0.7680297096570333,0.0858766958117485,0.5916666666666667
352,0.046607121576865515,0.04584187964598338,0.7652421871821086,0.09013650566339493,0.5333333333333333
353,0.04410485848784447,0.04334099317590396,0.7638653953870137,0.08930998295545578,0.5416666666666666
354,0.04525506148735682,0.04434238473574321,0.9126767635345459,0.08397068828344345,0.575
355,0.04427830179532369,0.043446921308835346,0.8313804467519125,0.08715646713972092,0.5666666666666667
356,0.05117407987515132,0.05030892019470533,0.8651589711507162,0.08593413233757019,0.5916666666666667
357,0.044042316575845085,0.043208609769741696,0.8337066729863485,0.087241530418396,0.525
358,0.04656032746036847,0.04572285537918409,0.8374714454015096,0.09491083025932312,0.575
359,0.048927710950374605,0.0479949451982975,0.932765531539917,0.09099479764699936,0.5416666666666666
360,0.044611626863479616,0.0437756193180879,0.8360072334607442,0.08936644345521927,0.6
361,0.044981957972049715,0.044163895398378374,0.818062980969747,0.08345659077167511,0.5833333333333334
362,0.04801588033636411,0.047154505054155985,0.8613749464352926,0.08709386736154556,0.6083333333333333
363,0.045946966111660006,0.04500230799118678,0.9446578780810039,0.08367107808589935,0.5416666666666666
364,0.04203097050388654,0.041147023687760034,0.8839467008908589,0.0915849506855011,0.5333333333333333
365,0.04427717005213102,0.0434211532274882,0.8560166796048482,0.08608958125114441,0.5083333333333333
366,0.04274888212482134,0.041786472251017885,0.9624094247817994,0.09149240702390671,0.5833333333333334
367,0.046444686005512874,0.04553116535147031,0.9135209242502849,0.08736852556467056,0.5666666666666667
368,0.0454446591436863,0.044539733231067656,0.9049256245295206,0.08514603227376938,0.5583333333333333
369,0.04390126243233681,0.0431136558453242,0.7876067320505779,0.08632979542016983,0.5333333333333333
370,0.042944986124833426,0.04215995396176974,0.7850322763125102,0.0882335901260376,0.5833333333333334
371,0.045641407122214636,0.044740742941697435,0.9006642500559489,0.09004252403974533,0.5333333333333333
372,0.04576678027709325,0.04494830618302027,0.8184739430745442,0.08867373317480087,0.475
373,0.04694251542290052,0.04609587440888087,0.846640698115031,0.0865345448255539,0.55
374,0.04531300912300746,0.044216693937778474,1.096314791838328,0.0883210152387619,0.49166666666666664
375,0.049344502637783685,0.04846205289165179,0.8824503699938456,0.09530293941497803,0.5416666666666666
376,0.047947847346464796,0.047007901469866435,0.9399456262588501,0.08340359479188919,0.5333333333333333
377,0.04546522870659828,0.04460803916056951,0.8571901679039001,0.08581814914941788,0.55
378,0.041628451893726985,0.040895926455656685,0.7325254321098328,0.08646497130393982,0.5666666666666667
379,0.04580721333622932,0.04487709725896517,0.9301162203152974,0.09163644909858704,0.5166666666666667
380,0.04579776326815287,0.044815498093763985,0.9822647531827291,0.08791367709636688,0.55
381,0.044575477639834084,0.04365694423516591,0.9185336391131084,0.09215489774942398,0.4666666666666667
382,0.045265451073646545,0.044373473276694615,0.8919781088829041,0.08218494802713394,0.5166666666666667
383,0.044332956274350487,0.04337648650010427,0.9564694205919901,0.09091069549322128,0.5916666666666667
384,0.04109644691149394,0.040294061849514645,0.8023853103319804,0.08407105505466461,0.525
385,0.043062648425499596,0.04234651202956836,0.7161369283994039,0.0864471048116684,0.5666666666666667
386,0.04347118263443311,0.042705978453159335,0.7652037819226583,0.08745977282524109,0.575
387,0.044359124700228375,0.04354129632314046,0.8178278168042501,0.08693484216928482,0.5666666666666667
388,0.04816286464532216,0.047060684363047285,1.1021798650423686,0.08622149378061295,0.575
389,0.045252101371685664,0.04424557735522588,1.006523811817169,0.08790010213851929,0.5333333333333333
390,0.04274491183459759,0.0419192003707091,0.8257114450136821,0.08690375834703445,0.575
391,0.045599597444136934,0.04468478510777155,0.914812179406484,0.0900147333741188,0.525
392,0.04541607772310575,0.04453444381554921,0.8816338658332825,0.08747720718383789,0.5083333333333333
393,0.04558061584830284,0.044772694011529286,0.8079216798146566,0.08681119978427887,0.6
394,0.0448747530579567,0.044074000169833503,0.8007525483767192,0.0887255147099495,0.48333333333333334
395,0.04445959180593491,0.04363125984867414,0.8283313035964965,0.08970516175031662,0.5333333333333333
396,0.04513503114382426,0.04425250714023908,0.882524557908376,0.09660355746746063,0.55
397,0.045760120699803036,0.044960081080595654,0.8000400265057882,0.08609689772129059,0.5666666666666667
398,0.04294978305697441,0.04215239758292834,0.7973852594693501,0.09168943017721176,0.5
399,0.04457854280869166,0.04381728793183962,0.7612548232078552,0.08752299845218658,0.5583333333333333
400,0.043676318724950154,0.042847696940104166,0.8286219398180644,0.08972082287073135,0.6083333333333333
401,0.042948585997025175,0.042099163432916004,0.8494219501813253,0.09475036710500717,0.5166666666666667
402,0.04399325052897136,0.0432025117178758,0.7907386898994446,0.08623543381690979,0.5833333333333334
403,0.04328080837925275,0.04248956516385079,0.791243330637614,0.08976426720619202,0.6083333333333333
404,0.04206458404660225,0.041153728713591894,0.910855213801066,0.08820897340774536,0.6083333333333333
405,0.043928278237581254,0.04306757599115372,0.8607022841771443,0.09098456799983978,0.55
406,0.04470832745234172,0.043694339940945306,1.0139874339103698,0.08814887702465057,0.5166666666666667
407,0.04686368107795715,0.04596516812841098,0.898513134320577,0.09362951666116714,0.5833333333333334
408,0.04960635031263034,0.04866385012865067,0.9425007343292237,0.08376988768577576,0.5166666666666667
409,0.04681526571512222,0.045881604154904686,0.9336613019307455,0.0907844677567482,0.5916666666666667
410,0.04268187656998634,0.04183252801497777,0.8493484536806742,0.08977580815553665,0.5916666666666667
411,0.0433955026169618,0.042631589248776434,0.7639129479726156,0.08328325301408768,0.5833333333333334
412,0.046857519447803496,0.04599173590540886,0.8657833139101664,0.09288906306028366,0.5833333333333334
413,0.04739964256683985,0.046427449335654576,0.9721931060155232,0.08389551937580109,0.5166666666666667
414,0.04590832889080047,0.04500422328710556,0.9041059613227844,0.09748540073633194,0.49166666666666664
415,0.0435374952852726,0.0427244891722997,0.8130057374636332,0.08696848154067993,0.5416666666666666
416,0.04543114478389422,0.04454970409472783,0.8814401745796203,0.091620534658432,0.5666666666666667
417,0.04284779553612073,0.04203079591194789,0.816999638080597,0.08970209211111069,0.5583333333333333
418,0.04368002663056056,0.04275948852300644,0.920538047949473,0.09515021741390228,0.5416666666666666
419,0.044744236518939336,0.04376326948404312,0.980967104434967,0.08978483825922012,0.5166666666666667
420,0.04144430458545685,0.04067938799659411,0.76491645971934,0.08743751049041748,0.5666666666666667
421,0.04511571402351062,0.04420953492323557,0.9061791936556498,0.09100061655044556,0.5583333333333333
422,0.04428100064396858,0.043295261760552727,0.9857387701670329,0.08658204227685928,0.5
423,0.04267190967996915,0.041804024328788124,0.8678858876228333,0.1015976294875145,0.5416666666666666
424,0.049248247096935906,0.04830751419067383,0.9407331148783366,0.0957418754696846,0.5416666666666666
425,0.04395782972375552,0.043118247265617055,0.839582637945811,0.08568856865167618,0.575
426,0.04332817072669665,0.042450712124506636,0.8774587194124858,0.08589773625135422,0.5583333333333333
427,0.0428882139424483,0.04212411766250928,0.7640959461530049,0.09353039413690567,0.5916666666666667
428,0.045731311788161595,0.044914508859316506,0.8168029030164082,0.08865250647068024,0.5416666666666666
429,0.04321762795249621,0.04238676751653354,0.8308605551719666,0.0850803405046463,0.55
430,0.04260516862074534,0.04182841728130977,0.776751450697581,0.08552521467208862,0.5833333333333334
431,0.04214507589737574,0.04134155387679736,0.8035219669342041,0.0890578180551529,0.5833333333333334
432,0.043394989271958666,0.042530859261751174,0.8641300956408183,0.09636318683624268,0.55
433,0.042571809887886045,0.041836922119061155,0.7348873972892761,0.0958290845155716,0.4666666666666667
434,0.042520224054654436,0.04170331209897995,0.8169119914372762,0.08549754321575165,0.5333333333333333
435,0.042598052074511845,0.04181395967801412,0.7840919812520345,0.08657027035951614,0.5583333333333333
436,0.04044537680844466,0.03965494160850843,0.7904349207878113,0.08777423948049545,0.5833333333333334
437,0.0414964663485686,0.0407148244480292,0.7816417256991068,0.08982543647289276,0.5583333333333333
438,0.04399957632025083,0.043087295194466906,0.9122807423273722,0.0875292643904686,0.6
439,0.04455708563327789,0.0437734770278136,0.7836084008216858,0.09202300757169724,0.55
440,0.04527436246474584,0.04422816385825475,1.046198813120524,0.0869632437825203,0.5083333333333333
441,0.04341691012183825,0.04252040510376295,0.8965050458908081,0.09204302728176117,0.5833333333333334
442,0.04409338086843491,0.04320373684167862,0.8896441300710042,0.08775527030229568,0.6
443,0.04407779077688853,0.04310613100727399,0.9716595888137818,0.09244848042726517,0.6
444,0.041218482951323195,0.04041513428092003,0.8033488790194193,0.08715896308422089,0.5416666666666666
445,0.04207940772175789,0.04128297194838524,0.7964359879493713,0.08829899877309799,0.6166666666666667
446,0.046638254821300504,0.04581978668769201,0.818468177318573,0.09273681044578552,0.5333333333333333
447,0.041124801089366274,0.04038500425716241,0.7397968689600627,0.08636122941970825,0.5666666666666667
448,0.0443893663585186,0.04355834176143011,0.8310249249140421,0.09252113848924637,0.575
449,0.044820155451695126,0.043971515446901324,0.8486401955286662,0.0892181247472763,0.475
450,0.044354377190272014,0.04349762946367264,0.8567475358645121,0.08627860248088837,0.5916666666666667
451,0.04198758825659752,0.041190903385480246,0.7966848254203797,0.08851102739572525,0.6416666666666667
452,0.04195767045021057,0.04120567440986633,0.7519960800806681,0.08810272812843323,0.5583333333333333
453,0.04033947139978409,0.03963775560259819,0.7017160137494405,0.09346739202737808,0.5333333333333333
454,0.040627585351467134,0.03983347341418266,0.7941117485364279,0.09468776732683182,0.575
455,0.04080918257435163,0.039980294679601985,0.8288876255353291,0.08990342170000076,0.575
456,0.042006482183933255,0.04118834336598714,0.81813938220342,0.08350106328725815,0.525
457,0.041510034600893655,0.04063680171966553,0.8732331236203511,0.10332932323217392,0.575
458,0.044253592193126676,0.04328541457653046,0.9681779146194458,0.0930531769990921,0.5
459,0.041447345291574796,0.04059647520383199,0.8508697350819906,0.08864421397447586,0.575
460,0.04055408537387848,0.03972664996981621,0.8274349252382914,0.09042460471391678,0.525
461,0.04100703497727712,0.04017578959465027,0.8312453945477803,0.09108906984329224,0.5333333333333333
462,0.04432429497440656,0.0434656264881293,0.8586683909098307,0.093951016664505,0.5916666666666667
463,0.04458085695902506,0.0436680905520916,0.9127666592597962,0.08794865012168884,0.5
464,0.04262246315677961,0.041824297358592354,0.7981654008229574,0.09281902015209198,0.5583333333333333
465,0.03978768562277158,0.03897560735543569,0.8120787262916564,0.09213618189096451,0.5416666666666666
466,0.04152340330183506,0.040672743196288746,0.850659970442454,0.09218990802764893,0.5916666666666667
467,0.04085884615778923,0.04009386623899142,0.7649800837039947,0.0892707109451294,0.5416666666666666
468,0.041366720696290334,0.04056029828886191,0.8064225832621257,0.08537790924310684,0.5
469,0.04199292957782745,0.04116232767701149,0.8306011001269022,0.08257125318050385,0.55
470,0.04058003599445025,0.039715559532245,0.8644765655199687,0.09694384038448334,0.5083333333333333
471,0.04007027645905813,0.039199184129635495,0.8710922360420227,0.09054363518953323,0.5666666666666667
472,0.043065394709507626,0.04202620436747869,1.0391909599304199,0.09252268075942993,0.5416666666666666
473,0.04372015918294589,0.04276158089439074,0.9585780104001363,0.08266617357730865,0.5416666666666666
474,0.04339883675177892,0.042544682323932645,0.8541541934013367,0.08761857450008392,0.525
475,0.0411430132885774,0.04027084062496821,0.8721724232037862,0.08668545633554459,0.5666666666666667
476,0.04026861488819122,0.03945261935393016,0.8159950494766235,0.09096740186214447,0.5416666666666666
477,0.042939405391613644,0.04195003745456537,0.9893683354059856,0.09021904319524765,0.5
478,0.04201612696051597,0.041157897810141245,0.858229132493337,0.08893832564353943,0.5583333333333333
479,0.03952293718854586,0.03873832846681277,0.7846088131268819,0.0885753482580185,0.525
480,0.039585858086744946,0.03879712956647078,0.7887282093365987,0.09061335772275925,0.525
481,0.03946655541658402,0.038582449903090794,0.8841057221094767,0.0899360254406929,0.5416666666666666
482,0.04025299598773321,0.039426578829685845,0.8264167348543803,0.08660341799259186,0.55
483,0.04210124810536702,0.0412838193277518,0.8174285531044007,0.09840183705091476,0.525
484,0.04114468904832999,0.0403371495505174,0.8075393517812093,0.08672782778739929,0.525
485,0.04189003507296244,0.040995137145121895,0.8948978861172994,0.08543260395526886,0.5583333333333333
486,0.04365883295734723,0.0428039975464344,0.8548351486523946,0.0861300677061081,0.5166666666666667
487,0.04363721956809362,0.042623221625884375,1.01399777730306,0.08370691537857056,0.5166666666666667
488,0.04209096605579058,0.04123751173416774,0.8534542322158813,0.08666317164897919,0.5166666666666667
489,0.04126534350216389,0.04025232096513112,1.013022820154826,0.09038181602954865,0.5333333333333333
490,0.039845938483874,0.038946839049458504,0.89909960826238,0.08492095023393631,0.5833333333333334
491,0.041459427277247114,0.0406580609579881,0.8013658285140991,0.0871962383389473,0.525
492,0.04367413346966108,0.04281931892037392,0.8548150618871053,0.08691411465406418,0.5916666666666667
493,0.04227154130736987,0.04155816609660785,0.7133748372395833,0.09051083773374557,0.525
494,0.04006798143188159,0.039356985191504164,0.710996166865031,0.0858040601015091,0.5166666666666667
495,0.041052458062767985,0.04031233179072539,0.7401268045107524,0.0893688052892685,0.575
496,0.042355505377054216,0.04158255731066068,0.7729480504989624,0.08576787263154984,0.6083333333333333
497,0.04195590590437253,0.041104554384946826,0.8513507008552551,0.08809632807970047,0.55
498,0.03960039541125297,0.03856646021207174,1.033935284614563,0.09070209413766861,0.48333333333333334
499,0.03869503910342852,0.037934232503175735,0.7608066360155742,0.08747158199548721,0.5833333333333334
500,0.03800049920876821,0.037226770321528116,0.7737289468447367,0.08980842679738998,0.5416666666666666
