epoch,train_loss,rmse_loss,trend_loss,val_rmse,val_trend_acc
0,0.2547370692094167,0.24451048572858175,10.226578362782796,0.12155623733997345,0.5
1,0.08212613314390182,0.07874304602543512,3.383086363474528,0.08411888778209686,0.5166666666666667
2,0.05212931931018829,0.05032201632857323,1.8073027849197387,0.08841065317392349,0.5666666666666667
3,0.05337711423635483,0.05158938392996788,1.787730630238851,0.07934556901454926,0.5833333333333334
4,0.051441774268945056,0.050012355546156566,1.4294189453125,0.0822637602686882,0.5333333333333333
5,0.043570870781938234,0.04213282826046149,1.4380427201588948,0.08235036581754684,0.5833333333333334
6,0.04562724083662033,0.04435003474354744,1.2772064169247945,0.08110785484313965,0.65
7,0.04668013403813044,0.045458988596995674,1.2211455265680948,0.08708649128675461,0.6
8,0.0455114816625913,0.044356895486513774,1.1545861641565958,0.08021662384271622,0.5666666666666667
9,0.046972792595624924,0.04552128091454506,1.451511295636495,0.08846981823444366,0.55
10,0.04343027745683988,0.041915404299894966,1.5148726185162862,0.08258471637964249,0.6
11,0.04265885775287946,0.04138307422399521,1.2757833321889243,0.08466185629367828,0.48333333333333334
12,0.047497716297705966,0.04623667448759079,1.2610418796539307,0.08305129408836365,0.43333333333333335
13,0.04132332913577556,0.04031407162547111,1.009257706006368,0.08201209455728531,0.5166666666666667
14,0.04240405857563019,0.04128722374637921,1.1168350060780843,0.08024497330188751,0.5333333333333333
15,0.0430651493370533,0.04192136824131012,1.143781057993571,0.08161544054746628,0.4666666666666667
16,0.04325055082639059,0.04209529881676038,1.155251888434092,0.08257190883159637,0.5666666666666667
17,0.045212078094482425,0.04401484231154124,1.1972353378931682,0.08619734644889832,0.4666666666666667
18,0.043327383945385614,0.042125637829303744,1.2017460306485495,0.08351894468069077,0.5833333333333334
19,0.04363112325469653,0.042396219074726106,1.2349045197168986,0.0933857262134552,0.5833333333333334
20,0.04204722543557485,0.0407339612642924,1.3132646679878235,0.0835314691066742,0.5666666666666667
21,0.039894317463040355,0.03878930459419886,1.1050126949946086,0.08612412214279175,0.55
22,0.04104060232639313,0.03996533751487732,1.0752647280693055,0.08484657853841782,0.5166666666666667
23,0.04365900779763857,0.04250958040356636,1.149427103996277,0.0867878869175911,0.5666666666666667
24,0.04370407511790594,0.0426107682287693,1.0933066924413046,0.08417563140392303,0.5
25,0.03961410348614057,0.03858674243092537,1.0273614525794983,0.08410419523715973,0.5
26,0.03988582541545232,0.03879783476392428,1.0879904905954996,0.08181428909301758,0.5
27,0.04238764916857084,0.04129178399840991,1.095865297317505,0.08276396989822388,0.5333333333333333
28,0.043514536569515865,0.04240118985374768,1.1133471488952638,0.09487473964691162,0.5666666666666667
29,0.04537708051502705,0.04418092680474122,1.1961540818214416,0.08106213808059692,0.5166666666666667
30,0.04302548989653587,0.041753362864255905,1.2721272706985474,0.08419647812843323,0.5833333333333334
31,0.042852949599425,0.041551982363065086,1.3009671807289123,0.08284420520067215,0.5166666666666667
32,0.04460654631257057,0.043444801370302835,1.1617446700731913,0.08961381018161774,0.5666666666666667
33,0.04089300719400247,0.039784753074248634,1.1082541545232136,0.08395478874444962,0.45
34,0.040585273504257204,0.03955355547368526,1.0317179242769876,0.08659344911575317,0.5166666666666667
35,0.0436795599758625,0.04246205016970635,1.2175097544987996,0.08908620476722717,0.5166666666666667
36,0.04293546353777249,0.041784042368332545,1.1514212171236673,0.089907206594944,0.5833333333333334
37,0.04005335308611393,0.03892682120203972,1.1265315334002177,0.0855690985918045,0.55
38,0.038583244259158773,0.03765258975327015,0.9306546727816264,0.08545473963022232,0.43333333333333335
39,0.04019312138358752,0.03918731225033601,1.0058088938395182,0.0810769647359848,0.5666666666666667
40,0.041265891244014107,0.040316376090049746,0.9495153188705444,0.08410204946994781,0.5666666666666667
41,0.04048732668161392,0.03949368844429652,0.9936382691065471,0.08305952697992325,0.5
42,0.04105404168367386,0.03976751876374086,1.2865232547124228,0.08709682524204254,0.5833333333333334
43,0.0417884590725104,0.04064495290319125,1.1435060342152914,0.08971681445837021,0.48333333333333334
44,0.044961652159690856,0.043580270806948346,1.3813814043998718,0.08471503108739853,0.6
45,0.041053953021764754,0.03982086442410946,1.233088747660319,0.08141127973794937,0.5166666666666667
46,0.0409362580627203,0.03981174230575561,1.1245157599449158,0.0818975493311882,0.5333333333333333
47,0.04130783528089523,0.04016812940438588,1.139705757300059,0.08761037141084671,0.4166666666666667
48,0.03939885397752126,0.03828863091766834,1.1102229436238606,0.08316230028867722,0.5666666666666667
49,0.04035958498716354,0.0391816783696413,1.1779062072436015,0.08627843856811523,0.48333333333333334
50,0.040778880069653196,0.03988084966937701,0.8980305671691895,0.08211755752563477,0.5833333333333334
51,0.03963916872938474,0.03859061747789383,1.0485508799552918,0.08237728476524353,0.4666666666666667
52,0.04132046898206075,0.04008865008751551,1.2318188110987345,0.09046649187803268,0.55
53,0.03975971018274625,0.03865677379071712,1.1029362360636392,0.08428739756345749,0.5166666666666667
54,0.04123244720200698,0.040085513765613236,1.146933650970459,0.08506413549184799,0.5833333333333334
55,0.038575183724363644,0.037616883094112076,0.9583002805709839,0.08191286027431488,0.6
56,0.03900672793388367,0.03794440378745397,1.0623241146405538,0.08697302639484406,0.5666666666666667
57,0.04063328032692273,0.03946426237622897,1.1690181891123455,0.09319285303354263,0.4666666666666667
58,0.04114610366523266,0.0401548953106006,0.9912082950274149,0.088643379509449,0.55
59,0.04097607607642809,0.03983674719929695,1.1393284598986309,0.08180658519268036,0.4666666666666667
60,0.044082612295945484,0.042904533942540485,1.1780784368515014,0.09575072675943375,0.5666666666666667
61,0.043593665460745494,0.04250093226631482,1.0927332997322083,0.08134118467569351,0.5833333333333334
62,0.0431050144135952,0.04185682063301404,1.2481936812400818,0.0930604338645935,0.6
63,0.0431764913101991,0.04175709113478661,1.4193998098373413,0.08065969496965408,0.55
64,0.0387005894134442,0.03769729162255923,1.0032976786295573,0.10448943823575974,0.48333333333333334
65,0.04806450853745143,0.04683897892634074,1.2255298058191935,0.0826285183429718,0.5166666666666667
66,0.04191021869579951,0.04085375728706519,1.0564613779385885,0.08148742467164993,0.5666666666666667
67,0.038490566859642666,0.03748068871597449,1.0098783175150554,0.08581792563199997,0.5666666666666667
68,0.03862070217728615,0.037579857558012006,1.0408445715904235,0.09495161473751068,0.45
69,0.04746914878487587,0.04609184128542741,1.3773075501124064,0.08193773031234741,0.5333333333333333
70,0.04227682575583458,0.04099331870675087,1.2835068583488465,0.08529388159513474,0.6333333333333333
71,0.037169035896658896,0.03620955906808376,0.9594765384991963,0.08434999734163284,0.6166666666666667
72,0.03763917585213979,0.03668042880793412,0.9587468345959981,0.08174710720777512,0.5833333333333334
73,0.03786264918744564,0.036986131717761356,0.8765171090761821,0.08128166943788528,0.5333333333333333
74,0.03999655656516552,0.03912158024807771,0.8749761740366618,0.07997967302799225,0.5666666666666667
75,0.03788149977723757,0.036977650100986165,0.9038495063781739,0.08639180660247803,0.55
76,0.038850888858238855,0.03779563580950101,1.0552531758944192,0.08296464383602142,0.43333333333333335
77,0.037960189208388326,0.03697368477781614,0.986504344145457,0.08058581501245499,0.45
78,0.04116766924659411,0.040160630270838736,1.0070387641588847,0.0851588100194931,0.4666666666666667
79,0.03828460574150085,0.03723237651089827,1.0522296269734701,0.08657355606555939,0.55
80,0.04084600458542506,0.03975965306162834,1.0863512794176737,0.08224774152040482,0.5333333333333333
81,0.044508956869443256,0.043470816065867744,1.0381402730941773,0.09527094662189484,0.5666666666666667
82,0.045146232843399046,0.04400971581538518,1.1365171829859415,0.08603981882333755,0.5666666666666667
83,0.03747382735212644,0.03659777206679185,0.8760554075241089,0.08042511343955994,0.6
84,0.036777466908097266,0.03588470531006654,0.892762017250061,0.08816232532262802,0.5333333333333333
85,0.03932779729366302,0.03835682695110639,0.9709702769915263,0.08796674758195877,0.5333333333333333
86,0.040385667234659195,0.03920717835426331,1.1784887433052063,0.08173559606075287,0.45
87,0.03958149527510007,0.038422496616840364,1.1589983224868774,0.08156425505876541,0.5333333333333333
88,0.038029732555150984,0.03702748281260331,1.0022496819496154,0.08059386163949966,0.5333333333333333
89,0.04618369241555532,0.04495475416382154,1.2289382219314575,0.10101480036973953,0.45
90,0.04483017027378082,0.04359767014781634,1.2324997703234355,0.08743798732757568,0.48333333333333334
91,0.04475255707899729,0.04337446391582489,1.3780934453010558,0.09125662595033646,0.5
92,0.0411851038535436,0.03997291910151641,1.2121846000353496,0.0903346985578537,0.4666666666666667
93,0.04074748133619626,0.039757322520017624,0.990158474445343,0.08191172033548355,0.5333333333333333
94,0.04658964003125827,0.04546113436420759,1.1285060008366903,0.08814390003681183,0.43333333333333335
95,0.04141796405116717,0.040343655894200005,1.0743081132570902,0.10645189136266708,0.5166666666666667
96,0.04111965671181679,0.04001905545592308,1.1006014227867127,0.0865495577454567,0.5166666666666667
97,0.03959801395734151,0.03843881587187449,1.1591982007026673,0.08730310201644897,0.4666666666666667
98,0.03996562336881956,0.03890876074632009,1.0568626840909323,0.0868859812617302,0.6166666666666667
99,0.04153443003694216,0.040379177778959274,1.155252500375112,0.08742757886648178,0.5833333333333334
100,0.04255200500289599,0.04122884223858515,1.3231626550356548,0.0841679722070694,0.55
101,0.042093803236881895,0.04082581487794717,1.267988427480062,0.1011820062994957,0.55
102,0.04107580035924911,0.040073008214433985,1.0027918696403504,0.08299621939659119,0.5
103,0.039294718330105144,0.03842760473489761,0.8671137412389119,0.0855712965130806,0.5833333333333334
104,0.040823894242445626,0.039774961024522784,1.0489327748616537,0.09339460730552673,0.5833333333333334
105,0.04270151282350222,0.041605488707621895,1.096024211247762,0.08359213173389435,0.6
106,0.03938335056106249,0.03825195382038752,1.131396746635437,0.08156261593103409,0.5833333333333334
107,0.04052799195051193,0.03960445672273636,0.9235347906748453,0.08485691994428635,0.48333333333333334
108,0.04170991157492002,0.04055797482530276,1.151936904589335,0.09141793102025986,0.43333333333333335
109,0.03851824005444845,0.03740443401038647,1.1138059814771017,0.08669649809598923,0.5666666666666667
110,0.0373581791917483,0.036468021323283514,0.8901576598485311,0.08680529147386551,0.5666666666666667
111,0.03660386502742767,0.03577926556269328,0.8245991826057434,0.0804307609796524,0.55
112,0.036927453925212225,0.03593986618022124,0.9875877737998963,0.08754318952560425,0.55
113,0.039104008798797926,0.038127853473027544,0.9761555512746175,0.09475718438625336,0.43333333333333335
114,0.04203734993934631,0.04099649712443352,1.0408524711926779,0.08276838064193726,0.4666666666666667
115,0.03842747223873933,0.03750545891622702,0.9220130721728007,0.08274605125188828,0.48333333333333334
116,0.03791916680832704,0.037051342676083246,0.8678239266077677,0.0843036100268364,0.5166666666666667
117,0.037711959208051364,0.03683844146629175,0.8735176761945088,0.09303262829780579,0.4166666666666667
118,0.03747720420360565,0.03653537866969903,0.9418257753054301,0.08592699468135834,0.5333333333333333
119,0.03726918684939543,0.03627901536722978,0.9901714126269022,0.08282770216464996,0.4666666666666667
120,0.03857659325003624,0.037536567573746044,1.0400257229804992,0.08616353571414948,0.4166666666666667
121,0.03965211262305578,0.038669440026084585,0.9826725403467814,0.09461262077093124,0.55
122,0.04126978938778241,0.04015520612398783,1.1145832498868307,0.08355837315320969,0.5833333333333334
123,0.03953031959633033,0.038504353662331896,1.0259655714035034,0.09554808586835861,0.55
124,0.04136014754573504,0.040252652888496714,1.1074949463208517,0.08474510908126831,0.48333333333333334
125,0.04674409714837869,0.04572190431257089,1.0221925179163616,0.08375178277492523,0.5666666666666667
126,0.041648320853710175,0.040610070899128915,1.0382498383522034,0.08870179951190948,0.48333333333333334
127,0.039215565845370295,0.038248395050565404,0.9671707669893901,0.08416514098644257,0.5
128,0.039927536994218825,0.039019164194663364,0.9083729982376099,0.09431996196508408,0.45
129,0.04321536769469579,0.041988000522057214,1.2273672223091125,0.08223064988851547,0.5333333333333333
130,0.04165750394264857,0.040490219245354335,1.1672844727834066,0.08209405839443207,0.5333333333333333
131,0.0375548659513394,0.03671867313484351,0.836193327109019,0.08694858103990555,0.48333333333333334
132,0.03726110930244128,0.036368622134129204,0.892487374941508,0.09454306960105896,0.43333333333333335
133,0.03950993170340856,0.03852631648381551,0.9836147665977478,0.08232030272483826,0.5333333333333333
134,0.04000573307275772,0.038991779088974,1.013953479131063,0.08923345059156418,0.5
135,0.038868798315525054,0.03787294750412305,0.9958509763081869,0.08584555983543396,0.43333333333333335
136,0.04303668762246768,0.041814346735676126,1.222340953350067,0.08439485728740692,0.55
137,0.0398412361741066,0.03891067256530126,0.9305634498596191,0.08640117198228836,0.4666666666666667
138,0.0419952318072319,0.040753241255879404,1.2419907172520956,0.08509483933448792,0.4666666666666667
139,0.036960829670230545,0.03604024189213912,0.9205877621968587,0.09106186032295227,0.5333333333333333
140,0.03886363431811333,0.037922493865092596,0.9411407311757406,0.08141776919364929,0.5333333333333333
141,0.03935129332045714,0.03827847701807817,1.0728163997332254,0.08643148839473724,0.55
142,0.03821732240418593,0.037233665212988855,0.9836569825808207,0.08233936131000519,0.48333333333333334
143,0.03776328712701797,0.03690987415611744,0.8534133950869243,0.08188749849796295,0.48333333333333334
144,0.03771864461402098,0.03673467884461085,0.9839657783508301,0.0914451852440834,0.4666666666666667
145,0.04198846071958542,0.040613596141338346,1.3748642524083456,0.08427610248327255,0.5166666666666667
146,0.040676448742548624,0.03944785768787066,1.228590484460195,0.09494434297084808,0.55
147,0.038616954411069555,0.037613312651713686,1.0036412080128987,0.08132559806108475,0.5
148,0.038820871710777284,0.037822721898555754,0.9981497367223103,0.08318264782428741,0.5833333333333334
149,0.03798237120111783,0.03697836672266324,1.004003882408142,0.08303423970937729,0.5333333333333333
150,0.03817100301384926,0.03701167988280455,1.1593231439590455,0.0943874716758728,0.38333333333333336
151,0.039146927868326506,0.03795720525085926,1.1897220293680826,0.09448528289794922,0.43333333333333335
152,0.041770875453948975,0.04065961490074794,1.1112605532010396,0.08279120922088623,0.55
153,0.040904601414998375,0.039885193357865015,1.0194082736968995,0.08815284073352814,0.5333333333333333
154,0.037134981031219164,0.036067924151817955,1.067057240009308,0.08362429589033127,0.5333333333333333
155,0.039242132132252056,0.03813168282310168,1.1104495167732238,0.0937575176358223,0.5833333333333334
156,0.03982578739523888,0.038684563462932905,1.1412240425745646,0.08768808096647263,0.43333333333333335
157,0.0364725049585104,0.035536568115154904,0.9359371900558472,0.08060524612665176,0.5166666666666667
158,0.038214515149593356,0.03707855964700381,1.1359553734461467,0.0867023840546608,0.55
159,0.03870915633936723,0.03778429788847764,0.9248581091562907,0.08152775466442108,0.55
160,0.03847055708368619,0.03757266278068225,0.8978941957155864,0.08948220312595367,0.6
161,0.039885140707095465,0.03887930537263552,1.005834941069285,0.0856906920671463,0.43333333333333335
162,0.03872993551194668,0.037566388646761574,1.1635468284289041,0.08300483971834183,0.45
163,0.04147641360759735,0.04026201106607914,1.2144024650255838,0.08916055411100388,0.48333333333333334
164,0.041820525626341504,0.04043068289756775,1.3898429234822591,0.09036055207252502,0.5166666666666667
165,0.03744835282365481,0.03633927417298158,1.109078617890676,0.09811567515134811,0.5333333333333333
166,0.03880066871643066,0.037826708207527794,0.9739605824152628,0.09294397383928299,0.5333333333333333
167,0.04018438855806986,0.03906093413631121,1.1234546979268392,0.08093083649873734,0.5166666666666667
168,0.042641165852546695,0.04147570903102557,1.1654567877451578,0.09126045554876328,0.55
169,0.036971411854028705,0.03594678516189257,1.0246267040570578,0.08303271234035492,0.4666666666666667
170,0.03742919663588206,0.036529476568102834,0.8997198383013407,0.08738318830728531,0.48333333333333334
171,0.036220442752043405,0.0353739054252704,0.8465373992919922,0.08802628517150879,0.48333333333333334
172,0.04213607832789421,0.04105498890082041,1.0810896039009095,0.08439420908689499,0.5833333333333334
173,0.03937457725405693,0.038325348993142445,1.0492282072703043,0.08805893361568451,0.45
174,0.0382034366329511,0.03732059312363466,0.8828431725502014,0.0849185511469841,0.5333333333333333
175,0.03705631295839946,0.03606833803157012,0.9879751046498616,0.09184994548559189,0.5
176,0.038234538460771246,0.03736534689863523,0.8691916783650716,0.08531896024942398,0.5666666666666667
177,0.039657868444919586,0.03865368043382963,1.0041879852612814,0.08536266535520554,0.55
178,0.03758027330040932,0.03659927509725094,0.9809978405634562,0.08241179585456848,0.45
179,0.03634976670145988,0.0354193610449632,0.9304061094919841,0.08478905260562897,0.5666666666666667
180,0.03711886877814929,0.03619255634645621,0.9263119300206503,0.08052648603916168,0.5333333333333333
181,0.040088595698277156,0.0391422051936388,0.9463904738426209,0.08716236799955368,0.5666666666666667
182,0.03731900987525781,0.03637049434085687,0.9485154589017232,0.08849631249904633,0.4666666666666667
183,0.03813162868221601,0.03710255647699038,1.0290721575419108,0.08208369463682175,0.6
184,0.03833003453910351,0.03730521040658156,1.024824066956838,0.0813869908452034,0.5166666666666667
185,0.03722137063741684,0.036201259742180504,1.0201109647750854,0.08864600211381912,0.45
186,0.037307071561614676,0.03615245794256528,1.154613689581553,0.08477833122015,0.5166666666666667
187,0.039152997980515164,0.038197096933921176,0.9559008002281189,0.08600419014692307,0.43333333333333335
188,0.037110803897182146,0.03611331209540367,0.997491737206777,0.08333966135978699,0.4666666666666667
189,0.03726407798628013,0.0363929457962513,0.8711315631866455,0.08523141592741013,0.48333333333333334
190,0.03595263833800952,0.03503323197364807,0.9194064259529113,0.08681049942970276,0.5666666666666667
191,0.037682146827379866,0.03674377736945947,0.938369631767273,0.08619898557662964,0.6
192,0.03603553560872873,0.0351268553485473,0.9086805701255798,0.09052016586065292,0.5166666666666667
193,0.03845758624374866,0.03750932179391384,0.9482645591100057,0.08030170202255249,0.5666666666666667
194,0.03569781444966793,0.03485303856432438,0.8447763800621033,0.08960474282503128,0.43333333333333335
195,0.035062001645565034,0.034220891321698824,0.8411097447077434,0.09097261726856232,0.55
196,0.03759212444225947,0.036504170919458075,1.0879536271095276,0.0839882418513298,0.5166666666666667
197,0.03636881187558174,0.03539142869412899,0.977383538087209,0.08934250473976135,0.4666666666666667
198,0.03638815482457479,0.035542030135790506,0.8461244185765584,0.08371509611606598,0.48333333333333334
199,0.036501921340823175,0.03561835649112861,0.8835650165875752,0.08260206133127213,0.5166666666666667
200,0.03727357449630896,0.03639409976700942,0.8794747710227966,0.09236817806959152,0.5166666666666667
201,0.03905784090360006,0.037890900919834776,1.1669400652249655,0.08837799727916718,0.5333333333333333
202,0.04126819496353467,0.040010313813885055,1.2578808943430582,0.08526445925235748,0.43333333333333335
203,0.041152385125557585,0.03982066276172797,1.3317224025726317,0.09279537200927734,0.43333333333333335
204,0.03658198962608973,0.0355926226824522,0.9893664956092835,0.08979692310094833,0.48333333333333334
205,0.037673365076382956,0.036814025168617565,0.8593398650487264,0.08497615158557892,0.5166666666666667
206,0.03921545060972373,0.03820160726706187,1.0138433655103047,0.08799121528863907,0.4666666666666667
207,0.03724067273239295,0.036315286656220754,0.9253857652346293,0.08006049692630768,0.5333333333333333
208,0.03924637163678805,0.038156367093324664,1.090005067984263,0.09421457350254059,0.4166666666666667
209,0.040840199093023936,0.03981108044584592,1.0291188081105551,0.08387769013643265,0.5
210,0.04534509057799975,0.04413834922015667,1.2067415197690328,0.08926600962877274,0.43333333333333335
211,0.03975183479487896,0.03858744812508424,1.164386550585429,0.08296826481819153,0.48333333333333334
212,0.03550677572687467,0.034625533347328506,0.8812424461046855,0.08226935565471649,0.48333333333333334
213,0.04176704635222753,0.04069861173629761,1.0684347867965698,0.09230437129735947,0.5666666666666667
214,0.03954352339108785,0.03852970153093338,1.0138221621513366,0.08233466744422913,0.48333333333333334
215,0.036850382263461746,0.03588795065879822,0.9624307831128438,0.09892511367797852,0.45
216,0.04081629415353139,0.039703669399023055,1.1126251935958862,0.08679678291082382,0.5
217,0.03486614227294922,0.03401631427307924,0.8498276909192403,0.08626784384250641,0.5333333333333333
218,0.03571438416838646,0.03486910959084829,0.8452744960784913,0.08543941378593445,0.4666666666666667
219,0.04399125228325526,0.04264959469437599,1.3416573445002238,0.08385609090328217,0.5166666666666667
220,0.03985085636377335,0.0387716411302487,1.079215415318807,0.09072862565517426,0.5166666666666667
221,0.035491367305318516,0.03453510366380215,0.9562636256217957,0.08476439863443375,0.5666666666666667
222,0.03733512411514918,0.03629141127069791,1.0437126557032268,0.08506456017494202,0.5
223,0.03656166108946005,0.035553984840710956,1.0076759974161784,0.08255594968795776,0.5166666666666667
224,0.039389538764953616,0.03835309644540151,1.036442188421885,0.08228006213903427,0.45
225,0.03696887853244941,0.036099105949203174,0.8697724143664042,0.09255225211381912,0.5833333333333334
226,0.041084485873579976,0.040139709537227945,0.9447765707969665,0.09749091416597366,0.5333333333333333
227,0.04243152365088463,0.04149913787841797,0.9323856075604756,0.08113154023885727,0.5333333333333333
228,0.03543838647504648,0.03455112402637799,0.8872625748316447,0.08452469855546951,0.55
229,0.03847704119980335,0.03752281740307808,0.9542237599690755,0.0848730057477951,0.43333333333333335
230,0.03535944533844789,0.03442617046336333,0.9332744956016541,0.0808504968881607,0.6
231,0.035680409396688144,0.03476311502357324,0.9172942876815796,0.08325447142124176,0.4666666666666667
232,0.03610288749138514,0.03524165687461694,0.8612304051717122,0.08732105791568756,0.4666666666666667
233,0.03406876226266225,0.033203510319193205,0.8652518550554912,0.08273431658744812,0.5
234,0.035099849725763,0.03421355336904526,0.8862964193026225,0.0877540335059166,0.5333333333333333
235,0.03756636915107568,0.03657680166264375,0.9895673910776774,0.08647564053535461,0.5166666666666667
236,0.038823283091187474,0.03766730080048243,1.1559818188349407,0.08501499146223068,0.5333333333333333
237,0.0408325935403506,0.03959519515434901,1.2373976906140645,0.09362349659204483,0.55
238,0.03730108191569646,0.03632198236882687,0.9790990193684895,0.08266019821166992,0.48333333333333334
239,0.03577735498547554,0.034797454128662746,0.979901123046875,0.08234116435050964,0.45
240,0.036183254917462666,0.035173026969035466,1.0102274417877197,0.08754098415374756,0.5666666666666667
241,0.03737061321735382,0.036348728090524675,1.0218848824501037,0.08583332598209381,0.45
242,0.03436153580745061,0.033415216704209647,0.9463195403416952,0.09150753915309906,0.55
243,0.03648108455042044,0.0354339433213075,1.0471418142318725,0.08772627264261246,0.5
244,0.03417333563168844,0.0333722360432148,0.8010989705721537,0.0809347927570343,0.5333333333333333
245,0.03898540735244751,0.0380457683155934,0.9396389285723369,0.0878031775355339,0.4666666666666667
246,0.03828780700763067,0.037378189712762834,0.9096176187197368,0.08478393405675888,0.48333333333333334
247,0.03681928130487601,0.036002303039034206,0.8169782876968383,0.08394502103328705,0.55
248,0.039509553089737894,0.03850972577929497,0.9998273293177287,0.0893019437789917,0.5666666666666667
249,0.039835903172691665,0.038834818576773004,1.0010841528574626,0.08621562272310257,0.43333333333333335
250,0.03730499744415283,0.036378111814459164,0.9268859585126241,0.08974682539701462,0.55
251,0.036212928717335065,0.03528042038281758,0.9325079162915547,0.08382275700569153,0.4166666666666667
252,0.03790883496403694,0.036804522201418874,1.1043122251828512,0.08703305572271347,0.5166666666666667
253,0.034881497547030446,0.034049109121163684,0.832388166586558,0.10380188375711441,0.5166666666666667
254,0.04379647647341092,0.04282230610648791,0.9741701642672221,0.08436833322048187,0.5166666666666667
255,0.03526158717771371,0.034364790593584375,0.8967963894208272,0.08610644936561584,0.5333333333333333
256,0.03457175828516483,0.033662007997433345,0.9097503900527955,0.08949670195579529,0.48333333333333334
257,0.0367436446249485,0.035765612746278444,0.9780317664146423,0.0856960341334343,0.5333333333333333
258,0.038844577595591546,0.03786834242443244,0.9762356162071228,0.0836995542049408,0.45
259,0.04414467811584473,0.043182018275062246,0.9626599669456481,0.08339621871709824,0.55
260,0.04244879322747389,0.04144984483718872,0.9989484945933024,0.09543212503194809,0.55
261,0.03628178499639034,0.03538721899191539,0.8945662498474121,0.08233725279569626,0.5833333333333334
262,0.034506929914156596,0.03358073780934016,0.9261924107869466,0.08631962537765503,0.5166666666666667
263,0.03790705154339472,0.0369518980383873,0.9551537195841472,0.08268599957227707,0.4666666666666667
264,0.037101398780941965,0.03612779838343461,0.9736003756523133,0.09276510775089264,0.55
265,0.03480843392511209,0.033946668108304344,0.8617656747500102,0.09296788275241852,0.5833333333333334
266,0.0359465453773737,0.03502064496278763,0.9259002049763997,0.08296890556812286,0.55
267,0.03879072889685631,0.03767630668977896,1.1144216418266297,0.08871038258075714,0.5833333333333334
268,0.03716233819723129,0.03622870755692323,0.9336306929588318,0.08665680140256882,0.5
269,0.034966764971613884,0.03405921285351118,0.9075522502263387,0.09051499515771866,0.5833333333333334
270,0.03655343328913053,0.03556575787564119,0.9876753846804301,0.0902101993560791,0.45
271,0.04066230058670044,0.039572580407063164,1.0897201855977376,0.08229979127645493,0.4
272,0.035827049612998964,0.03486704006791115,0.9600094318389892,0.08263061195611954,0.5166666666666667
273,0.036001402015487356,0.03508652746677399,0.9148740371068319,0.0841296836733818,0.48333333333333334
274,0.03747886617978414,0.036352407683928806,1.1264582832654317,0.08436691015958786,0.5333333333333333
275,0.0371066411336263,0.03604917116463184,1.0574700117111206,0.09506947547197342,0.5166666666666667
276,0.03696069729824861,0.0359893095990022,0.9713869651158651,0.08397771418094635,0.5166666666666667
277,0.03880070447921753,0.03791540923217932,0.8852954824765523,0.08460386097431183,0.5333333333333333
278,0.040289840971430145,0.039330913002292314,0.9589276313781738,0.0928492546081543,0.5333333333333333
279,0.04016389797131221,0.03916654214262962,0.9973557551701864,0.08891423046588898,0.55
280,0.034493686507145564,0.03361646297077338,0.8772231101989746,0.08239466696977615,0.4166666666666667
281,0.03477512883643309,0.03389910173912843,0.8760271151860555,0.08002807199954987,0.48333333333333334
282,0.037078023950258894,0.03606697879731655,1.0110450863838196,0.10174904763698578,0.48333333333333334
283,0.03917392541964849,0.038114318748315175,1.0596068859100343,0.0838594138622284,0.5333333333333333
284,0.04007748961448669,0.038908308496077855,1.1691810528437296,0.08564957231283188,0.55
285,0.03611048460006714,0.03508362074693044,1.026863976319631,0.0851874053478241,0.43333333333333335
286,0.03611212981243928,0.03515930585563183,0.9528241872787475,0.08852474391460419,0.4166666666666667
287,0.03549406838913759,0.03457238810757796,0.92168048620224,0.0869930163025856,0.5166666666666667
288,0.03513732192416986,0.034296484539906184,0.8408369143803914,0.08614546805620193,0.4166666666666667
289,0.03693219820658366,0.03598651178181171,0.9456863641738892,0.08580493927001953,0.43333333333333335
290,0.03556305915117264,0.034669412796696025,0.8936466455459595,0.089014932513237,0.55
291,0.03654225170612335,0.03575605029861132,0.7862009565035503,0.08166796714067459,0.5
292,0.03871187915404638,0.03774868796269099,0.9631912112236023,0.0823378637433052,0.4666666666666667
293,0.03968543124695619,0.03863945528864861,1.0459760427474976,0.08999942988157272,0.48333333333333334
294,0.0435019979874293,0.042225506901741025,1.2764909982681274,0.08408104628324509,0.48333333333333334
295,0.037634246175487836,0.03658838123083115,1.045864991346995,0.08984849601984024,0.43333333333333335
296,0.035904798780878384,0.03490312347809474,1.0016752441724142,0.08410421758890152,0.55
297,0.033418163657188416,0.03255106968184312,0.8670939405759176,0.09094762802124023,0.45
298,0.03438625807563464,0.03348985649645329,0.8964014609654745,0.08045532554388046,0.55
299,0.03710565418004989,0.036169013008475304,0.9366414785385132,0.08886037021875381,0.4666666666666667
300,0.035495585203170775,0.03454216097791989,0.9534239729245504,0.08967381715774536,0.48333333333333334
301,0.03566191842158636,0.03485564775764942,0.8062703410784403,0.08502382040023804,0.5166666666666667
302,0.035060826937357584,0.03420382961630821,0.8569973389307658,0.08736711740493774,0.45
303,0.03563664505879084,0.03475501959522565,0.8816251317660014,0.08488877862691879,0.5
304,0.03638522575298945,0.03542127907276153,0.9639472842216492,0.08854861557483673,0.55
305,0.03598574126760165,0.03508428223431111,0.90145849386851,0.08867085725069046,0.5833333333333334
306,0.035569266974925996,0.03459586674968402,0.9734000404675801,0.08362735062837601,0.43333333333333335
307,0.03531395656367143,0.03438902919491132,0.9249274134635925,0.08743126690387726,0.5166666666666667
308,0.03527714560429255,0.034406301006674765,0.8708445072174072,0.08527138084173203,0.55
309,0.035428425297141075,0.03451913918058078,0.9092862725257873,0.08576492220163345,0.48333333333333334
310,0.03749127574265003,0.036615353326002756,0.875922699769338,0.08221638947725296,0.4666666666666667
311,0.0395222802956899,0.03847256265580654,1.0497176845868428,0.0809398964047432,0.4666666666666667
312,0.03595563198129336,0.034956611196200055,0.9990208148956299,0.08604495227336884,0.45
313,0.0364787470549345,0.03561714912454287,0.8615975300470988,0.08727943152189255,0.4666666666666667
314,0.03600887209177017,0.035096994663278265,0.9118777712186178,0.083678238093853,0.4166666666666667
315,0.03466947476069133,0.033811055744687714,0.8584189375241598,0.08641073852777481,0.5666666666666667
316,0.03633927032351494,0.03536491009096305,0.9743605176607768,0.0814545527100563,0.48333333333333334
317,0.03810625063876311,0.037171175330877305,0.9350754976272583,0.09271669387817383,0.5
318,0.03797877443333467,0.03706903494894505,0.9097393870353698,0.08672100305557251,0.5333333333333333
319,0.03454041456182798,0.033639073744416235,0.9013408104578654,0.0850720927119255,0.5166666666666667
320,0.035535883034269015,0.03462302659948667,0.9128558357556661,0.08501994609832764,0.45
321,0.037107433875401816,0.03627702953914801,0.8304043889045716,0.09519986808300018,0.5333333333333333
322,0.0385610597829024,0.03769404416282972,0.8670156558354696,0.08451547473669052,0.4
323,0.03394489325582981,0.03298999518156052,0.954898210366567,0.0886979028582573,0.55
324,0.03712686474124591,0.03616452751060327,0.9623370846112569,0.08077558875083923,0.45
325,0.03732677114506563,0.03632556200027466,1.0012089172999064,0.08357060700654984,0.4
326,0.03785967926184337,0.03678206577897072,1.0776135245958964,0.08295530080795288,0.43333333333333335
327,0.03521011881530285,0.03431598184009393,0.8941371838251749,0.0859934464097023,0.4666666666666667
328,0.037033027534683544,0.0359914908806483,1.0415361682573954,0.08867983520030975,0.5
329,0.03647854328155518,0.035539037485917406,0.9395056128501892,0.09003186970949173,0.5666666666666667
330,0.03394948666294416,0.033070952321092285,0.8785342613855998,0.08250600844621658,0.45
331,0.03841771793862184,0.03737357631325722,1.044141141573588,0.08708137273788452,0.48333333333333334
332,0.03558782848219077,0.034600977102915445,0.9868513902028402,0.08317384123802185,0.4666666666666667
333,0.035864924142758055,0.035012918834884964,0.8520049889882405,0.0934869721531868,0.48333333333333334
334,0.03864991962909699,0.03766727757950624,0.9826423724492391,0.08415631949901581,0.43333333333333335
335,0.033594481522838275,0.03278352357447147,0.8109577377637227,0.08755482733249664,0.45
336,0.03776192714770635,0.03685712963342667,0.9047977248827617,0.08679626137018204,0.48333333333333334
337,0.0330167210350434,0.032210859407981234,0.8058616518974304,0.08419791609048843,0.45
338,0.03400057554244995,0.033237864697972935,0.7627106070518493,0.08452767878770828,0.5666666666666667
339,0.03792267590761185,0.03701196536421776,0.9107102553049723,0.08750617504119873,0.48333333333333334
340,0.037219476078947385,0.03614180373648802,1.0776721398035685,0.08575590699911118,0.55
341,0.03942526069780191,0.038481305042902626,0.943955675760905,0.0824902281165123,0.4666666666666667
342,0.03768562438587348,0.03668112096687158,1.0045034329096476,0.08496516197919846,0.5166666666666667
343,0.037312839676936466,0.03639061624805132,0.9222232619921367,0.09018144011497498,0.4
344,0.03491104630132516,0.03404080544908841,0.8702410856882731,0.08506622165441513,0.43333333333333335
345,0.03333166489998499,0.03254655413329601,0.7851106365521748,0.0877167209982872,0.4666666666666667
346,0.032772719860076904,0.03194694258272648,0.825777272383372,0.08843307942152023,0.4
347,0.03549736353258292,0.034592120349407195,0.9052433292071025,0.08579568564891815,0.5166666666666667
348,0.035619741305708885,0.03470592126250267,0.913819960753123,0.09210263192653656,0.55
349,0.03477355514963468,0.03384571063021819,0.9278448144594829,0.08223225921392441,0.55
350,0.03621135130524635,0.03532398131986459,0.8873699029286702,0.08610715717077255,0.5333333333333333
351,0.03671785096327464,0.03583011453350385,0.8877359429995219,0.0972662940621376,0.4166666666666667
352,0.036723143483201666,0.03574605310956637,0.9770903587341309,0.08307800441980362,0.4
353,0.036930579940478006,0.03599700170258681,0.9335778752962748,0.08835549652576447,0.48333333333333334
354,0.03438953508933385,0.03356413977841536,0.8253952185312907,0.09675326943397522,0.4166666666666667
355,0.038204435755809146,0.037211118762691814,0.9933169086774191,0.08833427727222443,0.4
356,0.03658061760167281,0.035606822744011876,0.9737942655881245,0.083401620388031,0.55
357,0.03572004176676273,0.03483878821134567,0.8812537988026937,0.08517296612262726,0.5333333333333333
358,0.03453358287612597,0.03371172758440177,0.8218553026517232,0.08421077579259872,0.5
359,0.036368371546268465,0.03552467450499534,0.8436970591545105,0.08257152140140533,0.45
360,0.037694916625817615,0.03675358618299166,0.9413303852081298,0.10018552094697952,0.43333333333333335
361,0.03914247043430805,0.03810568836828073,1.0367817242940267,0.08555027097463608,0.55
362,0.040109560017784436,0.03904847664137681,1.061082915465037,0.10244747251272202,0.55
363,0.047193094094594316,0.04608731307089329,1.1057808597882588,0.09239938855171204,0.48333333333333334
364,0.03848987966775894,0.03743476246794065,1.0551171938578288,0.08404035121202469,0.4166666666666667
365,0.03618665747344494,0.035301593318581584,0.8850638826688131,0.08238549530506134,0.5333333333333333
366,0.03603871042529742,0.03517594349881013,0.8627667943636577,0.07942436635494232,0.5
367,0.03968644961714744,0.03860575295984745,1.080695927143097,0.08807967603206635,0.4666666666666667
368,0.03499078638851642,0.03408283069729805,0.9079556544621785,0.09204267710447311,0.55
369,0.03598246574401855,0.034961454073588055,1.021011519432068,0.08542001247406006,0.4
370,0.03659381854037444,0.03569392611583074,0.8998921354611714,0.08304323256015778,0.4666666666666667
371,0.03980920066436132,0.038745020826657615,1.064179746309916,0.08784261345863342,0.4666666666666667
372,0.035764179875453314,0.03470910054941972,1.0550792654355368,0.08459842205047607,0.4666666666666667
373,0.034966871763269104,0.03405178834994634,0.9150830825169881,0.08348046243190765,0.48333333333333334
374,0.039620706190665565,0.0385258258630832,1.0948799928029378,0.086013063788414,0.55
375,0.03974486713608106,0.03852076840897401,1.2240987300872803,0.09183762967586517,0.5
376,0.03780311731000741,0.036670556664466857,1.132560956478119,0.09757904708385468,0.4166666666666667
377,0.03617588256796201,0.03524675245086352,0.9291295528411865,0.08607956767082214,0.4666666666666667
378,0.03399515189230442,0.03315085433423519,0.8442974289258321,0.08164003491401672,0.48333333333333334
379,0.03748468160629272,0.036628404383858046,0.8562765796979268,0.08508704602718353,0.43333333333333335
380,0.03739405870437622,0.036429034421841304,0.9650245428085327,0.09132479876279831,0.38333333333333336
381,0.034993133942286175,0.03404120442767938,0.9519290089607239,0.08453985303640366,0.5166666666666667
382,0.03454772122204304,0.03367481529712677,0.8729055205980937,0.0876961499452591,0.45
383,0.033946507672468824,0.03311968520283699,0.826822559038798,0.08149408549070358,0.43333333333333335
384,0.03281542472541332,0.03200010309616725,0.8153215209643047,0.0871410146355629,0.43333333333333335
385,0.039017409831285474,0.03787601602574189,1.1413933873176574,0.08829282224178314,0.4166666666666667
386,0.03659105822443962,0.0355958824356397,0.9951753695805867,0.08107319474220276,0.5333333333333333
387,0.03926020214955012,0.038386462504665056,0.8737397352854411,0.09335176646709442,0.45
388,0.03714864502350489,0.036288400863607725,0.8602442105611166,0.09020067751407623,0.55
389,0.03565708411236604,0.034812396268049876,0.8446876962979635,0.0852549821138382,0.43333333333333335
390,0.035414548590779305,0.03444113830725352,0.9734100659688314,0.08660813421010971,0.5
391,0.03406870054701964,0.03319245378176371,0.87624698082606,0.10294335335493088,0.5166666666666667
392,0.03677259472509225,0.035854703187942503,0.9178909619649251,0.08675269782543182,0.45
393,0.037413255249460535,0.036463994656999905,0.9492606163024903,0.09383580088615417,0.43333333333333335
394,0.03762719817459583,0.03671532322963079,0.9118752757708232,0.08968912065029144,0.5
395,0.03599091507494449,0.03513322447737058,0.8576901078224182,0.08337713778018951,0.5333333333333333
396,0.03475354922314485,0.03380725085735321,0.9462982455889384,0.08250235766172409,0.5166666666666667
397,0.03800700219968955,0.037105193734169005,0.9018082420031229,0.08259419351816177,0.45
398,0.033486819143096605,0.032681552693247795,0.8052660544713338,0.08326014131307602,0.48333333333333334
399,0.033179662004113195,0.0323516661922137,0.8279955863952637,0.08574064821004868,0.48333333333333334
400,0.03719013954202334,0.036253352835774424,0.9367860992749532,0.09150391072034836,0.5166666666666667
401,0.040604784588019055,0.039472093681494395,1.1326907277107239,0.08776934444904327,0.4166666666666667
402,0.03357338619728883,0.032726578911145526,0.8468074202537537,0.0847119614481926,0.36666666666666664
403,0.03466191366314888,0.03377433903515339,0.8875748554865519,0.08637355268001556,0.5333333333333333
404,0.035226593166589736,0.03426270919541518,0.9638837138811748,0.10052461922168732,0.43333333333333335
405,0.03767274282872677,0.03674003841976325,0.9327042063077291,0.08608562499284744,0.48333333333333334
406,0.03477627771596114,0.03384049410621325,0.9357835014661153,0.08793298155069351,0.4666666666666667
407,0.0359198280920585,0.034900047133366266,1.0197805682818095,0.08264211565256119,0.5166666666666667
408,0.03788469644884269,0.036885750045379,0.998946237564087,0.08334408700466156,0.5166666666666667
409,0.03472681976854801,0.03385097657640775,0.8758427858352661,0.0841747298836708,0.4666666666666667
410,0.03544962219893932,0.03452694478134314,0.9226769646008809,0.08544152975082397,0.43333333333333335
411,0.033682197456558545,0.03288374443848928,0.7984529177347819,0.08333989232778549,0.48333333333333334
412,0.03406117893755436,0.03329993908603986,0.7612398862838745,0.08331535011529922,0.45
413,0.040195567160844804,0.03907733336091042,1.1182336926460266,0.09484342485666275,0.4666666666666667
414,0.03678468813498815,0.03556371591985226,1.2209718545277914,0.09088128060102463,0.55
415,0.03871444364388784,0.03751542071501414,1.1990233143170674,0.0829266756772995,0.5333333333333333
416,0.03561890820662181,0.034636499856909114,0.9824085394541423,0.08184953778982162,0.45
417,0.03515781487027804,0.03425508327782154,0.902731696764628,0.088560089468956,0.4166666666666667
418,0.03420872949063778,0.03338861962159475,0.82011003891627,0.08460497856140137,0.45
419,0.03334541556735834,0.03254069325824579,0.8047221223513286,0.08804512768983841,0.4166666666666667
420,0.03724300352235635,0.03634729112188021,0.895712947845459,0.0856110230088234,0.45
421,0.03633129224181175,0.035412714506189026,0.9185776273409526,0.08189691603183746,0.43333333333333335
422,0.03552710711956024,0.03468748579422633,0.8396214763323466,0.08138806372880936,0.5
423,0.0375391644736131,0.03658767181138198,0.9514926234881084,0.08317450433969498,0.43333333333333335
424,0.03762569228808085,0.03664301298558712,0.9826791087786356,0.09144824743270874,0.55
425,0.03424602995316187,0.03327352913717429,0.9725004871686299,0.08427275717258453,0.5166666666666667
426,0.03578154407441616,0.03487410446008046,0.9074400345484416,0.08471064269542694,0.45
427,0.041743050515651706,0.04083077286680539,0.9122777779897054,0.08339030295610428,0.48333333333333334
428,0.03500909047822157,0.0340268408258756,0.982249402999878,0.09428170323371887,0.5
429,0.03575124243895213,0.03483608228464921,0.9151604135831197,0.08627137541770935,0.43333333333333335
430,0.036856190860271455,0.035922571147481604,0.9336196978886923,0.08182696998119354,0.43333333333333335
431,0.03482941724359989,0.0339462307592233,0.8831862171490987,0.08485327661037445,0.4
432,0.03550900593400001,0.034646189336975414,0.8628164609273274,0.08259521424770355,0.5166666666666667
433,0.034507459153731664,0.03358350843191147,0.923950735727946,0.08985591679811478,0.48333333333333334
434,0.03226057986418406,0.031452416256070134,0.8081631938616435,0.08993440121412277,0.5
435,0.03400757635633151,0.03314834696551164,0.8592292348543803,0.08215627074241638,0.5333333333333333
436,0.034144431228439014,0.03324569426476955,0.8987368226051331,0.08583669364452362,0.4666666666666667
437,0.03401305079460144,0.033174333969751994,0.8387162168820699,0.08255893737077713,0.4666666666666667
438,0.032579855620861055,0.031782862916588786,0.7969926277796427,0.0806301012635231,0.5333333333333333
439,0.03482527347902457,0.0339986328035593,0.8266403675079346,0.09531506150960922,0.4666666666666667
440,0.038108232369025545,0.03708774633705616,1.0204857389132183,0.08354701846837997,0.4666666666666667
441,0.03466242936750253,0.033843203509847326,0.8192262291908264,0.08199913054704666,0.38333333333333336
442,0.03582374478379886,0.03496463174621264,0.8591127713521322,0.08346357941627502,0.4666666666666667
443,0.03541891562441985,0.03449007458984852,0.9288411339124044,0.08103711158037186,0.36666666666666664
444,0.03570491783320904,0.0347848283747832,0.9200897614161173,0.08936981111764908,0.55
445,0.033248355612158775,0.032428921883304915,0.8194336414337158,0.08634431660175323,0.4666666666666667
446,0.033143118893106775,0.03233795774479707,0.805160927772522,0.08346999436616898,0.48333333333333334
447,0.03439684634407361,0.03364478647708893,0.7520600001017252,0.08232508599758148,0.45
448,0.033043846115469934,0.03219790781537692,0.8459380030632019,0.08849433809518814,0.5166666666666667
449,0.03473174286385377,0.03379293059309323,0.9388124465942382,0.086897112429142,0.43333333333333335
450,0.03451910068591436,0.03358655708531539,0.9325435201327006,0.08816010504961014,0.5
451,0.034314209843675295,0.03342868002752463,0.8855295538902282,0.09561798721551895,0.6
452,0.03731263888378938,0.036391909172137575,0.9207294821739197,0.08352668583393097,0.4666666666666667
453,0.03328776334722837,0.032499668871363005,0.7880941152572631,0.0882096216082573,0.5166666666666667
454,0.03409012605746587,0.03332495453457038,0.7651713450749715,0.08227849751710892,0.48333333333333334
455,0.03942081419130166,0.03834269891182582,1.0781149387359619,0.08143294602632523,0.43333333333333335
456,0.03534348669151465,0.03440607798596223,0.9374088565508525,0.08247607201337814,0.5
457,0.03583460189402103,0.034858295073111854,0.9763070940971375,0.0859665647149086,0.5166666666666667
458,0.0366946612795194,0.03572362686196963,0.9710344513257344,0.09920255094766617,0.4
459,0.0376454363266627,0.03671578094363213,0.929655933380127,0.07936949282884598,0.6
460,0.03565754269560178,0.034740159784754115,0.9173830032348633,0.08949987590312958,0.4666666666666667
461,0.035439000278711316,0.034401920561989145,1.037079425652822,0.08739927411079407,0.5
462,0.03631541940073172,0.03523818962275982,1.077229658762614,0.09063578397035599,0.45
463,0.03566848014791806,0.03476291224360466,0.9055680473645528,0.08938702940940857,0.5166666666666667
464,0.03383447093268235,0.032932752122481666,0.9017186721165975,0.08834543824195862,0.5
465,0.03415973794957002,0.03322975325087706,0.929984990755717,0.0837722048163414,0.5
466,0.03281560552616914,0.03201141717533271,0.8041884223620097,0.08726387470960617,0.43333333333333335
467,0.03453545371691386,0.03364252236982187,0.8929311235745748,0.09205440431833267,0.5
468,0.0338212862610817,0.03304003477096558,0.7812512834866842,0.08030987530946732,0.4666666666666667
469,0.036316919575134915,0.035447421669960025,0.8694980343182882,0.08419007062911987,0.5166666666666667
470,0.0342415526509285,0.03339339705804984,0.8481559038162232,0.0832066535949707,0.43333333333333335
471,0.033919207751750946,0.03303418060143789,0.8850269754727681,0.08419635146856308,0.4666666666666667
472,0.03251365299026172,0.03162111168106397,0.8925414284070333,0.09366657584905624,0.5
473,0.03636043034493923,0.035480267678697906,0.8801628073056539,0.08087124675512314,0.55
474,0.03930629541476568,0.0383627038449049,0.9435915430386861,0.0819808691740036,0.5666666666666667
475,0.03612615490953128,0.03524211471279462,0.8840405424435933,0.08635888993740082,0.5333333333333333
476,0.036386788139740625,0.03550220827261607,0.8845796227455139,0.0824679583311081,0.48333333333333334
477,0.036604372908671697,0.03563702056805293,0.9673520723978678,0.09706857055425644,0.55
478,0.035819888859987256,0.03480801930030187,1.011869486172994,0.08241643756628036,0.5166666666666667
479,0.035135364656647045,0.03423760620256265,0.8977586150169372,0.09311222285032272,0.5666666666666667
480,0.038009261215726536,0.037212223683794336,0.7970376133918762,0.09044083207845688,0.5666666666666667
481,0.03416400055090586,0.03329092611869176,0.8730741302172343,0.09020497649908066,0.4166666666666667
482,0.036699538305401805,0.03577122427523136,0.9283137758572896,0.08933588862419128,0.4666666666666667
483,0.03617584730188052,0.03534063783784707,0.8352096319198609,0.08413586765527725,0.43333333333333335
484,0.03458606960872809,0.03377200414737066,0.8140650312105815,0.09192419052124023,0.48333333333333334
485,0.035150721296668054,0.03429153139392535,0.8591901342074076,0.08184502273797989,0.4
486,0.03610084727406502,0.03516096758345763,0.9398797551790873,0.09247336536645889,0.55
487,0.03842493866880735,0.03752503059804439,0.899907648563385,0.08620548993349075,0.4666666666666667
488,0.038344180956482884,0.03722227985660235,1.1219015916188557,0.08022750914096832,0.45
489,0.03246220052242279,0.03168697406848272,0.7752264300982158,0.08351822197437286,0.5
490,0.035130384067694344,0.033985437949498494,1.1449458161989847,0.08520285040140152,0.48333333333333334
491,0.033662164707978566,0.03280244196454684,0.8597230037053426,0.08261234313249588,0.43333333333333335
492,0.03325235346953074,0.03244547136127949,0.8068818012873332,0.09468378126621246,0.5166666666666667
493,0.036276402945319815,0.03537311392525832,0.9032887975374858,0.09087753295898438,0.55
494,0.03708215293784936,0.03616444207727909,0.9177105347315471,0.09805739670991898,0.4166666666666667
495,0.03949868058164915,0.03858155434330304,0.9171265840530396,0.08088165521621704,0.5166666666666667
496,0.03843643479049206,0.037399701525767645,1.0367334326108297,0.0819339007139206,0.4166666666666667
497,0.03700029316047827,0.036020137121280035,0.9801560719807942,0.08471246063709259,0.55
498,0.03612922256191572,0.035134395211935045,0.9948271592458089,0.08138789981603622,0.5333333333333333
499,0.03186292238533497,0.031072481349110604,0.7904406110445659,0.08074837177991867,0.45
500,0.037864398087064426,0.03694110003610452,0.9232978860537211,0.07980997860431671,0.43333333333333335
