epoch,train_loss,mse_loss,trend_loss,val_mse,val_mae,val_trend_acc
0,0.0564775167653958,0.04698203957329194,9.495477040608725,0.05229397490620613,0.1971009224653244,0.55
1,0.01151542669783036,0.008043297845870257,3.4721286296844482,0.019364943727850914,0.11387430876493454,0.55
2,0.006816915608942509,0.0046172111217553415,2.199704376856486,0.01102264504879713,0.08825940638780594,0.5166666666666667
3,0.005318765404323736,0.003597540020321806,1.7212252696355184,0.011356971226632595,0.08440735936164856,0.45
4,0.0054729323834180835,0.0037418849766254424,1.7310473918914795,0.012134700082242489,0.08807244151830673,0.5166666666666667
5,0.005219850083813071,0.003537183767184615,1.6826662143071494,0.004824159201234579,0.055212970823049545,0.6
6,0.005537909222766757,0.0036734516577174264,1.8644574642181397,0.00701127527281642,0.06439594179391861,0.5833333333333334
7,0.005372593256955345,0.003807573749994238,1.5650193373362222,0.005621559452265501,0.06141878664493561,0.6166666666666667
8,0.004664561835428079,0.003261939901858568,1.402621873219808,0.005234159994870424,0.059325989335775375,0.5333333333333333
9,0.004665019611517589,0.0032706423041721183,1.3943772236506145,0.004294632934033871,0.05328572168946266,0.6166666666666667
10,0.004875304720674952,0.003419365268200636,1.4559394280115763,0.005388600751757622,0.06180257350206375,0.5333333333333333
11,0.004918682016432285,0.0034200550056993962,1.4986269394556682,0.004286775831133127,0.054611366242170334,0.6166666666666667
12,0.005002180952578783,0.003410516446456313,1.5916643857955932,0.003656594315543771,0.04670160636305809,0.5333333333333333
13,0.0041712344158440825,0.0029760911517466107,1.1951431592305501,0.003920245449990034,0.049170684069395065,0.5833333333333334
14,0.00423618118899564,0.003055501147173345,1.1806800325711568,0.004539149347692728,0.054719530045986176,0.6166666666666667
15,0.0042283413310845695,0.003030543370793263,1.197797914346059,0.004619290120899677,0.0527883805334568,0.6
16,0.004594685137271881,0.0032671852968633175,1.327499787012736,0.005548206623643637,0.05681758001446724,0.6166666666666667
17,0.004388939045990507,0.0031617817158500353,1.2271572669347128,0.0051634665578603745,0.058674637228250504,0.5333333333333333
18,0.0049819431733340025,0.0034251309310396514,1.5568121751149495,0.0030174911953508854,0.04686218127608299,0.6
19,0.004875525382036964,0.0034975565038621427,1.3779687801996867,0.005601763259619474,0.05719524249434471,0.6
20,0.004642354619378845,0.003154345431054632,1.4880091309547425,0.00873276125639677,0.08088043332099915,0.5
21,0.004343065572902561,0.0031532152245442075,1.1898502747217814,0.0041670300997793674,0.0496438667178154,0.6
22,0.004201277764514089,0.0030162763005743424,1.1850014448165893,0.00397510826587677,0.04976731538772583,0.6
23,0.004302121341849366,0.0030902478843927383,1.2118733485539754,0.003301311982795596,0.0460287369787693,0.6166666666666667
24,0.004374736392249664,0.003122152271680534,1.2525840878486634,0.005663341376930475,0.06107308343052864,0.45
25,0.00467731279010574,0.003308937062198917,1.3683756033579508,0.005583093501627445,0.060752544552087784,0.5666666666666667
26,0.004863204558690389,0.003317257637778918,1.5459468285242717,0.004657133482396603,0.057443056255578995,0.5166666666666667
27,0.005277761134008566,0.0038567659289886554,1.4209952036539713,0.004679664503782988,0.05754880607128143,0.4666666666666667
28,0.004809971495221058,0.0035660522834708294,1.2439191818237305,0.004332025069743395,0.0545494370162487,0.6166666666666667
29,0.004062398662790656,0.00294927010157456,1.1131284713745118,0.004772572312504053,0.05493508279323578,0.6166666666666667
30,0.004406232293695212,0.003069765803714593,1.336466407775879,0.0032835279125720263,0.0452381856739521,0.48333333333333334
31,0.0044757247436791655,0.002944009758842488,1.5317148764928181,0.005235081538558006,0.06127171963453293,0.5166666666666667
32,0.004021341873643299,0.002686577624020477,1.3347642262776693,0.0045022908598184586,0.058228909969329834,0.4666666666666667
33,0.003970311675220728,0.002708619429419438,1.2616921703020731,0.0033704317174851894,0.04723532870411873,0.5333333333333333
34,0.003452038128549854,0.0024632051897545654,0.9888328830401103,0.0033507219050079584,0.04830377548933029,0.6333333333333333
35,0.0035043121160318455,0.0025146023680766424,0.989709734916687,0.002639064798131585,0.04148251935839653,0.5833333333333334
36,0.0042014482120672865,0.002917107753455639,1.2843403657277426,0.004464594181627035,0.053704582154750824,0.6
37,0.003863866177077095,0.002629377537717422,1.234488582611084,0.003830000991001725,0.05194176733493805,0.5666666666666667
38,0.003756192528332273,0.002663700608536601,1.0924918413162232,0.0058294907212257385,0.061622779816389084,0.5166666666666667
39,0.0037246399559080602,0.00269918617947648,1.0254537343978882,0.006134159862995148,0.06558236479759216,0.55
40,0.003514743208264311,0.002578766744894286,0.9359763940175374,0.004232644569128752,0.05134373903274536,0.5
41,0.003497820378591617,0.0025396546581760047,0.9581656614939372,0.004538613837212324,0.05005103722214699,0.48333333333333334
42,0.0038713077393670876,0.002650564443320036,1.220743195215861,0.006580580957233906,0.06352128088474274,0.6
43,0.003691607853397727,0.0025110269508635003,1.1805808703104654,0.006209556944668293,0.0675511434674263,0.43333333333333335
44,0.004105685170119008,0.002666147619796296,1.4395374099413554,0.005153052508831024,0.05720744654536247,0.6166666666666667
45,0.004619824125741919,0.0031390797967712084,1.4807442982991537,0.005389475263655186,0.06174125149846077,0.48333333333333334
46,0.0036996670067310335,0.002583772518361608,1.1158944249153138,0.009172854945063591,0.08364943414926529,0.5
47,0.003769109320516388,0.0027021253947168587,1.0669838945070902,0.003740681102499366,0.04878478869795799,0.6
48,0.0034401262644678356,0.0024858614662662147,0.9542647361755371,0.004756684880703688,0.05433148518204689,0.5
49,0.003594004673262437,0.002502653437356154,1.0913511037826538,0.004368030000478029,0.05441349744796753,0.48333333333333334
50,0.0036801764741539954,0.002667629470427831,1.0125469128290812,0.004402769263833761,0.05629852041602135,0.5333333333333333
51,0.0032524369657039643,0.0022446103005980453,1.007826606432597,0.002672347007319331,0.04318983107805252,0.4166666666666667
52,0.0031385411508381366,0.0021188351636131602,1.0197059591611226,0.0034641826059669256,0.043387237936258316,0.6
53,0.0031338049098849296,0.002172102111702164,0.9617027759552002,0.007821121253073215,0.07195567339658737,0.6166666666666667
54,0.0029797462591280538,0.0020782096311450005,0.9015365521113078,0.003504287451505661,0.04407864436507225,0.5
55,0.0037651183859755597,0.0024388270142177743,1.326291286945343,0.004986317362636328,0.05663064494729042,0.5166666666666667
56,0.003707225030908982,0.002442892935747902,1.2643320163091023,0.0034596631303429604,0.04726329818367958,0.48333333333333334
57,0.004060026118531823,0.0026950704166665675,1.3649556239446003,0.0039028869941830635,0.05494355410337448,0.45
58,0.005109154246747493,0.0033068022845933833,1.8023518562316894,0.010165439918637276,0.08614537119865417,0.45
59,0.004229891843472918,0.002958153871198495,1.2717378815015157,0.003533192677423358,0.04676484689116478,0.5666666666666667
60,0.0035025301855057477,0.0025458174757659437,0.9567126790682475,0.00719089712947607,0.0619996041059494,0.4666666666666667
61,0.004234846758966644,0.002978256073159476,1.2565906445185344,0.0034635888878256083,0.04654373228549957,0.6
62,0.003746962950875362,0.0025245049813141427,1.2224578897158305,0.0035483369138091803,0.04607019200921059,0.6
63,0.0031685836147516966,0.0021390728264426193,1.029510764280955,0.004287114366889,0.0498289093375206,0.6333333333333333
64,0.0038616193924099207,0.0026187556097283958,1.2428637703259786,0.005063781514763832,0.05262189358472824,0.48333333333333334
65,0.004043719793359438,0.002758643132013579,1.285076661904653,0.006512733642011881,0.06390127539634705,0.5833333333333334
66,0.003875177865847945,0.0025514483684673907,1.3237293680508933,0.0021693657618016005,0.03843018040060997,0.65
67,0.0032340710517019034,0.0021706964587792756,1.0633745829264323,0.0038718495052307844,0.04828321933746338,0.6166666666666667
68,0.0032150967977941035,0.0022288878448307515,0.9862088998158772,0.003414062550291419,0.04706495255231857,0.5166666666666667
69,0.0031814532509694495,0.002215375991848608,0.966077196598053,0.00573323480784893,0.06079232320189476,0.6166666666666667
70,0.0034482196749498445,0.0023488754328961172,1.0993442058563232,0.0067192623391747475,0.0645870566368103,0.48333333333333334
71,0.003233460026482741,0.0021671673360591135,1.0662926316261292,0.004492158070206642,0.051614973694086075,0.6166666666666667
72,0.0031224623477707305,0.002176491489323477,0.9459707895914714,0.00412787264212966,0.050749413669109344,0.5333333333333333
73,0.00361367284009854,0.0024467654526233672,1.1669073303540547,0.004554010462015867,0.05489056929945946,0.6333333333333333
74,0.003149428777396679,0.0021918328944593667,0.9575958371162414,0.002272997982800007,0.03923153504729271,0.5333333333333333
75,0.002883043031518658,0.001905219714778165,0.9778232415517171,0.006145718041807413,0.0655868798494339,0.55
76,0.0031388188091417153,0.002082911312269668,1.0559074759483338,0.0035036129411309958,0.045067209750413895,0.5166666666666667
77,0.0030809315387159584,0.002094763517379761,0.9861679792404174,0.007039233110845089,0.07237983494997025,0.55
78,0.002866655681282282,0.0020437952131032943,0.8228604435920716,0.005805530585348606,0.062479376792907715,0.55
79,0.0029650369891896845,0.001898928638547659,1.0661083698272704,0.00460533332079649,0.056270498782396317,0.6166666666666667
80,0.0027202544656271736,0.0018943781343599162,0.8258762677510579,0.003040629206225276,0.04593254625797272,0.65
81,0.0029084928954641025,0.001894854164371888,1.01363867521286,0.004169241990894079,0.04915217310190201,0.5833333333333334
82,0.0028519750650351245,0.00203129379854848,0.8206812262535095,0.005601625423878431,0.05910634249448776,0.6
83,0.002911033931498726,0.001998795235219101,0.912238625685374,0.0062998333014547825,0.06437613070011139,0.6166666666666667
84,0.0028289237214873236,0.0019356682663783432,0.8932554125785828,0.004396114032715559,0.054872963577508926,0.55
85,0.003154256303484241,0.0022138070315122606,0.9404492378234863,0.004940653219819069,0.057208772748708725,0.5166666666666667
86,0.0027392713042596975,0.0019289425729463498,0.8103286782900493,0.004413155373185873,0.05446283891797066,0.48333333333333334
87,0.002790464460849762,0.0018401163552577296,0.9503480553627014,0.00334581988863647,0.046339523047208786,0.55
88,0.002731391174408297,0.001816544138515989,0.9148470004399617,0.004578250925987959,0.05355037376284599,0.5833333333333334
89,0.002808849498008688,0.0018430228733147184,0.9658265709877014,0.00752275250852108,0.06529159843921661,0.43333333333333335
90,0.0029147861059755087,0.002087728283368051,0.8270578106244405,0.005577539559453726,0.055686693638563156,0.5166666666666667
91,0.0037604373569289844,0.002725702081806958,1.0347352623939514,0.0077859158627688885,0.0746617540717125,0.6166666666666667
92,0.003411904505143563,0.0024230973484615486,0.9888071219126383,0.0032544611021876335,0.045390378683805466,0.5166666666666667
93,0.0034945805867513022,0.002463528773902605,1.0310517271359763,0.005958229303359985,0.06617771834135056,0.5666666666666667
94,0.003029081706578533,0.0020494645616660517,0.9796171228090922,0.0036535190884023905,0.04756423085927963,0.5333333333333333
95,0.0026088287743429345,0.0017163490100453296,0.8924797574679056,0.006613585166633129,0.06458728015422821,0.6166666666666667
96,0.002832663361914456,0.001889698999002576,0.9429642915725708,0.0058631920255720615,0.06147840991616249,0.48333333333333334
97,0.002943986359362801,0.0019653090042993427,0.9786772767702738,0.0038649975322186947,0.04910474643111229,0.5333333333333333
98,0.002812039479613304,0.001923822774551809,0.8882166703542074,0.005348736885935068,0.056558601558208466,0.6166666666666667
99,0.0025772248394787312,0.0017304033196220796,0.8468214948972066,0.004907356109470129,0.05461584031581879,0.6
100,0.0027203135192394256,0.001783262666625281,0.9370508273442586,0.008734523318707943,0.0740744024515152,0.5666666666666667
101,0.0025736413585642974,0.0016782299537832538,0.8954113324483236,0.00377855496481061,0.04895438626408577,0.6166666666666667
102,0.0022963062472020584,0.001528578884123514,0.7677273154258728,0.0073650917038321495,0.07500652968883514,0.4666666666666667
103,0.002510284927363197,0.0016818567334363859,0.8284281571706136,0.006390885915607214,0.06717944145202637,0.55
104,0.002621297452909251,0.0018051609008883436,0.8161365032196045,0.003805343061685562,0.050805170089006424,0.6166666666666667
105,0.002559437168141206,0.00167380440980196,0.8856327295303345,0.00604277104139328,0.06571535021066666,0.5833333333333334
106,0.002556739600064854,0.0016901452637587985,0.8665942867596944,0.0048502366989851,0.06021608039736748,0.5333333333333333
107,0.0025153100180129212,0.0016656362374002736,0.8496737599372863,0.008340427652001381,0.07875934988260269,0.5333333333333333
108,0.0025534807704389096,0.0016747811110690235,0.8786996126174926,0.005965850781649351,0.06523618847131729,0.5666666666666667
109,0.0025706738854448003,0.0017885174447049698,0.7821563959121705,0.004103149753063917,0.05176887288689613,0.6333333333333333
110,0.0027524488046765327,0.0019359890449171266,0.8164597431818644,0.004157578572630882,0.052436765283346176,0.5666666666666667
111,0.0023652003069097797,0.0015181775437667967,0.8470227320988973,0.00434051314368844,0.052226245403289795,0.5833333333333334
112,0.002796494572733839,0.0017668216334035,1.0296729286511739,0.0057837991043925285,0.061295513063669205,0.6
113,0.002840179996564984,0.001757727136525015,1.0824528098106385,0.00556248240172863,0.0609334297478199,0.6166666666666667
114,0.0025074669703220327,0.001672637315156559,0.8348295966784159,0.003988855518400669,0.05229917913675308,0.55
115,0.0031476117049654326,0.002158054228251179,0.989557421207428,0.005130935925990343,0.05700577795505524,0.6
116,0.0032000468888630468,0.002154333866201341,1.0457129955291748,0.005169309210032225,0.06050936132669449,0.6333333333333333
117,0.003180009949331482,0.0022167639263595143,0.9632460037867229,0.007492131553590298,0.07093189656734467,0.55
118,0.003554648036758105,0.0024768026545643807,1.0778453429539998,0.012828105129301548,0.09472152590751648,0.55
119,0.0027682144505282243,0.001957839090997974,0.8103753288586935,0.004286478273570538,0.05096201226115227,0.55
120,0.0021562445520733795,0.0014422210903527837,0.7140234231948852,0.004841930232942104,0.0576697438955307,0.6333333333333333
121,0.002113122174826761,0.0014328116434626282,0.6803104996681213,0.0032820182386785746,0.04843614250421524,0.65
122,0.002171515254303813,0.0014289693053190907,0.7425459186236064,0.0039041743148118258,0.053678736090660095,0.6166666666666667
123,0.00254030943227311,0.001625922710324327,0.9143866658210754,0.005255220923572779,0.059375301003456116,0.6166666666666667
124,0.0026730630546808244,0.0016383024087796608,1.034760626157125,0.003685432020574808,0.049077484756708145,0.5666666666666667
125,0.0026907190214842556,0.0016673555675273141,1.0233634034792582,0.004742980469018221,0.05452023819088936,0.6333333333333333
126,0.002302924908387164,0.0015135164644258718,0.7894083698590596,0.0037676100619137287,0.05025911703705788,0.6666666666666666
127,0.002394854510203004,0.0015838892509539922,0.8109652002652487,0.00460010627284646,0.0554046630859375,0.48333333333333334
128,0.00233291897457093,0.001572110205112646,0.7608087201913197,0.007667207159101963,0.0728851705789566,0.55
129,0.0022923795351137716,0.0015859251764292518,0.7064543008804322,0.006320582237094641,0.067428819835186,0.55
130,0.0026027043350040913,0.001758251362480223,0.8444529255231221,0.005161733366549015,0.05672426521778107,0.5333333333333333
131,0.002603149615849058,0.0016514217015355826,0.9517278750737508,0.00691702077165246,0.0661197081208229,0.6
132,0.0024936260422691705,0.0016257081336031357,0.8679178675015767,0.005767334718257189,0.06619378179311752,0.6333333333333333
133,0.0027605922737469276,0.0018149794700245063,0.9456127603848775,0.005464851390570402,0.057845450937747955,0.6
134,0.0023522641354550918,0.0015852736115145186,0.7669905185699463,0.003273844253271818,0.04407014697790146,0.6333333333333333
135,0.0023601537647967535,0.0016529965641287466,0.707157172759374,0.003058510133996606,0.044920504093170166,0.6
136,0.002515337918885052,0.001674485617938141,0.8408522605895996,0.004060665145516396,0.050160083919763565,0.55
137,0.0024198063261186083,0.0015352736654070517,0.884532614549001,0.009752831421792507,0.08143547177314758,0.5666666666666667
138,0.0020922954039027295,0.0014144455082714558,0.6778498570124308,0.005473398603498936,0.06438684463500977,0.6
139,0.002665682385365168,0.0017590437860538562,0.9066385428110758,0.004675864242017269,0.05861392244696617,0.4166666666666667
140,0.0027362512114147346,0.0017803495827441414,0.955901567141215,0.005233710166066885,0.05834198743104935,0.6
141,0.002546759182587266,0.001771717076189816,0.7750420769055685,0.004341728053987026,0.05569238215684891,0.48333333333333334
142,0.0025502061937004326,0.001740137138403952,0.8100690325101216,0.005361543036997318,0.05796174332499504,0.6333333333333333
143,0.0023022033274173737,0.0015572980240297813,0.7449052492777507,0.004822575021535158,0.05577390640974045,0.5
144,0.0019204376731067896,0.0012708085821941495,0.6496290604273478,0.004948631394654512,0.05709115415811539,0.55
145,0.002642951214996477,0.001708452527721723,0.9344986319541931,0.005582262761890888,0.06447266787290573,0.5166666666666667
146,0.0027749111332620183,0.001782163193759819,0.9927479108174642,0.005520340986549854,0.061184998601675034,0.5666666666666667
147,0.0025673108641058205,0.001840256426172952,0.7270544370015463,0.006752061657607555,0.06704369932413101,0.55
148,0.0026429801558454833,0.0018024981953203678,0.840481964747111,0.0051059843972325325,0.057852745056152344,0.5666666666666667
149,0.002454185439273715,0.0017098777073745925,0.7443076809247334,0.0043374327942729,0.05245095118880272,0.48333333333333334
150,0.0024722299771383406,0.001642139139585197,0.8300907850265503,0.004919010680168867,0.0574488490819931,0.5666666666666667
151,0.00270316240688165,0.0017260134142513077,0.9771489461263021,0.0035867029801011086,0.05033012852072716,0.4666666666666667
152,0.0026163042678187293,0.001711328886449337,0.9049753348032633,0.004301868844777346,0.05326245352625847,0.5833333333333334
153,0.0025962377277513344,0.0017765264182041088,0.8197112758954366,0.004517668392509222,0.05344770848751068,0.6166666666666667
154,0.00274664011473457,0.0019251424353569746,0.821497639020284,0.004345452878624201,0.05575581640005112,0.5166666666666667
155,0.0021402485435828567,0.001417183984691898,0.7230645140012105,0.00482268026098609,0.05597258359193802,0.6166666666666667
156,0.002110945324723919,0.001309297412323455,0.8016479055086771,0.005758455488830805,0.06417465955018997,0.6166666666666667
157,0.002123844274319708,0.0014018423855304718,0.7220018982887269,0.0031713114585727453,0.04500839486718178,0.6333333333333333
158,0.0022507708442086973,0.0014107744752739867,0.8399962981541952,0.004766484256833792,0.05701041221618652,0.55
159,0.0024457549676299094,0.001557500846683979,0.8882540742556254,0.006437813863158226,0.06420109421014786,0.6333333333333333
160,0.002535484544932842,0.0016184858744964004,0.9169986128807068,0.004686466883867979,0.05724130570888519,0.5333333333333333
161,0.002521206485107541,0.0015888387647767861,0.9323676784833272,0.00335989473387599,0.04836083948612213,0.55
162,0.002659707376733422,0.0018328851166491708,0.8268222451210022,0.004500353243201971,0.05365677550435066,0.55
163,0.0023187119280919434,0.0014733075086648265,0.8454044024149577,0.008077737875282764,0.0747021734714508,0.5666666666666667
164,0.002570294216275215,0.0016518438312535485,0.9184503753980001,0.0073629324324429035,0.07085993140935898,0.55
165,0.0026681555435061457,0.0016805403943484028,0.9876151323318482,0.0047131250612437725,0.05585663020610809,0.5333333333333333
166,0.0023157726041972636,0.001470048143528402,0.8457244555155436,0.004526872653514147,0.057952508330345154,0.6166666666666667
167,0.0025856058811768888,0.0016619117697700859,0.9236940483252207,0.004559054970741272,0.05443336069583893,0.5666666666666667
168,0.0023925147950649263,0.0014960694670056304,0.8964452902475993,0.008215288631618023,0.07460135966539383,0.5833333333333334
169,0.002205106910939018,0.001429820836832126,0.7752860029538472,0.009817928075790405,0.0809079259634018,0.6333333333333333
170,0.002255364670418203,0.0014580843038856984,0.7972802956899007,0.004468726925551891,0.05536140128970146,0.5833333333333334
171,0.0023650258469084897,0.0014981916329512993,0.8668341755867004,0.003635961329564452,0.04780801758170128,0.5
172,0.002072948574398955,0.0012917208795746168,0.7812276681264242,0.0060798185877501965,0.06648502498865128,0.55
173,0.0019895108494286736,0.0012761226273141802,0.713388192653656,0.0057054501958191395,0.06475020945072174,0.55
174,0.002514459836917619,0.0015793253512432178,0.9351344545682271,0.003609508043155074,0.048735570162534714,0.55
175,0.0031767463001112143,0.0017280280434836945,1.4487181901931763,0.005971493665128946,0.06312864273786545,0.6166666666666667
176,0.0026687152062853177,0.0015165091026574373,1.1522060712178548,0.005879516713321209,0.06803596764802933,0.5333333333333333
177,0.0032174210529774426,0.0017602106168245276,1.4572103381156922,0.00557749392464757,0.06011233478784561,0.5666666666666667
178,0.0023318104445934295,0.0013775631164511045,0.9542472839355469,0.005761258769780397,0.061846956610679626,0.6333333333333333
179,0.0021656972356140615,0.0013550128787755966,0.8106842835744222,0.006476609036326408,0.06598636507987976,0.55
180,0.0022602076021333533,0.0014365813966530064,0.8236261328061422,0.011386838741600513,0.08763040602207184,0.6166666666666667
181,0.0026110309020926556,0.0017024880042299628,0.9085428635279338,0.004483672324568033,0.05761237442493439,0.48333333333333334
182,0.0023728194103265804,0.0015205671428702773,0.8522522211074829,0.008680359460413456,0.07625318318605423,0.6
183,0.001912877739717563,0.001244114226816843,0.6687634984652201,0.00862695463001728,0.0822506695985794,0.5166666666666667
184,0.0015762013383209706,0.0010216404567472636,0.5545608599980673,0.006541803013533354,0.06758137792348862,0.5666666666666667
185,0.0016163659980520605,0.0010397009396304687,0.5766650358835856,0.005238011945039034,0.06124674901366234,0.5333333333333333
186,0.0017186370523025593,0.0011097142938524484,0.6089227338631947,0.0077320546843111515,0.07406315207481384,0.5166666666666667
187,0.0020920454834898313,0.001466627139598131,0.6254183312257131,0.007412785664200783,0.0722476914525032,0.5666666666666667
188,0.0021250598753492036,0.0014642525541906555,0.6608073194821675,0.009055918082594872,0.07669249176979065,0.5666666666666667
189,0.0027066252271955213,0.0018506413868938883,0.8559838016827901,0.005256637465208769,0.061177633702754974,0.5333333333333333
190,0.00261063106978933,0.0018870251175637047,0.7236059308052063,0.005326529499143362,0.05819346010684967,0.6333333333333333
191,0.002312623073036472,0.0015491236932575702,0.7634993195533752,0.00859053060412407,0.07940150797367096,0.55
192,0.002329760176750521,0.0014489716345754762,0.8807885011037191,0.005121574737131596,0.059720054268836975,0.65
193,0.0025691565359011294,0.0017028963503738245,0.8662601510683695,0.004559106193482876,0.057102058082818985,0.5333333333333333
194,0.002563223009929061,0.0016606305725872517,0.902592396736145,0.004866363946348429,0.05834370106458664,0.6166666666666667
195,0.0023661317924658456,0.0015323087262610593,0.8338230013847351,0.005652538500726223,0.06238836795091629,0.6166666666666667
196,0.0021023246304442485,0.0014605712223177156,0.6417533298333485,0.0061041321605443954,0.06522461026906967,0.5166666666666667
197,0.0022562703272948664,0.0015358133784805735,0.7204569101333618,0.004216214641928673,0.054332632571458817,0.65
198,0.001961430092342198,0.001297342195175588,0.6640878975391388,0.003825368592515588,0.04854926839470863,0.43333333333333335
199,0.002169102368255456,0.0013384783601698776,0.8306240141391754,0.007606871891766787,0.06951780617237091,0.6333333333333333
200,0.0019113504095003009,0.001141646869170169,0.7697035193443298,0.008803112432360649,0.07888372987508774,0.5833333333333334
201,0.002125687610047559,0.0012907700574335953,0.8349174976348877,0.005354045424610376,0.06073765084147453,0.5833333333333334
202,0.001979130700541039,0.0012568783713504672,0.7222523212432861,0.009614608250558376,0.08180621266365051,0.55
203,0.0021233200173204144,0.001322517346125096,0.8008026440938314,0.013175694271922112,0.09662292897701263,0.48333333333333334
204,0.001979941346993049,0.0012422721716575324,0.7376691222190856,0.008188684470951557,0.07702307403087616,0.5666666666666667
205,0.0019181903451681137,0.0011196654910842578,0.798524820804596,0.004649467766284943,0.055229004472494125,0.6333333333333333
206,0.0018515496281906962,0.0011192440831412872,0.7323055148124695,0.00435578403994441,0.05274648219347,0.5833333333333334
207,0.001823382576306661,0.0011282889987342059,0.6950935224692026,0.010029908269643784,0.08644163608551025,0.5666666666666667
208,0.0019491885167857012,0.0012409847850600878,0.7082037091255188,0.011861256323754787,0.09151525050401688,0.5833333333333334
209,0.001647854371306797,0.0010494085300403336,0.5984458009401957,0.006675629410892725,0.07215160876512527,0.5666666666666667
210,0.0018904030711079636,0.001145656236136953,0.7447468121846517,0.009717646054923534,0.0780227929353714,0.5166666666666667
211,0.00185594631669422,0.0011667812437129517,0.6891650398572285,0.005756745580583811,0.062484417110681534,0.65
212,0.0017386408677945535,0.0010918411465051273,0.6467996935049692,0.005327962804585695,0.0603715218603611,0.6166666666666667
213,0.001648536673747003,0.0010051267027544478,0.6434099435806274,0.005291604436933994,0.060155872255563736,0.6166666666666667
214,0.0017905898314590255,0.0011118840348596374,0.6787057419617971,0.006984001491218805,0.06889811903238297,0.6
215,0.002293603673266868,0.001418210418584446,0.8753932217756907,0.003750785253942013,0.04968441277742386,0.6666666666666666
216,0.0022662398405373096,0.0015073817882997294,0.7588580389817555,0.007063719443976879,0.07199278473854065,0.5833333333333334
217,0.002165182447060943,0.0014436820871196686,0.7215003609657288,0.006674272008240223,0.06495197117328644,0.5666666666666667
218,0.0018599644768983125,0.0011446677497588098,0.7152967075506846,0.006086050998419523,0.06759706139564514,0.5
219,0.0021243400173261763,0.0013059982874741157,0.8183417002360026,0.01100853644311428,0.08802369236946106,0.5166666666666667
220,0.0019861675333231687,0.0012048019367891054,0.7813655575116475,0.008553444407880306,0.07848752290010452,0.5833333333333334
221,0.0020736665775378544,0.0012233662069775163,0.8503003398577372,0.009229143150150776,0.08172883093357086,0.5666666666666667
222,0.0021316925529390575,0.0012412096296126644,0.8904828747113546,0.007334036752581596,0.07006558775901794,0.5666666666666667
223,0.0017591721223046382,0.001117701754750063,0.6414703170458476,0.006776405032724142,0.07032407820224762,0.55
224,0.001974355623436471,0.0012266363017261028,0.7477192878723145,0.006439917720854282,0.06686428189277649,0.5666666666666667
225,0.0018810639390721916,0.0011972589845148226,0.6838049054145813,0.010130184702575207,0.08963925391435623,0.5166666666666667
226,0.0016709233246122797,0.0010334087225298088,0.6375145574410757,0.00862455740571022,0.07689142227172852,0.6166666666666667
227,0.0018578291637822986,0.0012652148220998545,0.5926143189271291,0.007770251948386431,0.0742240697145462,0.5
228,0.00192665527574718,0.001194210668715338,0.7324445982774098,0.006521746050566435,0.06682092696428299,0.5333333333333333
229,0.0019861303347473345,0.0011937847749019662,0.7923455238342285,0.009516451507806778,0.08565166592597961,0.55
230,0.001658262110625704,0.0010053594519073765,0.6529026250044505,0.007379358634352684,0.0749840959906578,0.5166666666666667
231,0.001605293705749015,0.00099164821440354,0.613645488023758,0.010168326087296009,0.08526770770549774,0.5166666666666667
232,0.001607672063012918,0.00101336082831646,0.5943112055460612,0.00851477775722742,0.0798489898443222,0.5166666666666667
233,0.0017877731006592512,0.001100468977044026,0.6873040994008383,0.00919631402939558,0.07829765975475311,0.5
234,0.0018405871310581763,0.001159278741882493,0.6813083569208781,0.01039092242717743,0.08836071938276291,0.55
235,0.0018094360129907727,0.0011416011101876697,0.667834852139155,0.0067590950056910515,0.06731412559747696,0.6
236,0.0016160921814541021,0.0010565773351117968,0.559514832496643,0.00987581443041563,0.08227159827947617,0.5833333333333334
237,0.0015393259469419717,0.001002647413406521,0.5366785109043122,0.006203229073435068,0.06513680517673492,0.55
238,0.0016386980035652716,0.0010493466514162719,0.5893512904644013,0.016126034781336784,0.10813970863819122,0.5333333333333333
239,0.0019722455414012074,0.0012090901883008579,0.7631553292274476,0.009168745018541813,0.07651741802692413,0.5333333333333333
240,0.002320826162273685,0.0015595797798596323,0.7612463355064392,0.011003443971276283,0.08687317371368408,0.5333333333333333
241,0.001835179072804749,0.00130801887717098,0.5271601895491282,0.008292832411825657,0.07463989406824112,0.55
242,0.001478232288112243,0.0009201728156767785,0.5580594420433045,0.008944852277636528,0.08044833689928055,0.5166666666666667
243,0.001475517909663419,0.0009081114355164269,0.567406435807546,0.008060052990913391,0.07452703267335892,0.5666666666666667
244,0.0014147711840147774,0.000887164706364274,0.5276064534982046,0.010387921705842018,0.08661797642707825,0.55
245,0.0016301805929591258,0.0010215919775267443,0.6085885842641194,0.00740309152752161,0.07355954498052597,0.5333333333333333
246,0.0015277574071660637,0.0009216162492521107,0.6061411281426747,0.008415712974965572,0.07882663607597351,0.5333333333333333
247,0.0018601845561837156,0.0010993817277873555,0.7608028054237366,0.011518912389874458,0.09295535832643509,0.5
248,0.0017793324077501893,0.00107540562748909,0.7039267400900523,0.008672673255205154,0.0792369544506073,0.48333333333333334
249,0.0021168068672219914,0.0011795021050299208,0.9373047192891438,0.014703337103128433,0.09826096892356873,0.5333333333333333
250,0.001754930910343925,0.0010625082747234653,0.6924226343631744,0.007729015313088894,0.07387959212064743,0.5166666666666667
251,0.001520059824300309,0.00101002265776818,0.5100371360778808,0.0044702631421387196,0.05323711410164833,0.6166666666666667
252,0.0016984173639987906,0.0011347455981497963,0.56367174188296,0.006450093816965818,0.06616166979074478,0.5166666666666667
253,0.0017009665646279851,0.0010269112147701283,0.6740553279717764,0.009745967574417591,0.08283977210521698,0.5666666666666667
254,0.0017008445924147964,0.0010792376279520491,0.6216069678465526,0.009796474128961563,0.08078515529632568,0.55
255,0.001571859729786714,0.0010345163483483097,0.5373433470726013,0.012928375042974949,0.09576690196990967,0.5166666666666667
256,0.001605731233333548,0.0010800532841434081,0.5256779352823894,0.013241740874946117,0.09753764420747757,0.5333333333333333
257,0.0016019406340395412,0.0009948296511235336,0.6071109513441721,0.01066902931779623,0.08506156504154205,0.5666666666666667
258,0.0014820689257855216,0.000953866735411187,0.528202157219251,0.010439306497573853,0.08874201774597168,0.43333333333333335
259,0.0018235291121527553,0.0012746041757054627,0.5489249070485432,0.007473879959434271,0.07311173528432846,0.5333333333333333
260,0.0018407443383087715,0.00117832146352157,0.6624228517214458,0.0112916836515069,0.08706013858318329,0.5
261,0.0015793946338817477,0.000984041850703458,0.5953527232011159,0.009690748527646065,0.08105073124170303,0.5333333333333333
262,0.001733442465774715,0.0010804910173950095,0.6529513796170553,0.011251266114413738,0.09219491481781006,0.48333333333333334
263,0.0016814848485713204,0.001086495432537049,0.594989397128423,0.008466260507702827,0.07607503235340118,0.65
264,0.001785253477282822,0.0011230336114143333,0.6622198343276977,0.010065312497317791,0.08396302908658981,0.5166666666666667
265,0.0019765140411133566,0.001164128864184022,0.8123851656913758,0.01274967659264803,0.0899825468659401,0.5166666666666667
266,0.002357733924873173,0.001424122725923856,0.9336111783981323,0.008915802463889122,0.07607464492321014,0.5833333333333334
267,0.0020630465587601066,0.0012230931975257893,0.8399533033370972,0.014007257297635078,0.09567978233098984,0.5833333333333334
268,0.001946126661884288,0.0012126162143734594,0.733510414759318,0.006933451164513826,0.07245976477861404,0.5666666666666667
269,0.0018699379560227194,0.0011673493116783598,0.7025885820388794,0.01069472637027502,0.08390795439481735,0.6166666666666667
270,0.0018212222416574757,0.0010986036892669897,0.7226185202598572,0.011752555146813393,0.09083393216133118,0.5166666666666667
271,0.0017805519048124552,0.001066151645500213,0.7144002040227254,0.017565075308084488,0.10294165462255478,0.5333333333333333
272,0.0016302773030474782,0.0010554562400405605,0.5748210330804189,0.004711741581559181,0.05703506991267204,0.5666666666666667
273,0.001939761561031143,0.0011762879556044936,0.7634735663731893,0.008156009949743748,0.07606706768274307,0.5666666666666667
274,0.0018215852013478675,0.001113801026561608,0.7077841341495514,0.009289284236729145,0.08422308415174484,0.55
275,0.001962229291287561,0.0012546437637259563,0.707585499684016,0.010406269691884518,0.08061006665229797,0.5
276,0.0017556343538065752,0.0011334386421367527,0.6221956809361776,0.012815464287996292,0.09545665234327316,0.5666666666666667
277,0.0018375837011262775,0.0010743825075527032,0.7632011651992798,0.006733073852956295,0.06841156631708145,0.5833333333333334
278,0.0017718513340999682,0.0010347479527505735,0.7371033469835917,0.00788053497672081,0.07461439818143845,0.5166666666666667
279,0.0017170705910151203,0.0010674895563473304,0.6495809992154439,0.00812454428523779,0.07217354327440262,0.5666666666666667
280,0.0017172788347428044,0.0010396335545616844,0.6776452382405599,0.01009842287749052,0.08255083858966827,0.5833333333333334
281,0.0019639356217036647,0.0011977982008829712,0.7661373714605967,0.005248603876680136,0.05852694436907768,0.5166666666666667
282,0.0017850664677098393,0.0011975710862316192,0.5874953488508861,0.007404196076095104,0.07121722400188446,0.5166666666666667
283,0.0017800189166640242,0.0010653334087692202,0.7146854817867279,0.012244717217981815,0.09097667038440704,0.5166666666666667
284,0.001981382071971893,0.0011151237956558665,0.8662582397460937,0.017339276149868965,0.10581449419260025,0.45
285,0.0023479721353699763,0.0013824438055356344,0.9655282735824585,0.010933318175375462,0.08939149975776672,0.4666666666666667
286,0.0019004388013854623,0.0010809265232334534,0.8195122599601745,0.009624330326914787,0.08493351936340332,0.5666666666666667
287,0.0017262586702903111,0.0010570303886197508,0.6692282478014628,0.011234874837100506,0.08817876130342484,0.5833333333333334
288,0.0014316796868418654,0.0008731787597450118,0.5585009137789408,0.011445448733866215,0.08690846711397171,0.5333333333333333
289,0.0016735407911861937,0.0009901927434839309,0.6833480139573415,0.009206196293234825,0.08052261173725128,0.5166666666666667
290,0.001502000253337125,0.0008967047149781137,0.6052954951922099,0.01207298506051302,0.08791036158800125,0.55
291,0.0016040192916989327,0.0009887806877183418,0.6152385830879211,0.014189456589519978,0.1027931198477745,0.48333333333333334
292,0.0016436585147554675,0.0010070167443094154,0.6366417328516643,0.010911975987255573,0.08310536295175552,0.6166666666666667
293,0.0015255501959472895,0.0008915620506741107,0.6339881002902985,0.011703792959451675,0.09506936371326447,0.4666666666666667
294,0.0014540265081450343,0.000918242863068978,0.5357836186885834,0.011031935922801495,0.09017786383628845,0.55
295,0.0015429461374878884,0.0009390303360608717,0.6039157668749492,0.007167181000113487,0.07121247798204422,0.55
296,0.0014461918423573177,0.0008959234168287366,0.5502683798472087,0.010596622712910175,0.08972059935331345,0.5166666666666667
297,0.0014311224920675158,0.0008761013198333482,0.5550211429595947,0.009438896551728249,0.08284168690443039,0.5166666666666667
298,0.0014016724424436688,0.0008509766970140239,0.5506957232952118,0.009981549344956875,0.08511022478342056,0.55
299,0.0013871219630042712,0.0008126239641569555,0.5744979699452718,0.013271293602883816,0.09698405116796494,0.5
300,0.0014506150968372823,0.0008826301743586858,0.5679849028587342,0.01302728708833456,0.09537944197654724,0.5166666666666667
301,0.0014426964102312923,0.0009068791754543781,0.5358171959718069,0.012492254376411438,0.09537335485219955,0.55
302,0.0014158444789548715,0.0008561520837247372,0.5596923728783926,0.013753618113696575,0.09642138332128525,0.5166666666666667
303,0.0015972033763925234,0.0009315976407378912,0.6656057099501292,0.013430895283818245,0.0933113843202591,0.5166666666666667
304,0.0017462892613063256,0.0010675347953413923,0.678754456837972,0.016703728586435318,0.10707228630781174,0.45
305,0.0018574845123415192,0.0011971758290504416,0.6603086789449056,0.011524149216711521,0.09394176304340363,0.45
306,0.0018208103797708948,0.0010964778368361295,0.7243324955304463,0.0080427136272192,0.07356972247362137,0.5333333333333333
307,0.0016006050476183493,0.0010144332501416406,0.5861718038717906,0.010017947293817997,0.087406687438488,0.43333333333333335
308,0.0016321047364423673,0.0009844510622012117,0.6476536452770233,0.013857739046216011,0.09747454524040222,0.5166666666666667
309,0.0014904394823436935,0.0009705442721800257,0.5198951820532481,0.010139679536223412,0.08293421566486359,0.55
310,0.0014838112983852625,0.0009241987640659015,0.5596125006675721,0.01123611256480217,0.09107217192649841,0.48333333333333334
311,0.0016709703719243406,0.0009764812576274078,0.6944890817006429,0.008505438454449177,0.07595200091600418,0.5166666666666667
312,0.0017000041358793776,0.000975802851219972,0.7242012639840444,0.012548060156404972,0.09157548099756241,0.5
313,0.001612890923085312,0.0010019683201486866,0.6109225670496623,0.008571811951696873,0.07914181798696518,0.5
314,0.0014141352847218513,0.0008396670416307946,0.574468211332957,0.011598765850067139,0.09294790774583817,0.48333333333333334
315,0.0014872082741931082,0.0008529098355211318,0.6342984199523926,0.009076413698494434,0.0787491500377655,0.5
316,0.0014199412427842617,0.0008616423079123099,0.558298913637797,0.008299925364553928,0.07504904270172119,0.5166666666666667
317,0.0014074176161860427,0.0008281647538145383,0.579252823193868,0.009079502895474434,0.07906199991703033,0.55
318,0.0016145258132989207,0.0009878628770820796,0.6266628921031951,0.009477750398218632,0.08363766968250275,0.5166666666666667
319,0.001459501109396418,0.0009288420784287155,0.5306589980920156,0.011083513498306274,0.09012448042631149,0.55
320,0.0012757585655587414,0.0007810430853472402,0.4947154661019643,0.010331566445529461,0.088508740067482,0.4666666666666667
321,0.0013310378262152275,0.0007738767676831533,0.5571610411008199,0.012134963646531105,0.09572764486074448,0.5
322,0.0013005558517761528,0.0007538662020427485,0.546689627567927,0.009022833779454231,0.07674568146467209,0.6
323,0.0016100696365659436,0.0009025859336058299,0.7074836552143097,0.012148570269346237,0.09445487707853317,0.5
324,0.0016294978791847824,0.0010148748910675446,0.614622966448466,0.012227394618093967,0.09498637169599533,0.5166666666666667
325,0.0014993106946349145,0.0008971998118795455,0.6021108468373616,0.010067177936434746,0.08489366620779037,0.5666666666666667
326,0.0016639346412072578,0.0010736726418447992,0.5902619818846385,0.014099637046456337,0.09887857735157013,0.48333333333333334
327,0.0016463727535059056,0.000986535222424815,0.6598374883333842,0.01063124556094408,0.08381833136081696,0.5166666666666667
328,0.0018493649394561848,0.0011804234275283913,0.6689414620399475,0.006611473858356476,0.06835383921861649,0.5
329,0.0013954045716673136,0.0008930559774550299,0.5023485759894053,0.011694499291479588,0.09073375165462494,0.5833333333333334
330,0.0013087874356036385,0.0007941066035224746,0.514680806795756,0.008985143154859543,0.08429969847202301,0.43333333333333335
331,0.001366095842483143,0.0008466540486551822,0.5194417615731557,0.013391891494393349,0.1010989174246788,0.48333333333333334
332,0.0017727918302019438,0.0011823235312476755,0.5904682675997416,0.007160566747188568,0.07122372835874557,0.5166666666666667
333,0.0020374337987353404,0.001291061588563025,0.7463721871376038,0.011119494214653969,0.08594737946987152,0.5666666666666667
334,0.0017577106909205517,0.001108176199098428,0.6495344559351603,0.01360153965651989,0.09979408234357834,0.4666666666666667
335,0.0015227404655888677,0.0009540419171874722,0.5686985274155935,0.014615725725889206,0.10190040618181229,0.5
336,0.0021049683447927235,0.0011582919318849842,0.9466763377189636,0.015377995558083057,0.09784724563360214,0.5
337,0.0017385354653621714,0.0010674093617126345,0.6711260735988617,0.018102683126926422,0.11433994024991989,0.48333333333333334
338,0.001779153182481726,0.0010891170745405058,0.6900360941886902,0.014214698225259781,0.09638921171426773,0.6
339,0.0017391911940649151,0.0010595088669409355,0.6796822786331177,0.01652243174612522,0.10892634838819504,0.55
340,0.0016313355028008422,0.0009966172045096755,0.6347182770570119,0.00937239732593298,0.07662104815244675,0.5166666666666667
341,0.0018541887092093626,0.0011034804861992597,0.7507081965605418,0.012195882387459278,0.09313233196735382,0.36666666666666664
342,0.0020936641454075773,0.0011632458423264324,0.9304182410240174,0.01082331407815218,0.08184656500816345,0.6333333333333333
343,0.0016688496844532589,0.0009549828595481813,0.7138667951027552,0.010208739899098873,0.0839078351855278,0.5166666666666667
344,0.0014608240143085518,0.0008835296689843138,0.5772943198680878,0.012488252483308315,0.09298539906740189,0.45
345,0.0013786210911348462,0.0008336546792027851,0.5449663837750752,0.008396675810217857,0.07433002442121506,0.55
346,0.001563817379064858,0.0009370455828805764,0.6267717599868774,0.004294638987630606,0.04882977902889252,0.6333333333333333
347,0.0018419499741867186,0.0011181394297940035,0.7238104899724325,0.00544982822611928,0.05769976228475571,0.5
348,0.0016057597162822883,0.0010534741915762425,0.552285502354304,0.012445659376680851,0.09543095529079437,0.5666666666666667
349,0.0014908800522486368,0.0009832097993542751,0.5076702316602071,0.011266520246863365,0.08739034831523895,0.5333333333333333
350,0.0015366315376013518,0.0009643004663909475,0.5723310232162475,0.010411296039819717,0.08915487676858902,0.45
351,0.0014467877064210674,0.0008709859044756741,0.5758017619450887,0.016167830675840378,0.10583367943763733,0.5
352,0.0012941304051006834,0.0007725428945074479,0.5215874870618185,0.009927138686180115,0.08205177634954453,0.55
353,0.0015951233760764202,0.0009922517153124015,0.6028716305891673,0.0200270414352417,0.12145019322633743,0.48333333333333334
354,0.0016231080361952385,0.0010651730699464679,0.5579349458217621,0.031435053795576096,0.14699439704418182,0.55
355,0.001393586016880969,0.0008872807375155389,0.5063052574793497,0.013276532292366028,0.09365830570459366,0.55
356,0.001460538812292119,0.0008793676892916362,0.5811710973580678,0.019350063055753708,0.1156991645693779,0.48333333333333334
357,0.0016782399189348022,0.0010135442522975306,0.6646956344445546,0.01682300493121147,0.10660945624113083,0.5666666666666667
358,0.0014939948761214814,0.0009022196599592765,0.5917752047379812,0.01866518333554268,0.11050905287265778,0.4666666666666667
359,0.0013966658773521582,0.0008775356865953654,0.519130160411199,0.014357096515595913,0.10334467142820358,0.55
360,0.0014198363448182743,0.000868836526448528,0.5509997963905334,0.011642532423138618,0.09039399772882462,0.55
361,0.0012341265954698125,0.0007433897194763024,0.49073685010274254,0.014865611679852009,0.10276753455400467,0.5833333333333334
362,0.001451340690255165,0.000933436614771684,0.5179040590922038,0.01615968346595764,0.10861320793628693,0.5
363,0.0017986032413318752,0.0011331596334154407,0.6654435575008393,0.018440088257193565,0.11287283152341843,0.4666666666666667
364,0.0017437139991670846,0.0011065818718634546,0.6371320823828379,0.010328886099159718,0.08204992860555649,0.6166666666666667
365,0.0015093235143770775,0.0009670045149202148,0.5423189838727315,0.013587506487965584,0.10203541815280914,0.5
366,0.0017410345375537873,0.001034598444433262,0.7064360479513804,0.0203192587941885,0.1231319010257721,0.45
367,0.0016376580577343702,0.0009995530747498075,0.6381049394607544,0.014471332542598248,0.09622355550527573,0.55
368,0.0013395644181097546,0.000841518157782654,0.49804622928301495,0.019654598087072372,0.11593323200941086,0.5166666666666667
369,0.0012418108410201967,0.0007671100630735358,0.47470076084136964,0.01371301244944334,0.09841927140951157,0.45
370,0.001370550769691666,0.000879828406808277,0.49072235623995464,0.015479598194360733,0.10619162023067474,0.45
371,0.0013494612959523997,0.0008596355289531251,0.4898257593313853,0.013551467098295689,0.09663181006908417,0.55
372,0.00116281823720783,0.0007209174936482061,0.4419007122516632,0.01789066009223461,0.11550243943929672,0.5
373,0.0013399811694398522,0.0007803135590317349,0.559667577346166,0.016027607023715973,0.10696657747030258,0.5
374,0.0019146846374496818,0.0011608887425002953,0.7537958681583404,0.013224681839346886,0.09415687620639801,0.55
375,0.0016508097605158886,0.0009840056455383698,0.6668040831883748,0.018638066947460175,0.10987327247858047,0.5333333333333333
376,0.0015044497481236855,0.0009010818825724225,0.6033678233623505,0.02259024791419506,0.12639959156513214,0.55
377,0.0014756628156950076,0.0008901688735932112,0.5854938924312592,0.01731698401272297,0.11316434293985367,0.48333333333333334
378,0.0012805288347105185,0.0007509999539858351,0.5295288562774658,0.019928093999624252,0.11674351245164871,0.5666666666666667
379,0.0013318819304307301,0.0008123316996109983,0.5195502082506815,0.015221018344163895,0.10221634805202484,0.5
380,0.0012182813254185021,0.0007587959019777676,0.45948540369669594,0.01267456915229559,0.09393999725580215,0.5
381,0.0013301529999201497,0.0008032067911699414,0.5269461870193481,0.016128208488225937,0.10973940789699554,0.43333333333333335
382,0.0014008884162952503,0.0007843816303648055,0.6165067672729492,0.012217497453093529,0.09372744709253311,0.48333333333333334
383,0.001352081160681943,0.0008212443441152573,0.5308368106683096,0.010010694153606892,0.0827011838555336,0.5166666666666667
384,0.0018871198020254572,0.0010562925327879688,0.830827267964681,0.015462761744856834,0.10365450382232666,0.55
385,0.0016672833900277814,0.0010089649159150818,0.6583184699217478,0.017630500718951225,0.11534092575311661,0.48333333333333334
386,0.0014585189831753571,0.000879300746601075,0.5792182048161825,0.01904505118727684,0.11803018301725388,0.55
387,0.001438082979681591,0.0008547019329853356,0.5833810031414032,0.01203407533466816,0.08777307718992233,0.5
388,0.0018465239477033417,0.0010123061171422403,0.8342177828152975,0.02477809228003025,0.12460564076900482,0.5166666666666667
389,0.0015222037793137134,0.0009055754422054936,0.6166282931963603,0.01476365141570568,0.10266315937042236,0.48333333333333334
390,0.0015240348099420469,0.0008420924888923765,0.6819423059622447,0.011970611289143562,0.08650816231966019,0.6
391,0.0013804256605605284,0.0007899532560259104,0.5904723823070526,0.011841924861073494,0.09201454371213913,0.5
392,0.0013283430831506847,0.0007799420757995298,0.5484009762605031,0.015032220631837845,0.10524328798055649,0.5166666666666667
393,0.001257765347448488,0.0007483065943233669,0.509458726644516,0.014894703403115273,0.10377281159162521,0.4666666666666667
394,0.0014025478313366571,0.0008642945477428536,0.5382532517115275,0.01554889790713787,0.10465507209300995,0.5166666666666667
395,0.0012256471168560286,0.0007764964985350768,0.4491505960623423,0.013596022501587868,0.09888742864131927,0.5833333333333334
396,0.001254319593620797,0.0007718860249345501,0.482433545589447,0.013355695642530918,0.09838000684976578,0.5333333333333333
397,0.0012402088575375577,0.000739274527101467,0.5009343067804972,0.01418495737016201,0.10275506228208542,0.4666666666666667
398,0.0013944555578442911,0.0007999152721216281,0.5945402383804321,0.015569661743938923,0.10258086025714874,0.5666666666666667
399,0.0014615449899186691,0.000878878104655693,0.5826668600241344,0.01548011414706707,0.1087789535522461,0.5
400,0.0015153376773620645,0.0008426716939235727,0.672665943702062,0.018798597157001495,0.12081745266914368,0.5
401,0.001955065589087705,0.001063341302021096,0.8917242606480916,0.021237071603536606,0.1216973289847374,0.5
402,0.002070839252943794,0.0012340601029184957,0.8367791175842285,0.017473965883255005,0.1126958355307579,0.5833333333333334
403,0.0018425942088166872,0.0010638882561276356,0.7787059366703033,0.017520075663924217,0.10872633010149002,0.48333333333333334
404,0.001563746971078217,0.0010085129799942175,0.5552339454491934,0.01141822338104248,0.08649025857448578,0.5166666666666667
405,0.0015653464555119474,0.001016106561291963,0.5492398718992869,0.017518114298582077,0.11507097631692886,0.5
406,0.0015015906111026803,0.0009678870478334527,0.5337035357952118,0.010129469446837902,0.08219795674085617,0.5166666666666667
407,0.0014726553965980808,0.0009518144264196356,0.5208409329255422,0.019175317138433456,0.11527169495820999,0.5
408,0.0015923994748542707,0.0011569310833389561,0.4354683558146159,0.02200678363442421,0.1256210058927536,0.5666666666666667
409,0.0014781362609937788,0.0010030990388865272,0.4750372052192688,0.022067494690418243,0.13048331439495087,0.5
410,0.0016011159323776761,0.0011276606392736236,0.47345526615778605,0.015493515878915787,0.10557090491056442,0.48333333333333334
411,0.0013017785192156832,0.0008334859972819686,0.4682924767335256,0.019701851531863213,0.11835138499736786,0.48333333333333334
412,0.0013193410510818164,0.0008111289741160969,0.5082120358943939,0.021453164517879486,0.12447507679462433,0.5
413,0.0013194544318442544,0.000881280517205596,0.4381738950808843,0.017779210582375526,0.10740301012992859,0.55
414,0.0012788868742063641,0.000813905056566,0.4649817963441213,0.012454558163881302,0.09463717043399811,0.4666666666666667
415,0.001338359674749275,0.0008091138210147619,0.5292458256085714,0.010629137977957726,0.09010464698076248,0.4666666666666667
416,0.0013411531768118341,0.000819882956178238,0.52127019961675,0.010365891270339489,0.08870337903499603,0.48333333333333334
417,0.001367354035998384,0.0007977925279798608,0.5695614834626516,0.008539082482457161,0.07551024109125137,0.5333333333333333
418,0.0012676002729373674,0.0007374110476424297,0.5301891982555389,0.013712075538933277,0.09917624294757843,0.45
419,0.0011811167428580423,0.0006943972024600953,0.4867195268472036,0.010808049701154232,0.08627402782440186,0.5166666666666667
420,0.0010591433771575491,0.0006643517854778717,0.39479156732559206,0.00977830309420824,0.08084193617105484,0.5333333333333333
421,0.0012902849509070318,0.000821939828650405,0.4683450996875763,0.011440071277320385,0.09110981971025467,0.55
422,0.0013761762141560514,0.000868034060113132,0.5081421256065368,0.008779343217611313,0.07902664691209793,0.5
423,0.001332334972297152,0.0007960582617670298,0.5362767120202382,0.016266612336039543,0.10835778713226318,0.5833333333333334
424,0.001296610936212043,0.000800537079339847,0.49607383608818056,0.012844442389905453,0.09484429657459259,0.5166666666666667
425,0.0012432274680274228,0.0007662079995498061,0.47701943119366963,0.013253936544060707,0.0951746255159378,0.4666666666666667
426,0.001282741498046865,0.0007312659329424302,0.5514755407969157,0.012802590616047382,0.09453795850276947,0.5666666666666667
427,0.0012062268409257133,0.000706146975668768,0.5000798404216766,0.008945196866989136,0.07500437647104263,0.5666666666666667
428,0.0013320260060330233,0.0007880030238690476,0.5440229594707489,0.01670088805258274,0.10367842763662338,0.48333333333333334
429,0.0012052258127368987,0.0007262890479372194,0.4789367616176605,0.011325165629386902,0.09318871051073074,0.48333333333333334
430,0.0011335476534441113,0.0006808913875526438,0.45265624721844994,0.011031623929738998,0.09231116622686386,0.5166666666666667
431,0.0010373178054578602,0.0006183063902426511,0.41901141007741294,0.012628779746592045,0.09139994531869888,0.55
432,0.001269586489070207,0.0007316755596548319,0.5379108965396882,0.010404606349766254,0.08900454640388489,0.45
433,0.001616829967436691,0.0008698386256583035,0.7469913025697072,0.010646598413586617,0.08873013406991959,0.4666666666666667
434,0.0014312825670155386,0.0007574873762981345,0.6737951656182607,0.011673985049128532,0.09299624711275101,0.4666666666666667
435,0.0013969154795631766,0.0007928356023815771,0.6040798346201579,0.0143751110881567,0.10561933368444443,0.45
436,0.0014332732845408222,0.0007873586650627355,0.6459145685036977,0.012548266910016537,0.09576591849327087,0.5166666666666667
437,0.001780676965912183,0.0009983604890294374,0.7823164482911428,0.015083692036569118,0.10549137741327286,0.5
438,0.001365587778855115,0.0007565167790744454,0.6090709666411082,0.012220719829201698,0.09683799743652344,0.5666666666666667
439,0.0015955124283209444,0.0008607734343968332,0.7347389578819274,0.017684845253825188,0.1079636886715889,0.5333333333333333
440,0.0015111829852685332,0.0008217651668625573,0.6894177973270417,0.01417077798396349,0.10258009284734726,0.5
441,0.0012821905702973405,0.0007512912503443659,0.5308992822964986,0.013212187215685844,0.09587249159812927,0.5
442,0.0013585022184997796,0.0007825090743911763,0.5759931266307831,0.0159384086728096,0.10419844835996628,0.5666666666666667
443,0.0011939848540350796,0.0006879743479657919,0.5060105005900065,0.01644008420407772,0.10397248715162277,0.48333333333333334
444,0.001222994306590408,0.0006988900694220016,0.5241042017936707,0.019376251846551895,0.11704811453819275,0.5
445,0.0014240958805506428,0.000825589483914276,0.5985063731670379,0.0157993882894516,0.1055050864815712,0.48333333333333334
446,0.0015219024770582715,0.0009766172617673874,0.5452851871649425,0.016622748225927353,0.10616199672222137,0.55
447,0.0012452882171298067,0.0007495551447694501,0.4957330584526062,0.01051488146185875,0.08329632878303528,0.5166666666666667
448,0.0011122821286941567,0.0006761360467256358,0.43614607453346255,0.013585811480879784,0.09809067100286484,0.5
449,0.001043330788767586,0.0006523057294543832,0.391025048494339,0.015300696715712547,0.10654294490814209,0.5666666666666667
450,0.001082803588360548,0.0006113848668367912,0.47141868273417153,0.017704470083117485,0.11251778155565262,0.5333333333333333
451,0.000930832225518922,0.0005509461897114913,0.3798860232035319,0.016447709873318672,0.10881409049034119,0.5333333333333333
452,0.0010695142166999478,0.0006604413230282565,0.40907287001609804,0.012790723703801632,0.09653948247432709,0.45
453,0.001105715644856294,0.0006685715614973257,0.43714407285054524,0.01347394660115242,0.09770932048559189,0.5666666666666667
454,0.0010868364673418303,0.0006978258083108812,0.38901062607765197,0.009259773418307304,0.07883909344673157,0.5666666666666667
455,0.0010199550384034713,0.0005868787877261639,0.4330762187639872,0.01618703082203865,0.10302326083183289,0.5666666666666667
456,0.0011042333634880682,0.0006628235375198225,0.44140980144341785,0.01622908003628254,0.11100702732801437,0.48333333333333334
457,0.001185718939329187,0.0007322259712964297,0.45349294940630597,0.012669917196035385,0.0961625725030899,0.55
458,0.0010093351942487062,0.0006107039380973826,0.3986312488714854,0.016665907576680183,0.11114387214183807,0.5166666666666667
459,0.0011448508982236187,0.0007131124730221927,0.43173840443293254,0.017889201641082764,0.11206004023551941,0.48333333333333334
460,0.0012151635911626121,0.0007593035096457849,0.45586006045341493,0.01702018827199936,0.11074140667915344,0.48333333333333334
461,0.0011643815009544293,0.0007062450400553644,0.45813642342885336,0.016892682760953903,0.10613013058900833,0.55
462,0.0012992530091044804,0.0007849805677930514,0.514272411664327,0.011421016417443752,0.09124569594860077,0.48333333333333334
463,0.001179496245458722,0.0006925252596071611,0.48697097102801007,0.01350354589521885,0.10022842139005661,0.55
464,0.0014429740452518065,0.0008112414740025997,0.6317325413227082,0.017992310225963593,0.10628972947597504,0.5
465,0.0012329374051963289,0.0007475093472748995,0.4854280392328898,0.019749576225876808,0.12095434218645096,0.5
466,0.0011188609758391976,0.0006913283723406494,0.4275325874487559,0.018399478867650032,0.11280842125415802,0.5333333333333333
467,0.0012259433589254817,0.0006881604165149232,0.5377829233805339,0.016301292926073074,0.10504577308893204,0.48333333333333334
468,0.001477560125446568,0.000770445439654092,0.7071146349112193,0.01458828430622816,0.10267772525548935,0.48333333333333334
469,0.0012150757325192292,0.0006887498699749509,0.5263258437315623,0.019826700910925865,0.12161729484796524,0.4666666666666667
470,0.001206119692263504,0.0007232709904201329,0.48284868399302167,0.022443121299147606,0.1314159631729126,0.4666666666666667
471,0.0010848514386452735,0.000646873361741503,0.437978059053421,0.01671595498919487,0.11103807389736176,0.48333333333333334
472,0.0010299466084688902,0.0006401993547721455,0.3897472302118937,0.012949065305292606,0.0944804921746254,0.5166666666666667
473,0.0010957780720976492,0.0006607165288490554,0.43506152232488,0.01845770888030529,0.11519527435302734,0.48333333333333334
474,0.0009881048812530936,0.0005986617334807913,0.38944313327471414,0.023409774526953697,0.13085795938968658,0.5166666666666667
475,0.0011701889840575557,0.0006652648211456835,0.5049241324265797,0.010100780054926872,0.08274262398481369,0.5333333333333333
476,0.0009889463700043658,0.0006161911451878648,0.37275521556536356,0.00923256017267704,0.08028676360845566,0.55
477,0.0009916504456972083,0.0006037372397258878,0.38791319529215496,0.00992339663207531,0.07888660579919815,0.5666666666666667
478,0.0010070899229807158,0.0006069223047234118,0.4001676122347514,0.011798616498708725,0.09364580363035202,0.48333333333333334
479,0.0013270697556436062,0.0007953363082682092,0.5317334115505219,0.017306910827755928,0.11111337691545486,0.5
480,0.0013582981346795956,0.0008385254807459811,0.5197726368904114,0.018806932494044304,0.11488690227270126,0.5666666666666667
481,0.0012404757124992707,0.0007714663011332353,0.469009397427241,0.011578532867133617,0.09017743915319443,0.48333333333333334
482,0.001224772531228761,0.0007573398179374635,0.4674327035744985,0.00963139720261097,0.08199217170476913,0.5
483,0.0011950935508745412,0.0007703888734492163,0.42470464706420896,0.011194083839654922,0.09021789580583572,0.55
484,0.0013594968787704906,0.0009300415986217558,0.4294552405675252,0.011227911338210106,0.09001651406288147,0.55
485,0.0014716269991671045,0.0008713722927495837,0.6002546886603037,0.012141918763518333,0.09299048036336899,0.5
486,0.0012763686167697112,0.0007144028049272795,0.5619657814502717,0.012951849959790707,0.09547517448663712,0.5333333333333333
487,0.0011733497066112855,0.0006844342007146527,0.4889154891173045,0.018901288509368896,0.11416785418987274,0.55
488,0.001310757400157551,0.000810204636460791,0.5005527396996816,0.009377552196383476,0.07822711765766144,0.48333333333333334
489,0.00142501787825798,0.0008935437033263346,0.5314741432666779,0.01602659933269024,0.10264194756746292,0.5333333333333333
490,0.0011645142881510158,0.0007021433848422021,0.46237088441848756,0.017109742388129234,0.1102023497223854,0.5166666666666667
491,0.0014013324165716768,0.0007951653484875957,0.6061670541763305,0.009947259910404682,0.08499433100223541,0.5333333333333333
492,0.0010526056168600917,0.0006359277196073284,0.41667788426081337,0.01391279324889183,0.09879076480865479,0.55
493,0.0011228326281222205,0.0007096771616488696,0.4131554385026296,0.012067395262420177,0.09032998979091644,0.5166666666666667
494,0.0011764619848690927,0.0006818749806067596,0.49458696842193606,0.012675912119448185,0.09689698368310928,0.55
495,0.001022970338817686,0.0005971418868284672,0.4258284350236257,0.012152759358286858,0.08882606029510498,0.5666666666666667
496,0.0010347381311779221,0.0005660130467731505,0.4687250634034475,0.01636095531284809,0.10986731201410294,0.5
497,0.0010045571524339417,0.0005861480506913116,0.4184090743462245,0.011802337132394314,0.088396817445755,0.5166666666666667
498,0.0011202280797685186,0.0005936131385775904,0.526614914337794,0.01286886166781187,0.09285663068294525,0.48333333333333334
499,0.0010685754551862678,0.0006426267267670482,0.4259487152099609,0.01772320456802845,0.10849186778068542,0.5666666666666667
500,0.0012368615328644712,0.0006869200306634109,0.5499414801597595,0.013699216768145561,0.0997408926486969,0.4666666666666667
