epoch,train_loss,mse_loss,trend_loss,val_mse,val_mae,val_trend_acc
0,0.05648935995995998,0.0469766844684879,9.512675348917643,0.05169832333922386,0.19623929262161255,0.55
1,0.011256899125874043,0.007875973327706258,3.3809256553649902,0.01965232379734516,0.11105426400899887,0.5666666666666667
2,0.007400396404167017,0.004953337647020817,2.447058629989624,0.01454131305217743,0.10035313665866852,0.5333333333333333
3,0.006089058083792527,0.004134483790645997,1.954574171702067,0.011420744471251965,0.08425279706716537,0.5666666666666667
4,0.005491317280878623,0.0036358787212520836,1.85543851852417,0.007440234534442425,0.06644407659769058,0.5
5,0.0052933650401731334,0.0036297281427929797,1.6636367877324423,0.009376662783324718,0.07322203367948532,0.6166666666666667
6,0.005325190241759022,0.0037165104101101556,1.6086797714233398,0.007878310978412628,0.06936733424663544,0.6
7,0.0045348132029175755,0.003220654356603821,1.314158837000529,0.005799325183033943,0.060479845851659775,0.6166666666666667
8,0.004803953412920237,0.003452015047272046,1.351938287417094,0.005636940244585276,0.05728631466627121,0.6
9,0.004681709175929427,0.0033192900475114582,1.362419072786967,0.006428283639252186,0.05896766111254692,0.5166666666666667
10,0.0042821891140192745,0.003054634885241588,1.2275542259216308,0.008029021322727203,0.07187977433204651,0.55
11,0.004881276500721773,0.0034118978927532833,1.4693785905838013,0.011737857013940811,0.08874356746673584,0.5666666666666667
12,0.004915676669528087,0.0033880760427564384,1.527600598335266,0.0093081621453166,0.08170580118894577,0.5666666666666667
13,0.004963040755440792,0.003641323605552316,1.3217171112696329,0.00942803081125021,0.07718502730131149,0.5166666666666667
14,0.004517004204293092,0.0032414582868417106,1.2755458275477092,0.0036175348795950413,0.049777690321207047,0.6166666666666667
15,0.004247892803202073,0.003005388254920642,1.2425044695536296,0.0038110881578177214,0.04943676292896271,0.5
16,0.004333217038462559,0.0030106535026182732,1.3225635250409444,0.005341225303709507,0.060491662472486496,0.45
17,0.004723196181779106,0.0031864284382512173,1.5367676417032878,0.004195708315819502,0.05502183362841606,0.5333333333333333
18,0.004435707892601688,0.003073609216759602,1.3620986064275107,0.004201799165457487,0.052675750106573105,0.5666666666666667
19,0.004697780140365163,0.003320125436099867,1.3776546319325764,0.0038897187914699316,0.05045792832970619,0.5333333333333333
20,0.004527838248759508,0.0033123285975307226,1.215509569644928,0.0038967174477875233,0.05055130645632744,0.5
21,0.004410418433447679,0.003221709079419573,1.1887093305587768,0.004920747596770525,0.05660553276538849,0.65
22,0.004540017324810227,0.0032857749921580155,1.2542422731717429,0.006897971499711275,0.0658726766705513,0.6
23,0.004679291353871425,0.003320506711800893,1.358784588177999,0.003692351747304201,0.046199195086956024,0.5833333333333334
24,0.004106081137433648,0.0028016001762201388,1.3044809222221374,0.003853820962831378,0.050820570439100266,0.45
25,0.0049450785852968695,0.003534928523004055,1.4101500590642293,0.0036504515446722507,0.0489262118935585,0.6166666666666667
26,0.0040524691964189214,0.0028504504666974147,1.202018630504608,0.003585308324545622,0.0503203421831131,0.5833333333333334
27,0.004094187449663877,0.0028350905010787147,1.259096892674764,0.006853586528450251,0.06523575633764267,0.5833333333333334
28,0.0039143974737574656,0.0028651087700078885,1.0492886265118917,0.0041888379491865635,0.05259731784462929,0.55
29,0.0036447056103497744,0.0025552440977965793,1.0894614855448406,0.005405212752521038,0.06060588359832764,0.5666666666666667
30,0.003745564678683877,0.002621216132926444,1.1243484536806743,0.003006942104548216,0.04492975026369095,0.4666666666666667
31,0.003711807867512107,0.0026217679958790542,1.0900398055712381,0.007051182445138693,0.06417375057935715,0.5166666666666667
32,0.004796773536751667,0.0034535767898584407,1.343196694056193,0.0032380332704633474,0.04546751454472542,0.65
33,0.0041463985418279965,0.0029482447387029725,1.1981537580490111,0.004772116895765066,0.05557291582226753,0.5333333333333333
34,0.004208098553741972,0.0028740871076782543,1.3340113838513692,0.003425448667258024,0.04475679621100426,0.5833333333333334
35,0.003930138408516844,0.0026791588791335624,1.2509795029958088,0.0023334696888923645,0.04072783887386322,0.5166666666666667
36,0.004261819552630186,0.0029460579622536897,1.3157615264256795,0.006175830960273743,0.056314170360565186,0.55
37,0.00492922735090057,0.0033861308979491393,1.5430963635444641,0.006356817204505205,0.061808787286281586,0.6166666666666667
38,0.004300306892643372,0.0031501661287620664,1.1501406153043112,0.004110884852707386,0.0474669374525547,0.5333333333333333
39,0.003744165413081646,0.0027228872912625473,1.0212780396143595,0.005581945180892944,0.0602661557495594,0.55
40,0.004121631197631359,0.0028831916861236095,1.238439389069875,0.004179860930889845,0.05194128677248955,0.5
41,0.004201399333154162,0.00298854298889637,1.2128562649091086,0.006445345468819141,0.06868748366832733,0.5666666666666667
42,0.0046694727304081125,0.0033166971678535145,1.352775502204895,0.005389306228607893,0.06008633226156235,0.6166666666666667
43,0.0042726936129232245,0.0030778765057524046,1.1948170423507691,0.0037374859675765038,0.04882882907986641,0.6166666666666667
44,0.003916523170967897,0.002616972786684831,1.2995503187179565,0.0038799832109361887,0.052215468138456345,0.6333333333333333
45,0.004553023508439461,0.002921145595610142,1.63187784353892,0.004278491251170635,0.05494798347353935,0.6
46,0.004182448113958041,0.0030758443986997007,1.1066036581993104,0.0034244435373693705,0.04659619554877281,0.6333333333333333
47,0.003722558527564009,0.002643584149579207,1.0789743423461915,0.0033719378989189863,0.04711638763546944,0.65
48,0.0033493540560205776,0.0023664861141393582,0.9828679084777832,0.0037669078446924686,0.04622587189078331,0.5833333333333334
49,0.003159226601322492,0.0022285865309337777,0.9306400458017985,0.002637899946421385,0.03930119425058365,0.5
50,0.003474753986423214,0.002407337453526755,1.067416489124298,0.0031779510900378227,0.04519118741154671,0.5
51,0.003481269891684254,0.0024852594671150047,0.9960103392601013,0.003880047705024481,0.05346508324146271,0.55
52,0.003974657629927,0.002895542249704401,1.0791153232256572,0.004226914141327143,0.05519893020391464,0.6166666666666667
53,0.0037039756774902345,0.0025320754231264193,1.171900177001953,0.005880659446120262,0.06124226376414299,0.6166666666666667
54,0.003907515434548259,0.0025388038639600078,1.3687114795049031,0.004576468840241432,0.05264104902744293,0.6166666666666667
55,0.003796492066855232,0.002550284999112288,1.2462070306142172,0.00505421869456768,0.05604121834039688,0.6166666666666667
56,0.003764919595172008,0.0026537663380925853,1.1111532171567282,0.0036728631239384413,0.045294564217329025,0.5
57,0.003782315986851851,0.002592526073567569,1.189789923032125,0.00495675066486001,0.05959490314126015,0.55
58,0.0032162447615216175,0.0022359233737612766,0.9803213238716125,0.004643126856535673,0.05309131368994713,0.6166666666666667
59,0.0028951876331120728,0.0020064352778717876,0.888752301534017,0.005500726867467165,0.06012061610817909,0.6166666666666667
60,0.003321539827932914,0.0022228506781781713,1.0986891428629557,0.007005227729678154,0.06846302002668381,0.55
61,0.0034529473477353653,0.002344685816206038,1.108261485894521,0.0034400587901473045,0.04630657285451889,0.6
62,0.0029523548980553943,0.002032971001851062,0.9193838516871135,0.005450749769806862,0.060630377382040024,0.6
63,0.0028938727453351023,0.0020174339103202024,0.8764388004938761,0.004309819079935551,0.04990735277533531,0.6333333333333333
64,0.0031711876081923643,0.0021070051084583004,1.064182444413503,0.004802389070391655,0.05444289743900299,0.5
65,0.00291705634444952,0.002022886710862319,0.8941695809364318,0.003515553195029497,0.0477435439825058,0.6166666666666667
66,0.003129459545016289,0.0022065462001288933,0.9229133049647014,0.0036469525657594204,0.05142338573932648,0.5833333333333334
67,0.003194876100557546,0.002364094105238716,0.8307819525400798,0.006277245469391346,0.06662299484014511,0.6166666666666667
68,0.003534041407207648,0.002546918865603705,0.9871225158373514,0.002579281572252512,0.04098337143659592,0.5666666666666667
69,0.003223867140089472,0.0023914070256675283,0.8324600577354431,0.004544561263173819,0.055273156613111496,0.55
70,0.002935999833668272,0.0020579990193558234,0.8780007680257161,0.004103649873286486,0.05019160732626915,0.6166666666666667
71,0.0029731109117468197,0.0021535329365481933,0.8195779283841451,0.00588081544265151,0.06153653934597969,0.6166666666666667
72,0.0028044438610474267,0.001962654641829431,0.8417892177899678,0.004924414679408073,0.05341290682554245,0.55
73,0.0031341537833213806,0.0021132245116556683,1.0209292372067769,0.004752017557621002,0.0555313415825367,0.6
74,0.003274754108861089,0.0022021848397950333,1.0725692470868429,0.004917965270578861,0.052346304059028625,0.5333333333333333
75,0.0037061803818990787,0.002574205685717364,1.1319746772448223,0.006172076798975468,0.05986343324184418,0.6166666666666667
76,0.0031436432618647814,0.0021066280159478387,1.0370151281356812,0.004521883092820644,0.056804779917001724,0.55
77,0.003286852330590288,0.002180263826934,1.1065884908040364,0.004371171817183495,0.05562557652592659,0.48333333333333334
78,0.0033507936789343756,0.0021121282518530887,1.2386653343836467,0.0039669219404459,0.049047909677028656,0.6
79,0.0030366107976684967,0.002084020175971091,0.9525905609130859,0.004463870543986559,0.051389630883932114,0.6166666666666667
80,0.0033162182507415613,0.002422453199202816,0.8937650561332703,0.003555574221536517,0.04427531734108925,0.6
81,0.002702892734669149,0.001912994081309686,0.7898986061414083,0.0063163768500089645,0.06121358647942543,0.55
82,0.0028305322707941134,0.0019806424621492623,0.8498897790908814,0.003166328417137265,0.04451909288764,0.55
83,0.003105039553095897,0.002179810063292583,0.9252294540405274,0.006915145553648472,0.06845394521951675,0.48333333333333334
84,0.002940201355765263,0.0019368699363743265,1.0033313870429992,0.0037992275319993496,0.04913240671157837,0.6166666666666667
85,0.0030786024096111455,0.002030811187190314,1.0477911988894144,0.005732396617531776,0.0635523647069931,0.55
86,0.0029439174104481936,0.002018456261915465,0.9254610737164816,0.005749186035245657,0.06024673208594322,0.55
87,0.0028289969234416884,0.001876330243734022,0.9526666680971781,0.0032131767366081476,0.047555360943078995,0.48333333333333334
88,0.0030489178684850534,0.0020331231333936255,1.0157947063446044,0.004683464299887419,0.05434449017047882,0.6
89,0.0035968982769797246,0.0022527781082317235,1.3441201051076253,0.004125793464481831,0.050661854445934296,0.6166666666666667
90,0.003170914195167522,0.002031224810828765,1.1396893342336019,0.011287782341241837,0.09074816852807999,0.5
91,0.0028303309343755247,0.0019217089594652256,0.9086219151814778,0.005288177169859409,0.058492936193943024,0.6
92,0.0030958952847868204,0.002252612666537364,0.8432825803756714,0.003681761911138892,0.045445337891578674,0.6166666666666667
93,0.002619811473414302,0.001755390176549554,0.8644212921460469,0.0041957120411098,0.05121280252933502,0.5833333333333334
94,0.0028559097554534674,0.0018893396869922678,0.9665700356165569,0.009396563284099102,0.08423197269439697,0.5166666666666667
95,0.002807080497344335,0.001998259468624989,0.8088209668795268,0.005583264399319887,0.06053868308663368,0.6166666666666667
96,0.0027047627062226336,0.0018121332628652453,0.8926293929417928,0.0036077408585697412,0.051444411277770996,0.6166666666666667
97,0.0030053409126897654,0.002009043718377749,0.9962971409161886,0.0030950657092034817,0.044475238770246506,0.5833333333333334
98,0.002989768950889508,0.002076200380300482,0.9135684967041016,0.004818156361579895,0.053523220121860504,0.6333333333333333
99,0.0027261464856565,0.0018093688723941645,0.9167775591214498,0.005366173572838306,0.06095198541879654,0.6
100,0.0031579166495551664,0.0021001228597015142,1.0577937444051106,0.0076874843798577785,0.06778495013713837,0.6333333333333333
101,0.0030420794151723384,0.002064868179149926,0.9772111932436626,0.004383980296552181,0.05484197661280632,0.6
102,0.0030905732264121374,0.0019489090191200376,1.1416641553243,0.0042489031329751015,0.05167178437113762,0.6
103,0.00281913752357165,0.0017985875407854717,1.0205499172210692,0.0074745542369782925,0.07344109565019608,0.6166666666666667
104,0.0029861986016233764,0.0019718903039271634,1.014308245976766,0.006659969221800566,0.06977906823158264,0.5333333333333333
105,0.0029574390966445206,0.0020134177369376025,0.9440213123957316,0.004631664138287306,0.05507871136069298,0.5666666666666667
106,0.0026525018271058797,0.0017762737426285943,0.8762280424435933,0.004835604224354029,0.0568096786737442,0.5833333333333334
107,0.0027653752670933804,0.0018160874567305048,0.949287740389506,0.00365283340215683,0.051294777542352676,0.6333333333333333
108,0.0026505910325795414,0.0017659935479362805,0.8845974286397298,0.00484583992511034,0.0570073127746582,0.5
109,0.0025534040061756967,0.0015536529826931655,0.9997509558995564,0.007172699086368084,0.06907965242862701,0.5833333333333334
110,0.0026684163914372522,0.0017252678982913495,0.9431484738985697,0.006339738145470619,0.06840239465236664,0.6
111,0.002617136971093714,0.0016924496313246587,0.9246872901916504,0.004272327292710543,0.05226559564471245,0.5666666666666667
112,0.0032603176776319744,0.0019865779982258876,1.2737396279970805,0.009188747964799404,0.07795242220163345,0.6166666666666667
113,0.003093212532500426,0.001943153360237678,1.1500591397285462,0.004387271124869585,0.05733203887939453,0.6333333333333333
114,0.0028541897734006244,0.001888451911509037,0.9657378554344177,0.004156901966780424,0.051030710339546204,0.6166666666666667
115,0.0030823931563645603,0.001991625331963102,1.090767753124237,0.00623431708663702,0.06668028235435486,0.5166666666666667
116,0.002680885574469964,0.001779944892041385,0.9009406725565593,0.006366381887346506,0.06557407230138779,0.5833333333333334
117,0.002547833734812836,0.0016552354286735256,0.8925982673962911,0.00572669692337513,0.06280716508626938,0.6333333333333333
118,0.0024355593137443065,0.0017021909821778535,0.7333682894706726,0.004873787984251976,0.05473421514034271,0.6
119,0.0024649443570524455,0.0015965786723730465,0.8683656374613444,0.00708305649459362,0.07252980023622513,0.55
120,0.0029044018127024175,0.0017987675809611877,1.1056341528892517,0.0046806540340185165,0.05670315399765968,0.6166666666666667
121,0.00269882925786078,0.0018639559779937069,0.8348732630411784,0.007150490302592516,0.06888802349567413,0.55
122,0.0026068915224944553,0.001754715588564674,0.8521759033203125,0.004163757897913456,0.05026058480143547,0.6333333333333333
123,0.002569274875956277,0.0017994376908366879,0.7698371410369873,0.004884202964603901,0.05728011950850487,0.5666666666666667
124,0.00253850764905413,0.0018326808620865145,0.705826735496521,0.004436128307133913,0.052613936364650726,0.55
125,0.002578422116736571,0.0018245143194993336,0.7539077838261922,0.004798599984496832,0.05645712837576866,0.5666666666666667
126,0.0024479843055208524,0.0016103809388975303,0.8376033504803976,0.003772395895794034,0.04812946170568466,0.5666666666666667
127,0.0025864377928276855,0.0016420370045428475,0.9444007158279419,0.00532223517075181,0.0578312948346138,0.5333333333333333
128,0.002583487634547055,0.001726073306053877,0.8574142813682556,0.004317480139434338,0.05254942178726196,0.55
129,0.0025275225130220254,0.0016349794575944542,0.8925429920355479,0.005316487047821283,0.06319268047809601,0.5666666666666667
130,0.0022747304135312635,0.001507226393247644,0.7675039649009705,0.0038314855191856623,0.052453599870204926,0.5666666666666667
131,0.0022329085351278383,0.0014914819427455466,0.7414265473683676,0.005592011380940676,0.0652584508061409,0.55
132,0.0021740256575867533,0.001455771674712499,0.7182539721330007,0.005011050961911678,0.057352203875780106,0.6
133,0.0020615856007983285,0.001335677318274975,0.7259082357088725,0.004605141468346119,0.05546945706009865,0.55
134,0.0023942362672338883,0.0015732240242262681,0.8210122227668762,0.006083303596824408,0.06208717077970505,0.5166666666666667
135,0.0024663212553908426,0.0015218732180073858,0.9444479703903198,0.0038916231133043766,0.05046892911195755,0.6333333333333333
136,0.002612121884400646,0.0016233189109091958,0.9888029456138611,0.002466001082211733,0.03952455520629883,0.6333333333333333
137,0.0021835423540323973,0.0013685363965729872,0.8150059541066488,0.003965021576732397,0.05045962706208229,0.65
138,0.0024461561270679036,0.001550383943443497,0.89577214717865,0.002887777052819729,0.04517510160803795,0.5
139,0.0032452231117834646,0.002078947595631083,1.16627543369929,0.005754509475082159,0.06363454461097717,0.55
140,0.003070271760225296,0.0020096067960063617,1.0606649359067282,0.007578636519610882,0.07194318622350693,0.5833333333333334
141,0.002372002461925149,0.0015712200198322534,0.8007824182510376,0.0058464789763092995,0.06131009757518768,0.5666666666666667
142,0.0022347923212995132,0.0014321361241551736,0.8026561697324117,0.005189393647015095,0.06010114774107933,0.55
143,0.0022279767009119192,0.0014092699391767382,0.8187067389488221,0.0028498924802988768,0.04371173679828644,0.5666666666666667
144,0.002508990187197924,0.001687919395044446,0.8210707386334737,0.0027385405264794827,0.04351186379790306,0.5666666666666667
145,0.002262128229873876,0.001513504679314792,0.748623522122701,0.0038321251049637794,0.05112147331237793,0.6
146,0.002232354700875779,0.0014655601466074587,0.766794498761495,0.005328022874891758,0.06165848299860954,0.5
147,0.0023956073603282374,0.0016105951818947992,0.7850121299425761,0.004827616270631552,0.05857915058732033,0.5333333333333333
148,0.001958612826031943,0.0012353251494156817,0.7232876519362131,0.007036464288830757,0.06954380124807358,0.6166666666666667
149,0.0018733381836985548,0.0012180397558646898,0.6552983939647674,0.0033547175116837025,0.049211714416742325,0.6
150,0.0021460884949192406,0.001420326290341715,0.7257621606190999,0.002869551768526435,0.04431258514523506,0.5666666666666667
151,0.002117723226547241,0.0014383646969993908,0.6793584724267324,0.005967024248093367,0.06403227150440216,0.6
152,0.0024699631069476408,0.0017580788893004258,0.7118841886520386,0.00985974445939064,0.08713133633136749,0.4666666666666667
153,0.002283110811064641,0.0014352683754016956,0.8478423953056335,0.0040571428835392,0.05317191779613495,0.5833333333333334
154,0.002075445062170426,0.0013573262258432806,0.7181187808513642,0.003101448994129896,0.04588024690747261,0.6166666666666667
155,0.002320157744300862,0.0016331731846245627,0.6869845469792684,0.0030511082150042057,0.0467325784265995,0.5333333333333333
156,0.002432506127903859,0.001739088341128081,0.693417735894521,0.004067352041602135,0.05019091069698334,0.5833333333333334
157,0.0022420657410596808,0.0014499499695375562,0.7921157240867615,0.003868026891723275,0.05120604485273361,0.5
158,0.0019139586947858334,0.0013166026871961852,0.5973559796810151,0.0035515683703124523,0.049239497631788254,0.55
159,0.0021072635039066276,0.0013906303055894872,0.7166331430276235,0.003471497679129243,0.04810116067528725,0.55
160,0.002228474764463802,0.0013862255301016072,0.8422491749127706,0.004789921920746565,0.05793604999780655,0.5833333333333334
161,0.0020712739244724315,0.0012980345481385788,0.7732393582661946,0.004412277601659298,0.054043591022491455,0.5333333333333333
162,0.002188526629470289,0.0013943523479004701,0.7941742539405823,0.00424477132037282,0.05439680069684982,0.5833333333333334
163,0.0018583586594710748,0.0011971866168702641,0.6611720105012258,0.0072486973367631435,0.07011508196592331,0.5666666666666667
164,0.002347616587455074,0.0013847629927719633,0.9628535509109497,0.004340976942330599,0.05468539148569107,0.65
165,0.0025330221280455588,0.001589069546510776,0.9439525723457336,0.003242179285734892,0.046948228031396866,0.55
166,0.0022671162926902375,0.001441310621642818,0.8258056362469991,0.0043821330182254314,0.05525551363825798,0.6
167,0.002343988651409745,0.0014107711923619112,0.933217453956604,0.007602067198604345,0.07436468452215195,0.5
168,0.00221743689229091,0.0013296000931101541,0.8878367781639099,0.006839980371296406,0.06671808660030365,0.5666666666666667
169,0.002264694186548392,0.0013432408527781566,0.9214532891909282,0.0069432551972568035,0.06867816299200058,0.5833333333333334
170,0.0023496487255518636,0.0014729006371150414,0.8767480293909709,0.006349632982164621,0.06548120081424713,0.5833333333333334
171,0.002247601468116045,0.0013664916312942901,0.8811098496119182,0.005332497879862785,0.06018833816051483,0.6166666666666667
172,0.0024405910633504392,0.0016120419139042496,0.8285491188367208,0.003532415721565485,0.04777062311768532,0.5666666666666667
173,0.0019438826789458592,0.0012343408229450385,0.7095418314139048,0.006685375235974789,0.07187484949827194,0.5833333333333334
174,0.0019946209077412883,0.0012856439997752508,0.7089768727620442,0.004185942932963371,0.05212260037660599,0.55
175,0.002495143360768755,0.0014807656407356262,1.0143776893615724,0.005085356533527374,0.060157764703035355,0.6333333333333333
176,0.002459898008964956,0.0015931537297243874,0.8667442440986634,0.002946435008198023,0.04607389122247696,0.5833333333333334
177,0.0022411488151798647,0.0013070775661617518,0.9340712030728658,0.004826965741813183,0.06000012531876564,0.6166666666666667
178,0.002532903260240952,0.0015988981661697228,0.9340050141016643,0.005907915532588959,0.06241083890199661,0.5166666666666667
179,0.0020935934347411,0.001324703125283122,0.7688902695973714,0.006850020494312048,0.06862543523311615,0.5833333333333334
180,0.0020191500273843608,0.0012849190621636807,0.734230899810791,0.0046029407531023026,0.058345913887023926,0.6333333333333333
181,0.001930350468804439,0.001268030509042243,0.6623199224472046,0.007693287450820208,0.07322771102190018,0.5666666666666667
182,0.002329543714101116,0.0016029683019345006,0.7265753666559855,0.0069509344175457954,0.06983669102191925,0.6166666666666667
183,0.0026271413390835125,0.0017833066871389748,0.8438346107800802,0.010005486197769642,0.07491227984428406,0.5333333333333333
184,0.0021887433404723803,0.001472090813331306,0.7166524847348531,0.0035786021035164595,0.05158644914627075,0.5
185,0.0018417039575676123,0.0011787619364137451,0.6629420121510824,0.006780899129807949,0.06719963997602463,0.6333333333333333
186,0.00179249276407063,0.0011180900270119309,0.6744027058283488,0.00402004923671484,0.05112190172076225,0.5833333333333334
187,0.0019158281153067946,0.001175864040851593,0.7399640440940857,0.006243702955543995,0.06488285958766937,0.55
188,0.001754211812901,0.0010673466177346805,0.6868651926517486,0.005593979265540838,0.06061796844005585,0.6166666666666667
189,0.0018042781002198657,0.0010452081177694103,0.7590699315071106,0.0060838256031274796,0.06436648219823837,0.6166666666666667
190,0.001989101548679173,0.001142611385633548,0.8464901010195415,0.006980984937399626,0.06486208736896515,0.6
191,0.0019466683268547058,0.00113126301439479,0.815405277411143,0.0048729050904512405,0.05670837312936783,0.43333333333333335
192,0.002400167309679091,0.0013476246036589145,1.0525426546732584,0.009131059050559998,0.07840781658887863,0.48333333333333334
193,0.002797779836691916,0.0015499293144481878,1.2478504578272502,0.005194485187530518,0.061183862388134,0.6
194,0.0021268957449744144,0.0012970256774375835,0.8298700372378032,0.005500217899680138,0.06193996220827103,0.5
195,0.0022390117791170876,0.0013054492572943369,0.9335624893506368,0.007050381042063236,0.06788749992847443,0.5666666666666667
196,0.001841623413686951,0.001127752762598296,0.713870620727539,0.010926407761871815,0.08502062410116196,0.5666666666666667
197,0.002025767609787484,0.0012201960509022078,0.8055715123812358,0.0072821383364498615,0.06901863217353821,0.5666666666666667
198,0.0019645783118903636,0.001189606167220821,0.7749720891316731,0.009723396971821785,0.08003193885087967,0.65
199,0.002079483843408525,0.0013272681972011924,0.7522156278292338,0.006532634608447552,0.06618131697177887,0.6
200,0.002218294283375144,0.0014739115256816148,0.7443826993306478,0.004795531276613474,0.05620311200618744,0.6333333333333333
201,0.0020861817601447305,0.0014088310572939614,0.6773506542046864,0.005595744587481022,0.064007468521595,0.6166666666666667
202,0.0019363981361190479,0.001156228322846194,0.7801697909832,0.010366327129304409,0.08602547645568848,0.5833333333333334
203,0.0020427747629582884,0.001177298502686123,0.8654762208461761,0.00680582644417882,0.0684422105550766,0.5666666666666667
204,0.0018026799972479543,0.0011089657239305476,0.6937142352263133,0.00422253692522645,0.053482793271541595,0.6
205,0.0018070175079628824,0.0011859906914954384,0.6210267921288808,0.006618127226829529,0.06867750734090805,0.6666666666666666
206,0.002027064491994679,0.001268024556338787,0.7590399026870728,0.00940023921430111,0.08511746674776077,0.6166666666666667
207,0.0022789430959771076,0.0014121211832389235,0.866821829477946,0.005613093264400959,0.06042153388261795,0.6333333333333333
208,0.0017518666029597322,0.001159144111443311,0.5927224675814311,0.01103196945041418,0.08564308285713196,0.65
209,0.0016818747312451403,0.0011349938460625709,0.5468808531761169,0.006460172589868307,0.06601865589618683,0.6333333333333333
210,0.0015395336008320252,0.001028163560355703,0.5113700111707051,0.009136266075074673,0.07769754528999329,0.5666666666666667
211,0.00165251309517771,0.001052831901082148,0.599681164820989,0.005747591610997915,0.06086697429418564,0.6166666666666667
212,0.0017807564077277978,0.00116326412341247,0.6174922287464142,0.006453779526054859,0.06632346659898758,0.55
213,0.001985817534538607,0.0012992435833439231,0.6865739186604818,0.006441054865717888,0.06727349013090134,0.6166666666666667
214,0.001676577787535886,0.0010755998392899832,0.6009779234727224,0.006074106320738792,0.0682666227221489,0.55
215,0.0018062766175717115,0.0011312670113208393,0.675009556611379,0.008793804794549942,0.0751204714179039,0.6166666666666667
216,0.0016787306560824315,0.0010961183385613065,0.5826122919718425,0.006005592178553343,0.06321504712104797,0.65
217,0.0015710425951207677,0.0009939716469186048,0.5770709296067555,0.00917778629809618,0.0779503658413887,0.5666666666666667
218,0.0018530071635420124,0.0012279590087321897,0.6250481148560841,0.00883068423718214,0.07828854769468307,0.6
219,0.0019477548077702523,0.0012631259160116315,0.6846288959185283,0.006046186666935682,0.06392016261816025,0.5833333333333334
220,0.0024508043813208738,0.0014836499777932963,0.9671543598175049,0.005587860010564327,0.06279151886701584,0.65
221,0.0017774867126718163,0.0011275073358168206,0.6499793509642283,0.010886331088840961,0.08275112509727478,0.5333333333333333
222,0.0016886648954823613,0.0010555330547504127,0.6331318219502767,0.008756705559790134,0.07790675014257431,0.55
223,0.0016161204470942418,0.0009499121961804728,0.6662082274754842,0.006381593644618988,0.06636186689138412,0.5333333333333333
224,0.001802812710714837,0.0010627246151367824,0.7400880773862203,0.008683658204972744,0.07637564837932587,0.6833333333333333
225,0.0019264975950742762,0.0012544445615882674,0.6720529754956563,0.007245111744850874,0.06863976269960403,0.65
226,0.0015997664149229726,0.0010192463174462318,0.5805200676123301,0.011685842648148537,0.0859527513384819,0.6666666666666666
227,0.0019346110057085752,0.001273388819148143,0.6612221479415894,0.011787941679358482,0.09047826379537582,0.55
228,0.0018521105172112583,0.001286621217150241,0.5654892722765604,0.006615650840103626,0.06837272644042969,0.6166666666666667
229,0.0016721645059684911,0.0011035986671534678,0.5685657997926076,0.009714748710393906,0.08147203922271729,0.6166666666666667
230,0.0017603066594650348,0.0011484570956478517,0.6118495345115662,0.01068203430622816,0.08235111087560654,0.5666666666666667
231,0.0017725259919340413,0.0011120266164653004,0.6604993462562561,0.009999635629355907,0.07949377596378326,0.5666666666666667
232,0.0016959936746085682,0.0010414576895224552,0.6545359412829082,0.01201636716723442,0.08892932534217834,0.6
233,0.0013150256204729279,0.0007828589218358199,0.5321666777133942,0.006910534575581551,0.06683143973350525,0.5166666666666667
234,0.0014442201238125563,0.0009196087058323126,0.5246113856633504,0.007479497231543064,0.06859482079744339,0.65
235,0.001587613532319665,0.0010372901218943299,0.5503233770529429,0.006835424341261387,0.06545477360486984,0.6166666666666667
236,0.0014864131342619657,0.0008891246630810201,0.597288449605306,0.011198954656720161,0.08512701094150543,0.55
237,0.0019849833799526094,0.0011291768673496942,0.8558064679304759,0.016540464013814926,0.10400805622339249,0.55
238,0.0021548641535143057,0.001296468897877882,0.858395230770111,0.009731526486575603,0.0813424214720726,0.55
239,0.002213696506805718,0.0012483581046884259,0.9653383453687032,0.009185126051306725,0.0769912376999855,0.5833333333333334
240,0.0019567561258251468,0.001084228476975113,0.8725276052951813,0.008512644097208977,0.07153692841529846,0.6166666666666667
241,0.0017770239928116402,0.0010317674023099244,0.7452565590540569,0.006233443506062031,0.061700835824012756,0.6333333333333333
242,0.001753623705978195,0.0010434706307326754,0.7101530313491822,0.011309470981359482,0.08418022096157074,0.6166666666666667
243,0.0015668148213687043,0.0009548729790064196,0.6119418283303578,0.00743026752024889,0.06934075802564621,0.55
244,0.0016022361814975739,0.0010121859998131792,0.5900501509507498,0.009891930967569351,0.08021019399166107,0.6166666666666667
245,0.0016279777667174737,0.001004411547910422,0.6235662162303924,0.011195397935807705,0.08440766483545303,0.6333333333333333
246,0.0020074182500441867,0.00136308332439512,0.6443349043528239,0.013671183958649635,0.09511319547891617,0.55
247,0.0021188982296735047,0.0014563718888287744,0.6625263253847758,0.010125887580215931,0.08149316161870956,0.6333333333333333
248,0.0020965843771894774,0.0013649691672374805,0.7316152115662893,0.010001984424889088,0.08100468665361404,0.55
249,0.0016937937354668975,0.0010238642687909305,0.6699294189612071,0.006743733771145344,0.0640360414981842,0.55
250,0.0015022687148302794,0.0009174400707706809,0.5848286072413127,0.008234228938817978,0.07715712487697601,0.6333333333333333
251,0.0014633552016069492,0.0009157411560105781,0.547614041964213,0.011776230297982693,0.08687830716371536,0.6333333333333333
252,0.0023738334498678644,0.0013858632883056998,0.9879701217015584,0.023673122748732567,0.12253911048173904,0.6333333333333333
253,0.0022633692094435292,0.0012700863143739602,0.9932828386624654,0.011888382956385612,0.09000460803508759,0.5333333333333333
254,0.002056122578990956,0.0011687490933885178,0.8873734692732493,0.0074928016401827335,0.06711938977241516,0.6166666666666667
255,0.0019322364746282498,0.0011210741630444923,0.811162281036377,0.010064561851322651,0.08081551641225815,0.6166666666666667
256,0.001660062240747114,0.0010062378093910714,0.653824386994044,0.0158193651586771,0.10520127415657043,0.5333333333333333
257,0.00183438075085481,0.0011486558243632317,0.6857248961925506,0.008306121453642845,0.0725879967212677,0.5
258,0.0021923249742637077,0.0012110931527179976,0.9812317848205566,0.005489927716553211,0.06047285720705986,0.55
259,0.002366948282967011,0.0013274052180349827,1.0395429889361063,0.009680463001132011,0.07764679938554764,0.6333333333333333
260,0.0018290567289416988,0.0010892497181581955,0.7398069938023885,0.010622711852192879,0.08229929953813553,0.6333333333333333
261,0.0017471151115993659,0.0010475638012091319,0.699551276365916,0.0047896928153932095,0.05739251524209976,0.6333333333333333
262,0.0017052268531794349,0.0010749111029629906,0.6303157051404317,0.01067427173256874,0.0825551375746727,0.65
263,0.0018983748663837711,0.0011716563875476518,0.7267184416453044,0.01407550647854805,0.09731528908014297,0.5333333333333333
264,0.0019648699012274544,0.001297200556534032,0.667669294277827,0.012309068813920021,0.09179878979921341,0.5
265,0.0017588486041252812,0.001126278273295611,0.6325702905654907,0.008172464556992054,0.074986033141613,0.65
266,0.0015729813215633233,0.001021394874745359,0.551586405436198,0.004951923154294491,0.057204604148864746,0.6333333333333333
267,0.001785429031588137,0.0011411246106338999,0.6443044245243073,0.006274753715842962,0.06569497287273407,0.6666666666666666
268,0.0016137068237488468,0.0010267103284907837,0.5869964838027955,0.005378970876336098,0.059071172028779984,0.6666666666666666
269,0.0017878631207471094,0.0010891515257147452,0.6987115780512492,0.008252494968473911,0.0724286362528801,0.5666666666666667
270,0.0016762956821670136,0.0010282654625674089,0.6480301876862844,0.012189943343400955,0.09077361971139908,0.4666666666666667
271,0.0015993524342775346,0.000962711979324619,0.6366404374440511,0.00528649240732193,0.05845733359456062,0.6333333333333333
272,0.001415786612778902,0.0008941333740949631,0.5216532250245413,0.014594447799026966,0.0969763845205307,0.5833333333333334
273,0.0013480007105196516,0.0008021146253061792,0.5458860437075297,0.007230617571622133,0.06865525990724564,0.5333333333333333
274,0.0013207906003420552,0.000816884213903298,0.5039063632488251,0.007460261229425669,0.06922270357608795,0.6166666666666667
275,0.0017392963326225677,0.0010839365422725677,0.6553597509860992,0.007044961676001549,0.06520238518714905,0.6333333333333333
276,0.001466710198049744,0.0009158704856721063,0.5508396764596303,0.010294580832123756,0.0810544565320015,0.55
277,0.0015049954100201527,0.0009395280814108749,0.5654673139254253,0.008508400060236454,0.07573069632053375,0.5
278,0.0016358417691662908,0.0009617649562035997,0.674076775709788,0.00897159893065691,0.07585678994655609,0.65
279,0.0015873066149652004,0.0009366275665039817,0.6506790161132813,0.009231450036168098,0.07733862102031708,0.4666666666666667
280,0.0015265695905933778,0.0008685901722249885,0.6579793930053711,0.009225615300238132,0.0769941508769989,0.6166666666666667
281,0.0015296556210766235,0.0008794597932137548,0.6501958052317302,0.009644969366490841,0.07726742327213287,0.5333333333333333
282,0.0016721886660282812,0.0009551101829856634,0.717078443368276,0.007183944806456566,0.06653017550706863,0.6166666666666667
283,0.001402716781012714,0.0008130268931078414,0.5896898686885834,0.005892166402190924,0.06457303464412689,0.6
284,0.0014436115355541308,0.0009076474816538393,0.5359640340010325,0.013476932421326637,0.0938587337732315,0.6
285,0.0017015796698008974,0.001132281400108089,0.569298255443573,0.01762760616838932,0.11368265002965927,0.5833333333333334
286,0.0017161757297193012,0.001077299991933008,0.638875691095988,0.008297029882669449,0.07378387451171875,0.5833333333333334
287,0.001711928363268574,0.0011501492505582671,0.5617790997028351,0.007285167463123798,0.0690721720457077,0.6
288,0.001854929025284946,0.0011709121832003196,0.6840167939662933,0.007090230472385883,0.06791363656520844,0.65
289,0.0016342766971016924,0.000994433908878515,0.6398427784442902,0.008410487323999405,0.07399214804172516,0.5833333333333334
290,0.0015401662870620687,0.0009094385352606575,0.630727744102478,0.0158831886947155,0.1019236296415329,0.5833333333333334
291,0.0016685766944040854,0.0009750625894715388,0.6935140748818716,0.007069663144648075,0.06669676303863525,0.5833333333333334
292,0.001808794727548957,0.0010458346999560793,0.7629600048065186,0.016342271119356155,0.10369143635034561,0.5666666666666667
293,0.0019482762319967151,0.0011691239352027575,0.779152266184489,0.007719335146248341,0.0698033794760704,0.6166666666666667
294,0.0020400463913877805,0.0013091671979054808,0.7308791677157084,0.007904060184955597,0.06681357324123383,0.5666666666666667
295,0.002149672845068077,0.0014336632913909853,0.7160095234711965,0.009297194890677929,0.07749143242835999,0.6166666666666667
296,0.0020844232446203628,0.0014206148800440133,0.6638083060582479,0.0143444137647748,0.09812511503696442,0.48333333333333334
297,0.0015450302977114915,0.0010056441416963935,0.539386143287023,0.009333642199635506,0.07792892307043076,0.55
298,0.0013946931265915433,0.0008614751820762952,0.5332179168860117,0.006559089757502079,0.0651094987988472,0.55
299,0.0013900198003587623,0.0008758922941827526,0.5141275028387705,0.006351510062813759,0.06319233030080795,0.6666666666666666
300,0.00144241377323245,0.0009193303762003779,0.5230833927790324,0.017202798277139664,0.11017404496669769,0.5166666666666667
301,0.0018635138714065155,0.0011852894094772637,0.6782244324684144,0.01304471306502819,0.09580054879188538,0.5666666666666667
302,0.0016256567323580384,0.0010628212437344094,0.5628354549407959,0.012314287014305592,0.09007192403078079,0.55
303,0.0015401874591285984,0.0009538073286724587,0.5863801022370656,0.010241823270916939,0.08415333181619644,0.55
304,0.001535201887600124,0.0009584791958332061,0.576722651720047,0.006881840527057648,0.06749513000249863,0.5833333333333334
305,0.0014678098649407426,0.0008951177432512243,0.5726920803387959,0.01099194772541523,0.08523716032505035,0.6166666666666667
306,0.0014454582085212072,0.0008788531452106933,0.5666050473848979,0.010941109620034695,0.0897989347577095,0.5666666666666667
307,0.0015626742038875817,0.0009295954213788111,0.6330787579218546,0.014626206830143929,0.09918083995580673,0.5666666666666667
308,0.0018608928425237537,0.0011651692640346786,0.695723541577657,0.009214797988533974,0.0785156860947609,0.55
309,0.0015997133838633697,0.0010373734597427149,0.5623399039109548,0.00583749171346426,0.06209784001111984,0.6333333333333333
310,0.0016818700513492027,0.0010814793912383416,0.6003906230131785,0.011348512023687363,0.08630803972482681,0.5666666666666667
311,0.001555299044897159,0.0010111465118825436,0.5441525181134542,0.009332848712801933,0.07772723585367203,0.5666666666666667
312,0.0018406572208429376,0.0011316719270932178,0.7089852650960287,0.008376341313123703,0.07279275357723236,0.48333333333333334
313,0.0016305468666056792,0.0010026768587219218,0.627869975566864,0.007533329073339701,0.069815993309021,0.65
314,0.0015052315235758822,0.0009532976274689039,0.5519338846206665,0.012079624459147453,0.08945529907941818,0.5166666666666667
315,0.001327278558164835,0.0007890294422395527,0.5382490962743759,0.009226473979651928,0.07917650789022446,0.5333333333333333
316,0.0014620906518151362,0.0008483949194972713,0.6136956850687663,0.007309993263334036,0.06970621645450592,0.6333333333333333
317,0.0015151670668274164,0.0009000321112883588,0.6151349385579427,0.00549026345834136,0.06056863069534302,0.5333333333333333
318,0.0014052831179772814,0.0008548373550487061,0.5504457374413808,0.005664765369147062,0.06025444716215134,0.6333333333333333
319,0.001574464685594042,0.0010033161418202023,0.57114852865537,0.0071451724506914616,0.06946215033531189,0.5
320,0.0013575700422128042,0.000835226965136826,0.5223430414994558,0.009096859022974968,0.07591168582439423,0.6
321,0.0013494172133505344,0.0008240805938839913,0.5253365973631541,0.006941278465092182,0.07013292610645294,0.48333333333333334
322,0.0016155211022123694,0.0009182598946305613,0.6972611665725708,0.011276531964540482,0.08512771874666214,0.6
323,0.00158543282498916,0.0009813836581694583,0.6040491322676341,0.010423723608255386,0.08699454367160797,0.5666666666666667
324,0.0018924352480098605,0.0010653432691469789,0.827091920375824,0.013669747859239578,0.09775273501873016,0.5
325,0.0015965979856749377,0.0009560874081216752,0.6405105451742809,0.009241585619747639,0.07706158608198166,0.6166666666666667
326,0.0015236886062969764,0.0009485069662332535,0.5751816213130951,0.008175878785550594,0.07436228543519974,0.6
327,0.0013450697607671222,0.0008835139529158671,0.46155579487482706,0.007354049012064934,0.07112710922956467,0.5666666666666667
328,0.0014951063863312204,0.000855199748184532,0.6399066050847372,0.009975290857255459,0.08211120963096619,0.5166666666666667
329,0.0015783432638272644,0.0009357866986344258,0.6425565302371978,0.00710673863068223,0.06863284856081009,0.65
330,0.0014972972916439176,0.0008396122177752356,0.6576850652694702,0.006946560926735401,0.06596564501523972,0.6666666666666666
331,0.0014190508751198649,0.0008728183534306784,0.5462325056393941,0.007222556509077549,0.06769894808530807,0.6333333333333333
332,0.0014197050283352535,0.000860523316077888,0.5591816822687785,0.008814350701868534,0.07481837272644043,0.5666666666666667
333,0.0017134240052352348,0.0009200519688117007,0.7933720072110494,0.011468370445072651,0.085343137383461,0.6166666666666667
334,0.0017630793969146906,0.0009929340487966935,0.7701453268527985,0.01138000376522541,0.08706030994653702,0.55
335,0.001585397900392612,0.0010040132910944521,0.5813845833142598,0.010576266795396805,0.08300742506980896,0.55
336,0.001439276655825476,0.0009505453635938466,0.4887312948703766,0.007015437353402376,0.06676649302244186,0.6333333333333333
337,0.0017308857524767518,0.0010654554275485377,0.6654302974541982,0.006826275493949652,0.06736376881599426,0.5666666666666667
338,0.0016006617108359933,0.0009781704129030308,0.6224912762641907,0.00613344507291913,0.06272787600755692,0.6333333333333333
339,0.001597224463087817,0.0009359371266327799,0.6612873117129008,0.012254451401531696,0.09027836471796036,0.5833333333333334
340,0.0013863165397197009,0.000825427360056589,0.5608891606330871,0.007291495334357023,0.06963687390089035,0.6
341,0.0015028903648878138,0.0008432779888001581,0.6596123456954956,0.00880349613726139,0.07519673556089401,0.6
342,0.0017496832879260182,0.0009877264616079628,0.7619568010171255,0.007954789325594902,0.07250671088695526,0.5166666666666667
343,0.0014500497452293833,0.0008387698403870066,0.6112798849741617,0.011000948958098888,0.08066506683826447,0.5666666666666667
344,0.0014380892273038626,0.000811685947701335,0.6264032443364461,0.009461205452680588,0.08052952587604523,0.55
345,0.0011762886385743817,0.0007008520032589634,0.4754366119702657,0.013670873828232288,0.09611622244119644,0.6333333333333333
346,0.0014935397698233525,0.0009493714470105867,0.5441683014233907,0.00936905201524496,0.07835961133241653,0.5666666666666667
347,0.001756731296579043,0.001067685541541626,0.6890457232793172,0.012916424311697483,0.08799757808446884,0.6
348,0.001379437193584939,0.0008115913718938827,0.5678457955519358,0.007315966300666332,0.06871487945318222,0.6333333333333333
349,0.0017094775025422375,0.0011395914557700356,0.5698860208193461,0.01154873427003622,0.08290686458349228,0.6
350,0.0015470488307376704,0.0008997738982240359,0.647274915377299,0.009816685691475868,0.08028937131166458,0.5166666666666667
351,0.0015619870508089661,0.0008676670181254546,0.6943199833234152,0.009520052932202816,0.0784570723772049,0.65
352,0.0018630441355829439,0.0010086404741741716,0.8544036030769349,0.010211791843175888,0.08036519587039948,0.55
353,0.0015489866724237799,0.0008690859385145207,0.6799007018407186,0.012973212637007236,0.09358001500368118,0.5333333333333333
354,0.0016431987828885515,0.0009094483684748411,0.7337503850460052,0.00784395169466734,0.07211413234472275,0.5
355,0.001993341223957638,0.0011097132577560843,0.8836279074350993,0.014644137583673,0.10116812586784363,0.4666666666666667
356,0.0019137571177755793,0.0011764079060715934,0.7373491664727528,0.006020369939506054,0.06330476701259613,0.6
357,0.001693649652103583,0.0010163636839327713,0.6772859414418538,0.006889112293720245,0.07120896875858307,0.6
358,0.0021468474607293803,0.0011824783481036623,0.9643690824508667,0.007469499949365854,0.06988878548145294,0.6
359,0.0016208092371622722,0.0009240660932846367,0.6967430770397186,0.008571315556764603,0.07372421771287918,0.55
360,0.0016328967021157345,0.0009557402071853478,0.6771564602851867,0.008540993556380272,0.07513141632080078,0.5833333333333334
361,0.001641271876481672,0.001006218100277086,0.6350537260373433,0.008434673771262169,0.07317794859409332,0.5333333333333333
362,0.0012326470498616497,0.0007580476813018322,0.4745993415514628,0.011506189592182636,0.08678413182497025,0.5833333333333334
363,0.0012052914476953446,0.000727951592610528,0.4773398498694102,0.011373817920684814,0.08504153788089752,0.5666666666666667
364,0.0013067562831565738,0.000795041808548073,0.5117144644260406,0.012612677179276943,0.09169933944940567,0.5833333333333334
365,0.001605607553695639,0.0009645447484217584,0.6410627365112305,0.009321738965809345,0.07710935920476913,0.55
366,0.001593167334794998,0.0009490719297900796,0.6440953493118287,0.01172082219272852,0.0860830694437027,0.65
367,0.0016428759942452114,0.0010406928796631596,0.6021830817063649,0.011933757923543453,0.08941340446472168,0.5833333333333334
368,0.0012533074477687478,0.0007855176227167249,0.4677898148695628,0.007937805727124214,0.07582543045282364,0.5333333333333333
369,0.0012431884844166538,0.0007435067634408673,0.49968167940775554,0.016175221651792526,0.10652124136686325,0.55
370,0.0016233635678266486,0.0010213074701217314,0.6020560721556346,0.010147539898753166,0.0796176940202713,0.5333333333333333
371,0.001441437293154498,0.0009156927466392517,0.5257445017496745,0.010846156626939774,0.08218131959438324,0.6
372,0.0011983714842547972,0.000769037016046544,0.4293344517548879,0.007726439740508795,0.0693989098072052,0.5833333333333334
373,0.0013130302618568142,0.000804931647144258,0.5080985784530639,0.014036214910447598,0.09341808408498764,0.5833333333333334
374,0.001419181974294285,0.0008774002121451001,0.5417817274729411,0.007319374475628138,0.07030059397220612,0.65
375,0.0013721213132763903,0.0008334504750867684,0.5386708199977874,0.011246711015701294,0.0835249051451683,0.6166666666666667
376,0.001169635778448234,0.0006914650788530707,0.4781706968943278,0.014069611206650734,0.09431333839893341,0.6
377,0.0012493189657106995,0.0007573478195505838,0.49197112520535785,0.010057671926915646,0.08179029077291489,0.6
378,0.001510832264708976,0.0009586261003278196,0.5522061189015707,0.012075543403625488,0.0886072963476181,0.5166666666666667
379,0.0013538616864631574,0.000851554850426813,0.5023068110148112,0.0060147796757519245,0.06234661489725113,0.5666666666666667
380,0.0011481123821189007,0.000680385687155649,0.4677266796429952,0.008566683158278465,0.07536237686872482,0.5
381,0.0012898701863984267,0.000726416086157163,0.5634540796279908,0.009103724732995033,0.07848207652568817,0.55
382,0.0013102569694941242,0.0007922587644619246,0.5179981668790181,0.0058830068446695805,0.06205940619111061,0.55
383,0.0013130909220005075,0.0007819749414920806,0.5311159372329712,0.011725795455276966,0.08712434768676758,0.6333333333333333
384,0.0012953544734045862,0.0008469344271967808,0.4484200040499369,0.009325516410171986,0.07687631249427795,0.55
385,0.0015616155578754842,0.001109990073988835,0.4516254683335622,0.007074141409248114,0.06898058950901031,0.6
386,0.0013860565765450399,0.0008965255110524595,0.48953104416529336,0.0087704723700881,0.07169348746538162,0.6166666666666667
387,0.0012514991026061277,0.0007839991478249431,0.46749992072582247,0.01125127449631691,0.08462417125701904,0.48333333333333334
388,0.0011587187880650162,0.0007033156929537654,0.4554030696551005,0.007216529455035925,0.06662822514772415,0.6
389,0.0012742441496811808,0.0008083158483107885,0.4659282962481181,0.01639573834836483,0.10151617228984833,0.5166666666666667
390,0.0012177757530783613,0.0007236228440888226,0.49415287574132283,0.011912978254258633,0.08508087694644928,0.4666666666666667
391,0.0016395106135557095,0.0009032087710996469,0.7363018274307251,0.013910696841776371,0.0979200080037117,0.5666666666666667
392,0.0016263380879536272,0.0010335820882270733,0.5927559753259023,0.010158616118133068,0.0794832855463028,0.6166666666666667
393,0.0015017873491160571,0.0009278967510908843,0.5738905568917593,0.010084006004035473,0.08258135616779327,0.48333333333333334
394,0.0013846857706084847,0.0008531314825328688,0.5315542717774709,0.009704191237688065,0.07912786304950714,0.5166666666666667
395,0.0013300834456458689,0.0007471008497911195,0.5829825639724732,0.00784181896597147,0.06975440680980682,0.5666666666666667
396,0.0013237186629946032,0.000796386207609127,0.5273324390252431,0.012570765800774097,0.09168670326471329,0.48333333333333334
397,0.0015032332312936584,0.0009016071174604198,0.6016260822614033,0.011043206788599491,0.08925793319940567,0.5
398,0.002080239448696375,0.001191958940277497,0.888280435403188,0.013609149493277073,0.09096169471740723,0.5833333333333334
399,0.0018318221205845474,0.001063064633247753,0.7687574565410614,0.009694191627204418,0.07704313099384308,0.5833333333333334
400,0.001212230313103646,0.0007217367024471362,0.4904935856660207,0.009720554575324059,0.08172276616096497,0.6
401,0.0012575052678585052,0.000712302561926966,0.5452026704947154,0.010561027564108372,0.0822075754404068,0.5
402,0.0012120080723737677,0.0007402064977213741,0.47180156310399374,0.009959741495549679,0.08172141760587692,0.5833333333333334
403,0.0011400101512360076,0.0007296252219627301,0.41038489739100137,0.008126876316964626,0.07374780625104904,0.6
404,0.001272866343303273,0.0007473501920079191,0.5255161345005035,0.02256094478070736,0.11275536566972733,0.6333333333333333
405,0.0012205277880032858,0.0007450623825813334,0.4754653871059418,0.005895854439586401,0.06240202859044075,0.55
406,0.001282445543135206,0.000746762368362397,0.5356831351915995,0.012367191724479198,0.08752604573965073,0.65
407,0.0012455973230923215,0.0007332207169383764,0.5123765985171,0.006173023488372564,0.06293153017759323,0.5833333333333334
408,0.001136970124207437,0.0006777192136117568,0.4592508931954702,0.014376569539308548,0.09671764075756073,0.5333333333333333
409,0.001525105186738074,0.001016610616352409,0.5084945619106293,0.009727533906698227,0.08039626479148865,0.5666666666666667
410,0.001211961676987509,0.000764373744217058,0.4475879192352295,0.010297548025846481,0.08247888833284378,0.6666666666666666
411,0.0014371397051339348,0.00088564099278301,0.5514986534913381,0.006734853610396385,0.06491753458976746,0.65
412,0.0012517835518034797,0.0007552588746572534,0.49652464787165324,0.00785010401159525,0.07246993482112885,0.5666666666666667
413,0.0012582062277942895,0.0007547243187824885,0.5034818867842357,0.01270931027829647,0.09245145320892334,0.5833333333333334
414,0.0013476396988456448,0.0008047831205961604,0.5428565601507823,0.011188625358045101,0.0833040401339531,0.5833333333333334
415,0.0012094530121733746,0.0007059385806011657,0.503514415025711,0.0136767802760005,0.09340012818574905,0.6166666666666667
416,0.001271000054354469,0.0007442442234605551,0.5267557998498281,0.018051207065582275,0.10935793071985245,0.5666666666666667
417,0.0012964137674619754,0.0007654584420379251,0.530955308675766,0.008603504858911037,0.07487253099679947,0.6333333333333333
418,0.0013605724787339568,0.0008198857152213653,0.5406867484251658,0.01673778146505356,0.10190825909376144,0.5333333333333333
419,0.0013529908532897632,0.0008144341525621712,0.5385566592216492,0.007562980987131596,0.06893694400787354,0.5666666666666667
420,0.0012818628378833334,0.0007932487487172087,0.4886140505472819,0.009528006426990032,0.07705969363451004,0.5666666666666667
421,0.0012970757593090336,0.0007583608462785681,0.5387148956457773,0.008362511172890663,0.07524245232343674,0.5166666666666667
422,0.0010590290068648756,0.000620796966056029,0.43823201457659405,0.010820007883012295,0.08253198117017746,0.5666666666666667
423,0.0012811392700920502,0.0007550767855718732,0.5260624647140503,0.006472627632319927,0.0648505762219429,0.5166666666666667
424,0.0014025451305011909,0.0008469065884128213,0.5556385139624278,0.007455254904925823,0.06919372826814651,0.55
425,0.001785236573778093,0.0010765361522013942,0.7087003866831462,0.007932905107736588,0.06892193853855133,0.6
426,0.0017841297977914414,0.0010811203780273597,0.7030094146728516,0.009340456686913967,0.07959357649087906,0.5
427,0.0013791025305787722,0.0008469397861820956,0.5321627080440521,0.01000615768134594,0.08025947213172913,0.55
428,0.0012922504645151397,0.0007958056405186654,0.49644479552904763,0.010950346477329731,0.08231194317340851,0.5333333333333333
429,0.0014610206165040533,0.0009300585874977211,0.5309620062510173,0.00560795608907938,0.06111828237771988,0.6
430,0.001302053383551538,0.0007658339144351582,0.5362194339434306,0.0065396567806601524,0.06556487828493118,0.6166666666666667
431,0.0012788834205518167,0.0007742841844446957,0.5045992116133372,0.005539895500987768,0.06134732812643051,0.48333333333333334
432,0.0013729369229016205,0.0008108245480495194,0.5621123413244883,0.005674255546182394,0.058531470596790314,0.6166666666666667
433,0.001130487894018491,0.000681246859797587,0.44924100637435915,0.009006815031170845,0.07724793255329132,0.5166666666666667
434,0.001117498780755947,0.0006715841280917327,0.4459146281083425,0.012483363971114159,0.08980198949575424,0.5666666666666667
435,0.0014930104293550055,0.0008641258464194834,0.6288845499356588,0.02464619278907776,0.12815508246421814,0.48333333333333334
436,0.0015322976280003787,0.000918035515739272,0.6142620960871379,0.010339840315282345,0.08013394474983215,0.6333333333333333
437,0.0011802407214418053,0.0007093531448238839,0.4708875556786855,0.011190501041710377,0.08779773116111755,0.5166666666666667
438,0.0013688752582917611,0.0008175273581097523,0.5513478716214498,0.010061768814921379,0.0794273391366005,0.5166666666666667
439,0.0015484062877173224,0.0008744950018202265,0.6739112496376037,0.012021167203783989,0.0860428735613823,0.55
440,0.0012883555182876686,0.0007725771982222795,0.5157782812913259,0.012088607996702194,0.08507853001356125,0.5666666666666667
441,0.0013649828460377952,0.0007593109893302123,0.6056718051433563,0.016134241595864296,0.10148797929286957,0.4666666666666667
442,0.0011452986548344294,0.0006921350994768242,0.45316352844238283,0.012246999889612198,0.08896167576313019,0.55
443,0.0009648787012944619,0.0006126640713773668,0.35221460660298665,0.013192337937653065,0.08905923366546631,0.5666666666666667
444,0.0011591836460866033,0.0007592968836737175,0.3998867392539978,0.014911680482327938,0.10095489025115967,0.55
445,0.0011385224953604242,0.0007215709774754941,0.4169515093167623,0.009883765131235123,0.07881290465593338,0.6
446,0.0011607488306860129,0.000736931695913275,0.4238171319166819,0.007895326241850853,0.07541105151176453,0.38333333333333336
447,0.0014437573806693157,0.0009401875858505566,0.5035697658856709,0.011089527048170567,0.08460880815982819,0.5833333333333334
448,0.0013187439258520802,0.0007709026879941424,0.54784121910731,0.018717287108302116,0.10840865224599838,0.5333333333333333
449,0.0011314684408716858,0.0006666380912065506,0.46483032902081806,0.006720769219100475,0.06797507405281067,0.5833333333333334
450,0.001058277968938152,0.000650468555977568,0.4078094005584717,0.012659807689487934,0.08994905650615692,0.5166666666666667
451,0.0011631292096960049,0.0006848037844368567,0.47832542657852173,0.00700866524130106,0.06904329359531403,0.5666666666666667
452,0.0012019131138610343,0.0007110770403717955,0.4908360520998637,0.010621265508234501,0.08112459629774094,0.5333333333333333
453,0.0011008189564260344,0.0006782263789015512,0.4225925624370575,0.007555441930890083,0.06981920450925827,0.6
454,0.0010228002715545396,0.0005653245976039519,0.45747564832369486,0.009927916340529919,0.07911359518766403,0.6
455,0.001265836274251342,0.0007238602808987101,0.5419759611288707,0.007619267795234919,0.06895746290683746,0.6
456,0.001079833732607464,0.0006812988469998042,0.39853485226631163,0.008912432007491589,0.07474341988563538,0.5666666666666667
457,0.0009911682650757332,0.0006254192810350408,0.36574897170066833,0.006556824315339327,0.06634761393070221,0.5
458,0.0011890821120080848,0.0007062960280260692,0.48278604944547016,0.007157152518630028,0.0684875100851059,0.5833333333333334
459,0.0013163368683308363,0.0008173337710710864,0.49900306860605875,0.007057760376483202,0.06829161196947098,0.6166666666666667
460,0.0011964791415569683,0.0006796985069134583,0.5167806088924408,0.010251478292047977,0.08204811066389084,0.5
461,0.0011725817147331932,0.00071562904631719,0.45695265134175617,0.006159479264169931,0.06339552253484726,0.55
462,0.0014457480904335777,0.0008736220731710394,0.5721259971459707,0.006236713845282793,0.06130154803395271,0.5333333333333333
463,0.0017157186598827441,0.0010070052424756188,0.7087133864561717,0.005432104226201773,0.06222069635987282,0.5166666666666667
464,0.0015288771828636527,0.0008533760090358555,0.675501141945521,0.010874529369175434,0.08114970475435257,0.48333333333333334
465,0.0014162918319925665,0.0008141726915103694,0.6021191120147705,0.006987997330725193,0.06903503090143204,0.5166666666666667
466,0.0014243979783107837,0.0007731520260373751,0.651245923837026,0.005462980363518,0.05809617042541504,0.55
467,0.001398280169814825,0.00086435319778199,0.533926949898402,0.008907336741685867,0.07395485788583755,0.5333333333333333
468,0.0014712872759749492,0.0009085478338723382,0.5627394417921702,0.0069689396768808365,0.06714699417352676,0.5666666666666667
469,0.0015184459276497363,0.0009202514193020761,0.5981944799423218,0.0068415384739637375,0.06537486612796783,0.6166666666666667
470,0.0010671307565644384,0.0006429685628972948,0.4241621692975362,0.009651214815676212,0.08358804881572723,0.4666666666666667
471,0.0010664155512737732,0.0006491646209421258,0.417250923315684,0.0069403275847435,0.06755401194095612,0.6
472,0.0010902354842983186,0.0006645668375616273,0.42566862106323244,0.008503991179168224,0.07407478243112564,0.5333333333333333
473,0.001170166985442241,0.0007386803704624374,0.4314865966637929,0.005595570895820856,0.062510646879673,0.6166666666666667
474,0.0011534870214139421,0.0007046173055035372,0.44886969129244486,0.012326598167419434,0.09035076200962067,0.5166666666666667
475,0.0012272313508825997,0.000768820095496873,0.4584112544854482,0.0078111314214766026,0.07007106393575668,0.5666666666666667
476,0.0016169547646616895,0.0009870483539998532,0.6299063543478648,0.012630967423319817,0.09004057943820953,0.5333333333333333
477,0.0017492120464642842,0.0010737547146466872,0.6754572828610738,0.007327722851186991,0.06959758698940277,0.5833333333333334
478,0.0016693726492424807,0.0010125698754563928,0.656802749633789,0.007545419968664646,0.06934192031621933,0.5666666666666667
479,0.001193152426276356,0.0007236120291054249,0.46954038739204407,0.00911595020443201,0.07462944835424423,0.55
480,0.001206753480558594,0.0007124458187414954,0.49430763721466064,0.011047269217669964,0.08468843996524811,0.5666666666666667
481,0.0012130696792155503,0.0006516158095716189,0.5614538371562958,0.006550782825797796,0.06406163424253464,0.5333333333333333
482,0.0017529559942583244,0.0009534761309623718,0.7994798143704732,0.005358539056032896,0.05930645391345024,0.6333333333333333
483,0.0015925756966074307,0.0009149787714704871,0.6775968710581461,0.0076781511306762695,0.06944359093904495,0.5333333333333333
484,0.0013629744217420617,0.0008475542068481446,0.5154201984405518,0.013007668778300285,0.09197764098644257,0.65
485,0.0013691981478283803,0.0008119301715244849,0.5572679460048675,0.005938251968473196,0.06090601533651352,0.65
486,0.0013776650458263854,0.0008073481498286128,0.570316872994105,0.008030078373849392,0.07185156643390656,0.5666666666666667
487,0.0013015934731811286,0.0007579650458258887,0.5436284124851227,0.012153537012636662,0.09057918190956116,0.6166666666666667
488,0.0011200149698803823,0.0006578653720983614,0.4621495763460795,0.006041972432285547,0.06346796452999115,0.5166666666666667
489,0.001173636255164941,0.0007095534005202353,0.46408281723658246,0.013669637031853199,0.09335864335298538,0.6333333333333333
490,0.0011164214073990783,0.0006984170099409918,0.4180043538411458,0.013500437140464783,0.08987478166818619,0.5333333333333333
491,0.0013659906030322115,0.0008275969225602846,0.5383936603864033,0.007636174559593201,0.07051130384206772,0.55
492,0.0013400335175295672,0.0008352398833570381,0.5047936042149862,0.012076064012944698,0.08930858969688416,0.5166666666666667
493,0.001223163524021705,0.0007524207195577522,0.47074277798334757,0.015567272901535034,0.09842932969331741,0.55
494,0.001323686974744002,0.0008079867693595588,0.5157001773516338,0.007608925458043814,0.0723099559545517,0.5333333333333333
495,0.0011028379628745218,0.0006558979473387202,0.44694000482559204,0.011381445452570915,0.08557211607694626,0.65
496,0.0012280442169867456,0.0007227310134718816,0.5053131878376007,0.008471225388348103,0.0769628956913948,0.4666666666666667
497,0.001166345551609993,0.0007265924165646235,0.439753117163976,0.017762644216418266,0.11045537143945694,0.5333333333333333
498,0.0011834248667582869,0.0007148506585508585,0.4685741762320201,0.003954594489187002,0.05018962174654007,0.6333333333333333
499,0.0013289084852052232,0.0008361336231852572,0.4927748441696167,0.01030011847615242,0.08135798573493958,0.55
500,0.0012934065501516063,0.0007950199729142089,0.4983865658442179,0.017148373648524284,0.10253539681434631,0.5833333333333334
