epoch,train_loss,mse_loss,trend_loss,val_mse,val_mae,val_trend_acc
0,0.16190310940146446,0.14255293930570284,19.350167147318523,0.03473712131381035,0.1435738354921341,0.375
1,0.022857084373633065,0.01742526705687245,5.431816736857097,0.02351769246160984,0.11645566672086716,0.5208333333333334
2,0.009985114044199387,0.0067086177334810294,3.27649614016215,0.010649614967405796,0.07414024323225021,0.5208333333333334
3,0.006852998025715351,0.004262638045474887,2.5903598705927533,0.005897162482142448,0.05871550366282463,0.5416666666666666
4,0.004716844810172915,0.002933242218568921,1.783602507909139,0.00537099177017808,0.05641583353281021,0.4166666666666667
5,0.003802111108476917,0.0023545437996896606,1.4475672086079916,0.003867784049361944,0.04646613076329231,0.5
6,0.0033927118095258874,0.0020868640548239153,1.3058476845423381,0.0036598294973373413,0.0452398806810379,0.6041666666666666
7,0.0030422580738862356,0.0018071523789937296,1.235105609893799,0.0035345100332051516,0.04325752705335617,0.5833333333333334
8,0.003130991384387016,0.0017985111335292459,1.3324801206588746,0.0027920922730118036,0.03822853043675423,0.625
9,0.0028732523942987124,0.0016465490761523446,1.2267032583554587,0.0031898522283881903,0.04202990606427193,0.5833333333333334
10,0.0027367728374277553,0.0015811536693945527,1.1556190888086955,0.0027651062700897455,0.03807409107685089,0.5208333333333334
11,0.002756272597859303,0.0015457798183585207,1.210492690404256,0.002281513763591647,0.03560233861207962,0.5416666666666666
12,0.002671649322534601,0.0015400457739209136,1.131603519121806,0.0023139158729463816,0.03632064908742905,0.5
13,0.0025837763988723356,0.0014199654338881373,1.163810924688975,0.002318036975339055,0.036038391292095184,0.625
14,0.002485113109772404,0.001379724956738452,1.1053881247838337,0.0019120801007375121,0.034418292343616486,0.5208333333333334
15,0.0027433190339555343,0.0014236713449160257,1.3196476697921753,0.002100045792758465,0.035072628408670425,0.5208333333333334
16,0.0026997874568526945,0.001456833192302535,1.2429541985193888,0.002378287259489298,0.035478174686431885,0.5
17,0.0025422994513064623,0.001428277778904885,1.114021607240041,0.0018454386154189706,0.03280169144272804,0.4791666666666667
18,0.002694807442215582,0.0014110249622414509,1.283782422542572,0.002574593760073185,0.036817166954278946,0.375
19,0.002460377663373947,0.0014027083525434136,1.0576693018277485,0.001928475103341043,0.03316064178943634,0.5833333333333334
20,0.002618524447704355,0.001402783355054756,1.2157410224278768,0.0022860104218125343,0.03390521928668022,0.5625
21,0.0023853265913203357,0.0013022775179706513,1.0830490589141846,0.001818573335185647,0.032175399363040924,0.5208333333333334
22,0.00252053183503449,0.001327842966808627,1.192688798904419,0.001768695772625506,0.031312983483076096,0.625
23,0.0024562325639029344,0.0013856175200392803,1.0706149697303773,0.002173782093450427,0.03262406960129738,0.6041666666666666
24,0.0024714987725019456,0.0013078601759237548,1.1636385321617126,0.0020637684501707554,0.03528645262122154,0.4583333333333333
25,0.0028513457858935,0.0014044193900190293,1.4469263037045796,0.0020502053666859865,0.033890727907419205,0.5416666666666666
26,0.0030077576249216992,0.0014459470597406228,1.5618105332056682,0.002207560930401087,0.037212733179330826,0.4583333333333333
27,0.0029411097367604572,0.0014755201293155551,1.4655895789464315,0.002001100918278098,0.03222648426890373,0.6041666666666666
28,0.002442789201935132,0.0013220883362616103,1.1207007845242818,0.002262260066345334,0.03507790341973305,0.5833333333333334
29,0.0029288150059680143,0.0014800692209973932,1.4487457434336344,0.001907688332721591,0.03507666662335396,0.4375
30,0.0029382433587064345,0.0014738878778492411,1.4643553574879964,0.0016478606266900897,0.03012661077082157,0.5208333333333334
31,0.0024127656516308585,0.001222627373257031,1.1901382565498353,0.0015376029768958688,0.030205829069018364,0.5416666666666666
32,0.002406720941265424,0.0012640169550043841,1.142703890800476,0.0015949567314237356,0.030004732310771942,0.5
33,0.0020940537797287107,0.0011757022235542535,0.9183515350023905,0.0017424284014850855,0.03093266487121582,0.4375
34,0.0022553227841854095,0.0012226557785955567,1.0326669534047446,0.002333936281502247,0.03718356415629387,0.4375
35,0.0030198263625303905,0.001536608871538192,1.483217446009318,0.0017599827842786908,0.03228364512324333,0.6666666666666666
36,0.002659402306502064,0.0014053026175436874,1.254099682966868,0.0019322327570989728,0.032770346850156784,0.5833333333333334
37,0.002339684031903744,0.001247605204116553,1.0920787851015727,0.0015336449723690748,0.02891717478632927,0.4791666666666667
38,0.0020864248741418122,0.001127181388437748,0.959243388970693,0.001631187624298036,0.029284605756402016,0.5
39,0.002111918075631062,0.0011287278262898325,0.9831902345021566,0.0018589923856779933,0.03300842270255089,0.6458333333333334
40,0.002963089616969228,0.0014306306528548399,1.5324588855107626,0.0016455177683383226,0.03170536085963249,0.4166666666666667
41,0.0026531593408435582,0.0013919339942124983,1.2612252831459045,0.001860197982750833,0.03077222779393196,0.6041666666666666
42,0.0029344924725592135,0.0013964310404844583,1.5380613565444947,0.0017669270746409893,0.03018125332891941,0.6458333333333334
43,0.0024386604083701966,0.0012436192599125206,1.1950411121050517,0.001627231016755104,0.03266819193959236,0.4791666666666667
44,0.0023669616940120855,0.001290189711532245,1.0767719626426697,0.00155925122089684,0.029633862897753716,0.6041666666666666
45,0.002769987362747391,0.0013692325679585337,1.400754729906718,0.0020370956044644117,0.03707854449748993,0.4375
46,0.0026523246817911667,0.001387683841555069,1.2646407643953959,0.00252895662561059,0.03973032534122467,0.5
47,0.0028869482999046643,0.0014047812476443748,1.4821669697761535,0.0015724063850939274,0.029910171404480934,0.5
48,0.0022588029659042757,0.0012207755314496656,1.0380273699760436,0.0014281366020441055,0.02757265418767929,0.625
49,0.002217775668638448,0.0012141086626797915,1.0036669492721557,0.001956337131559849,0.03295455127954483,0.4583333333333333
50,0.0025365949297944707,0.001281317447622617,1.255277434984843,0.0021368323359638453,0.036956023424863815,0.3541666666666667
51,0.0027248287107795475,0.0012440908971863489,1.4807377258936565,0.0018543697660788894,0.03206591308116913,0.3125
52,0.0029157232803603012,0.0014181852107867598,1.4975379784901937,0.0018938349094241858,0.03028249181807041,0.5625
53,0.002576399447085957,0.0012715874162192145,1.304811958471934,0.001991401892155409,0.036243271082639694,0.625
54,0.002366741195631524,0.0011940409972642859,1.1727001349131265,0.0015726371202617884,0.027909398078918457,0.625
55,0.002152741568473478,0.0011598685872741044,0.9928729176521301,0.0020040369126945734,0.036782216280698776,0.6666666666666666
56,0.0027345775393769144,0.0014876261508713167,1.2469512979189554,0.002352817915380001,0.03593353554606438,0.3125
57,0.0022468171160047253,0.0012056915438733995,1.0411255478858947,0.002375984098762274,0.039732787758111954,0.3541666666666667
58,0.002718569121013085,0.0013513233008173606,1.3672457456588745,0.0019129554275423288,0.03465467691421509,0.6458333333333334
59,0.002514163109784325,0.001359235002504041,1.1549280603726706,0.0018704099347814918,0.033707838505506516,0.5208333333333334
60,0.002372869725028674,0.001284363706751416,1.088505987326304,0.0017310763942077756,0.032259389758110046,0.5
61,0.0027333940224101147,0.001352524955291301,1.3808689912160237,0.0019915832672268152,0.03488100320100784,0.4583333333333333
62,0.0026086186524480583,0.0012879351968877017,1.3206833958625794,0.0021987706422805786,0.03393173590302467,0.5208333333333334
63,0.0025000101110587516,0.0014370205346494914,1.062989556789398,0.0028543102089315653,0.03816800191998482,0.5
64,0.0027374854078516366,0.0016022080788388848,1.135277227560679,0.0014415440382435918,0.027035050094127655,0.4791666666666667
65,0.0020262609934434293,0.0010954078713742395,0.9308530569076539,0.0018539346056059003,0.034577615559101105,0.5416666666666666
66,0.0028648745889465013,0.0014604489086195826,1.4044256448745727,0.0029531593900173903,0.04142637923359871,0.375
67,0.002764334661575655,0.001424554300804933,1.3397803068161012,0.0019341654842719436,0.03487565740942955,0.3958333333333333
68,0.0027764399535954,0.0015006288265188535,1.2758110523223878,0.0022177465725690126,0.035700853914022446,0.5
69,0.0024860128294676544,0.0013833535718731581,1.1026592334111531,0.0016612971667200327,0.030924947932362556,0.5416666666666666
70,0.002185639785602689,0.0011777519364841282,1.0078878005345662,0.002021217253059149,0.034845661371946335,0.375
71,0.002454871699834863,0.0013379615382291376,1.1169100443522135,0.0014958865940570831,0.028521239757537842,0.375
72,0.0020258084094772737,0.001111659174785018,0.9141491770744323,0.001742818276397884,0.03176794946193695,0.3541666666666667
73,0.0028537519508972766,0.0014347370519923667,1.4190147956212362,0.0025693546049296856,0.04021388292312622,0.4166666666666667
74,0.003219370978573958,0.0014992497900190452,1.7201210975646972,0.002283966401591897,0.03629264980554581,0.4583333333333333
75,0.0025659061735495924,0.0012490750717309613,1.3168310284614564,0.0019098978955298662,0.03337632119655609,0.4375
76,0.0019643784423048296,0.0010380229602257411,0.9263554135958354,0.0015650695422664285,0.02799898572266102,0.5
77,0.0020480110387628278,0.0010609790372351805,0.9870319366455078,0.0018356074579060078,0.03282508999109268,0.625
78,0.0028050515335053205,0.0014151208568364381,1.3899306058883667,0.0016404855996370316,0.030356189236044884,0.6041666666666666
79,0.0024066644875953597,0.0012924219753282765,1.1142424782117208,0.001601971685886383,0.0315781831741333,0.4791666666666667
80,0.002349600405432284,0.001243377667075644,1.106222673257192,0.0018039768328890204,0.035657841712236404,0.6041666666666666
81,0.0027626071823760867,0.0014072151000921924,1.355392038822174,0.001979595050215721,0.033179447054862976,0.5
82,0.002607515376682083,0.001292421556233118,1.315093727906545,0.0015863159205764532,0.02909012883901596,0.3333333333333333
83,0.002135131089016795,0.001118935567016403,1.0161954879760742,0.001599100069142878,0.030062230303883553,0.5416666666666666
84,0.002068722457624972,0.0011565220542252065,0.9122003634770711,0.001413615420460701,0.02771388366818428,0.6458333333333334
85,0.0021072494564577937,0.0011070428842989107,1.0002065261205038,0.0014292800333350897,0.028558366000652313,0.4375
86,0.002001389488577843,0.0010933514878464243,0.9080379684766133,0.0015330167952924967,0.029954303056001663,0.5
87,0.0021705158908541006,0.001258118054829538,0.9123977820078532,0.0019428336527198553,0.035771433264017105,0.4375
88,0.00260163729544729,0.001377180121683826,1.2244571248690288,0.0014666308416053653,0.029314160346984863,0.5
89,0.0025028816113869348,0.0012322697206400336,1.270611826578776,0.0015300660161301494,0.028952447697520256,0.4583333333333333
90,0.0026626711090405784,0.001272167816447715,1.390503199895223,0.002115297596901655,0.037569329142570496,0.4791666666666667
91,0.0027607887284830214,0.0013313664744297664,1.429422171910604,0.0015441698487848043,0.02864844724535942,0.5208333333333334
92,0.002498629914286236,0.0012321968213655054,1.266433016459147,0.002593365265056491,0.04109037667512894,0.3333333333333333
93,0.0025538349912191433,0.0013374878054795167,1.2163471380869548,0.001970743527635932,0.031104309484362602,0.4791666666666667
94,0.0022124715925504763,0.0011713383292468885,1.041133217016856,0.0015756044303998351,0.030224144458770752,0.4583333333333333
95,0.002095056464895606,0.0010568245314061641,1.038231869538625,0.0021197146270424128,0.03331538289785385,0.5208333333333334
96,0.002305812605967124,0.0012254919895591835,1.0803205609321593,0.0016303093871101737,0.03129032254219055,0.5
97,0.002094674149217705,0.001138556368338565,0.9561177372932435,0.001858606468886137,0.031366150826215744,0.6041666666666666
98,0.002003464902130266,0.0010723923915065825,0.9310724814732869,0.0015050532529130578,0.03174431622028351,0.5625
99,0.002392329555004835,0.0011546396262322864,1.2376898725827534,0.0018729533767327666,0.03244829922914505,0.375
100,0.0028984231641516088,0.001398172757277886,1.5002502918243408,0.0014394362224265933,0.030074208974838257,0.5625
101,0.0023551956440011662,0.0012021159248736997,1.1530796766281128,0.001464022439904511,0.030794847756624222,0.5416666666666666
102,0.0018638281074042121,0.0010246941160100202,0.8391339500745137,0.0015866812318563461,0.03025660663843155,0.6041666666666666
103,0.0019461842797075708,0.001085760397836566,0.8604238470395406,0.0014718229649588466,0.029283205047249794,0.6458333333333334
104,0.002146475436165929,0.0012261223474827907,0.9203530311584472,0.002040624851360917,0.03561941906809807,0.3541666666666667
105,0.002260476420633495,0.0013323895555610457,0.9280867775281271,0.002083501312881708,0.037227701395750046,0.5
106,0.0023345800349488855,0.0012838157766964287,1.050764230887095,0.0015954100526869297,0.03057536669075489,0.5208333333333334
107,0.0026426359079778196,0.00133996777003631,1.302668074766795,0.0018321321113035083,0.0332426019012928,0.5416666666666666
108,0.0028088687919080257,0.0014291004782232145,1.3797682166099547,0.001661960151977837,0.03139292448759079,0.4166666666666667
109,0.0027341033332049848,0.0014060530656327805,1.3280502080917358,0.001689000055193901,0.03299333527684212,0.4791666666666667
110,0.002488295113046964,0.001272519623550276,1.2157754103342693,0.0017550105694681406,0.03449840471148491,0.5
111,0.002858506531144182,0.0013478813072045645,1.5106252034505208,0.001584826153703034,0.03249615803360939,0.5208333333333334
112,0.0021511605630318326,0.0011301924008876086,1.0209681312243144,0.0016247216844931245,0.030388079583644867,0.3541666666666667
113,0.002168170797328154,0.0011061320120158294,1.0620387276013692,0.0014175607357174158,0.028625646606087685,0.5
114,0.0021003347045431536,0.0012351921487910053,0.8651425123214722,0.0020912662148475647,0.03555544838309288,0.4375
115,0.002726960399498542,0.0013622073029788831,1.364752999941508,0.0020104122813791037,0.03185906633734703,0.5208333333333334
116,0.0033845060039311647,0.0016862728982232511,1.6982330163319905,0.0021505586337298155,0.034346744418144226,0.5208333333333334
117,0.0033546373946592213,0.0015781114091320584,1.776525894800822,0.002996922703459859,0.04418672248721123,0.4583333333333333
118,0.0029240810933212438,0.0014401471785580118,1.4839338541030884,0.0016127482522279024,0.02970293164253235,0.4375
119,0.002149825403466821,0.0010806271030257145,1.069198222955068,0.001520889694802463,0.029212426394224167,0.5416666666666666
120,0.0021699740551412105,0.0011683331492046516,1.0016408761342366,0.0013954268069937825,0.028069661930203438,0.5208333333333334
121,0.002050374774262309,0.0011160578345879913,0.9343169053395589,0.001903121592476964,0.03589161857962608,0.6458333333333334
122,0.0022753455288087327,0.0011270342588735123,1.148311229546865,0.001776964869350195,0.030997466295957565,0.6458333333333334
123,0.00289328396320343,0.001272568750816087,1.6207151651382445,0.0022821470629423857,0.038884904235601425,0.625
124,0.003392293956130743,0.0014609798594998817,1.9313140392303467,0.0023952345363795757,0.03767983615398407,0.375
125,0.00292299782546858,0.0014491620822809637,1.4738356669743855,0.0018669895362108946,0.03545080125331879,0.5416666666666666
126,0.002331034264837702,0.0013227312631594638,1.00830291112264,0.0018118428997695446,0.03501534461975098,0.4166666666666667
127,0.0018578079218665759,0.0010404717138347527,0.817336130142212,0.0015826084418222308,0.03115745633840561,0.5208333333333334
128,0.001888619503006339,0.0010048895065362254,0.8837299664815267,0.0016849561361595988,0.029085570946335793,0.6041666666666666
129,0.0020341154187917708,0.0010488280366795757,0.985287344455719,0.001603411976248026,0.030012182891368866,0.4583333333333333
130,0.0022333495086058973,0.0011097541311755777,1.1235953132311503,0.0016346316551789641,0.030037757009267807,0.5208333333333334
131,0.0019812637086336813,0.0010016076305570702,0.9796560168266296,0.0018088052747771144,0.032875433564186096,0.5208333333333334
132,0.00213800307828933,0.0010939885474120577,1.0440144578615824,0.001451042015105486,0.027841512113809586,0.5833333333333334
133,0.0021153055985147756,0.0010761420397708812,1.0391635258992513,0.002301683183759451,0.038336798548698425,0.3541666666666667
134,0.0027948620573927958,0.0013019426221338411,1.4929193178812663,0.0018798218807205558,0.033041052520275116,0.4166666666666667
135,0.0022065675584599376,0.0011542523512616753,1.0523151437441507,0.0014086252776905894,0.02805643156170845,0.5416666666666666
136,0.002237503440119326,0.0011971739353612066,1.0403294722239176,0.0016493168659508228,0.03155234828591347,0.7083333333333334
137,0.002818709798157215,0.0012964810283544162,1.5222286939620973,0.001616558525711298,0.030476275831460953,0.5416666666666666
138,0.002212201276173194,0.0010469883447512985,1.165212877591451,0.0019061787752434611,0.033908579498529434,0.6041666666666666
139,0.0024870617936054865,0.0012338385102339088,1.253223192691803,0.0016925169620662928,0.03146786615252495,0.375
140,0.0018961085627476374,0.0010597026363636057,0.836405873298645,0.001511733396910131,0.028468698263168335,0.4791666666666667
141,0.0022430161091809473,0.0012775080821787318,0.965507972240448,0.0016664962749928236,0.03096265159547329,0.3958333333333333
142,0.002358883541698257,0.0012287152698263527,1.1301682511965434,0.002335009630769491,0.0350923165678978,0.5416666666666666
143,0.0027327500438938538,0.0013323456514626741,1.4004043300946554,0.002067669527605176,0.034414004534482956,0.4166666666666667
144,0.0026487506460398436,0.00124409186343352,1.4046587347984314,0.001721582026220858,0.03016061894595623,0.5
145,0.0019854295377930006,0.001003446189376215,0.9819833040237427,0.0018157880986109376,0.034056879580020905,0.3958333333333333
146,0.0019911115212986868,0.001037868046356986,0.9532434344291687,0.0015478901332244277,0.03061092644929886,0.4791666666666667
147,0.0023289609234780073,0.001126363268122077,1.2025975902875266,0.001960215624421835,0.03224886953830719,0.5416666666666666
148,0.00247706794179976,0.00129955099352325,1.1775168975194295,0.001672077109105885,0.030949223786592484,0.4791666666666667
149,0.002266254850352804,0.0011074210749939084,1.1588337262471518,0.0019487756071612239,0.03615042194724083,0.5208333333333334
150,0.0024393086476872366,0.0011618254046576717,1.2774831771850585,0.001898189657367766,0.03447632119059563,0.4166666666666667
151,0.002528883338284989,0.0011774264741688967,1.3514568169911703,0.001572332694195211,0.029481450095772743,0.5208333333333334
152,0.0023269698799898227,0.0011763875489123165,1.1505822777748107,0.0015081919264048338,0.028787119314074516,0.4791666666666667
153,0.0022451956834023197,0.0010765314218588173,1.1686642050743103,0.0018401914276182652,0.032634589821100235,0.375
154,0.0018780774980162581,0.0010075123747810722,0.8705650687217712,0.0019019818864762783,0.031152036041021347,0.5625
155,0.0018390139797702433,0.0009690573439002037,0.8699566006660462,0.0017395482864230871,0.032664526253938675,0.4166666666666667
156,0.0018840289674699306,0.0009667968222250541,0.9172321279843648,0.0015672760782763362,0.028626585379242897,0.5416666666666666
157,0.0021429885644465687,0.0010539965704083442,1.0889919598897297,0.0017747599631547928,0.03325921297073364,0.4583333333333333
158,0.002581655979156494,0.0011859520881747207,1.3957037965456645,0.001712875091470778,0.029312599450349808,0.5208333333333334
159,0.00214115910542508,0.001127180220404019,1.0139788389205933,0.0016568427672609687,0.029238518327474594,0.4166666666666667
160,0.0019729813017571964,0.001080838063110908,0.892143205801646,0.0016470304690301418,0.030280480161309242,0.3958333333333333
161,0.002180449090277155,0.001095287047792226,1.0851619640986125,0.003189672017470002,0.043277159333229065,0.3333333333333333
162,0.0030039050693934162,0.0016691048008700212,1.3348002195358277,0.002695398638024926,0.03913998603820801,0.375
163,0.0026107617421075703,0.001423322013579309,1.1874396681785584,0.0020052373874932528,0.03231853246688843,0.375
164,0.0021916800489028294,0.0010648967465385795,1.126783267656962,0.001830740598961711,0.03386375680565834,0.4375
165,0.0024186731548979878,0.0012100397182318071,1.2086333751678466,0.0016073065344244242,0.030475826933979988,0.5833333333333334
166,0.0017483142670243978,0.000919095395753781,0.829218860467275,0.0015703885583207011,0.029777981340885162,0.4791666666666667
167,0.0019165354004750648,0.001018060479934017,0.8984748880068462,0.00144829205237329,0.029144223779439926,0.5625
168,0.0022130131876717013,0.0011414392928903302,1.071573825677236,0.001995367230847478,0.03507738932967186,0.6041666666666666
169,0.00231826757080853,0.0012047558246801296,1.1135116696357727,0.002075538504868746,0.033383842557668686,0.625
170,0.0020411819918081165,0.0011289755406323821,0.9122064431508382,0.0014603009913116693,0.026788823306560516,0.5208333333333334
171,0.001967719732783735,0.0011487002290474873,0.8190194408098856,0.0021725096739828587,0.03777027502655983,0.3541666666666667
172,0.002562557199659447,0.0012591717337879043,1.3033853928248087,0.0017307837260887027,0.03177475184202194,0.4791666666666667
173,0.002180464092331628,0.0010740747364858785,1.106389343738556,0.002448258688673377,0.037808503955602646,0.5625
174,0.001956913946196437,0.0010765772933761279,0.880336598555247,0.002004764275625348,0.034403394907712936,0.3958333333333333
175,0.001985654568610092,0.0010429547866806388,0.9426997462908427,0.0019021801417693496,0.03304564207792282,0.4166666666666667
176,0.00246344772943606,0.0011785254386874537,1.284922202428182,0.002228081226348877,0.03638291731476784,0.5
177,0.002652012331721683,0.0012003399509315689,1.4516722838083902,0.002260778099298477,0.03670867532491684,0.3541666666666667
178,0.003162667310486237,0.0014654359042954941,1.6972313563028971,0.001840460579842329,0.032901864498853683,0.6041666666666666
179,0.0023973845255871613,0.001187436340842396,1.2099481701850892,0.0017113599460572004,0.030648041516542435,0.5625
180,0.0023931448891138037,0.0011778815067373216,1.21526331504186,0.0015803712885826826,0.03017735853791237,0.5416666666666666
181,0.0023712689445043603,0.0012256303258861105,1.1456385533014932,0.0020294352434575558,0.03284623846411705,0.4583333333333333
182,0.002657522299947838,0.0012829699786379932,1.3745522499084473,0.0015910060610622168,0.030629200860857964,0.4166666666666667
183,0.0023940214266379672,0.0011003471716927984,1.2936742266019186,0.0018507782369852066,0.032544661313295364,0.6458333333333334
184,0.0025906243827193975,0.0012115698889829218,1.3790544470151265,0.0021792128682136536,0.03552282229065895,0.375
185,0.002068933208162586,0.0009888770524412393,1.0800561348597209,0.0019694799557328224,0.035656269639730453,0.5
186,0.0020683818962424993,0.0010625386300186317,1.005843210220337,0.0026635699905455112,0.04289823770523071,0.5416666666666666
187,0.0025916706304997205,0.0013554145582020283,1.2362560192743937,0.001873982371762395,0.03269476816058159,0.4791666666666667
188,0.002400725024441878,0.0010918612863558034,1.3088637034098307,0.0017593520460650325,0.032310958951711655,0.375
189,0.0026523024464646977,0.0011858033986451725,1.4664989391962686,0.0017904528649523854,0.03384511545300484,0.625
190,0.00250692842528224,0.0012771847231003144,1.2297436436017355,0.001849577995017171,0.032788071781396866,0.375
191,0.0022569809108972548,0.0011207616499935588,1.1362192233403523,0.0018408044707030058,0.03470013290643692,0.5416666666666666
192,0.0025453249846274653,0.0011582826031371952,1.3870423237482707,0.0014544820878654718,0.02848934940993786,0.5833333333333334
193,0.0021033035746465126,0.0010257896656791369,1.077513837814331,0.0016769231297075748,0.03064185194671154,0.5625
194,0.0021366240456700326,0.0011166991374921055,1.0199248671531678,0.001544332131743431,0.029234230518341064,0.5625
195,0.002163963260439535,0.0011325449876797697,1.0314182082811991,0.002154236426576972,0.0374700166285038,0.4166666666666667
196,0.002175635821186006,0.0011341387405991554,1.041497027873993,0.001826062216423452,0.03242058679461479,0.4166666666666667
197,0.002123629464767873,0.0010491967860919735,1.074432635307312,0.0018088397337123752,0.0320916548371315,0.375
198,0.0019736362077916662,0.0010223005316220223,0.951335604985555,0.002226908691227436,0.03688407689332962,0.3541666666666667
199,0.0027516449568793177,0.0011762023049717149,1.5754425485928854,0.0021290334407240152,0.037190958857536316,0.5416666666666666
200,0.002355326634521286,0.0010763162358974417,1.2790103197097777,0.002320885891094804,0.037552181631326675,0.4583333333333333
201,0.002246830356307328,0.0010863742441870271,1.1604560732841491,0.0017390674911439419,0.03221352770924568,0.5625
202,0.001946566936870416,0.0010300460504367947,0.9165208419164022,0.001651148428209126,0.03037342242896557,0.4166666666666667
203,0.0020499464279661577,0.0010663296522883078,0.9836167494455973,0.001967821968719363,0.03205697238445282,0.6041666666666666
204,0.0022749710051963726,0.0011067846324294805,1.168186350663503,0.0016601120587438345,0.03172645717859268,0.4375
205,0.0024872705495605865,0.0012352804808566968,1.251990024248759,0.0015417239628732204,0.029750827699899673,0.4791666666666667
206,0.0018777149030938744,0.0009904510729635756,0.8872637828191121,0.0016336895059794188,0.03099207952618599,0.5208333333333334
207,0.0019252023426815867,0.0009741353996408482,0.9510669112205505,0.0015820723492652178,0.030336391180753708,0.4791666666666667
208,0.001650067240310212,0.0008854865096509457,0.7645807027816772,0.0022420170716941357,0.034229036420583725,0.4375
209,0.001963792477423946,0.0010280807463762661,0.935711658000946,0.0016108079580590129,0.029315480962395668,0.375
210,0.002473757183179259,0.0010737525764852763,1.400004494190216,0.002105497755110264,0.036533065140247345,0.3541666666666667
211,0.0025824626442044973,0.0011379497319770357,1.4445128440856934,0.0017351714195683599,0.03227880224585533,0.5416666666666666
212,0.002625277265906334,0.0011199331376701594,1.5053440769513449,0.0016839541494846344,0.032046493142843246,0.4166666666666667
213,0.002190488305253287,0.0010248958055550854,1.1655924598375955,0.002225571544840932,0.036745812743902206,0.375
214,0.0022874873597174884,0.001117970518923054,1.1695168018341064,0.002203096402809024,0.0364672914147377,0.4791666666666667
215,0.0025084263179451227,0.00119286278107514,1.3155634641647338,0.0017410629661753774,0.03300146758556366,0.5208333333333334
216,0.00240076242480427,0.0010568145235689977,1.3439478476842244,0.0016435377765446901,0.03223323076963425,0.5625
217,0.0024570084099347395,0.0011592067506474752,1.2978015859921774,0.0017969310283660889,0.03144589811563492,0.5416666666666666
218,0.002405057529297968,0.0012247159921874604,1.1803414940834045,0.0018781275721266866,0.03283904120326042,0.625
219,0.0027104351514329514,0.0013556626547748844,1.354772408803304,0.0017742441268637776,0.033754196017980576,0.5625
220,0.0021845387760549783,0.0011778405052609742,1.006698211034139,0.002086039399728179,0.03806593641638756,0.4375
221,0.0023004256654530764,0.0011222623366241653,1.1781633019447326,0.002129951026290655,0.035525426268577576,0.3958333333333333
222,0.002728544423977534,0.0013913274199391405,1.3372169176737467,0.0016994241159409285,0.032594434916973114,0.3958333333333333
223,0.0025945843507846197,0.0012093248000989358,1.385259481271108,0.0016161252278834581,0.030184725299477577,0.6041666666666666
224,0.002683204816033443,0.0011911718213620285,1.4920329332351685,0.0030880647245794535,0.0398796945810318,0.4791666666666667
225,0.0022527374482403197,0.0011341028613969684,1.118634537855784,0.0016363017493858933,0.030972741544246674,0.4166666666666667
226,0.002321856872489055,0.0011820143282723925,1.1398424784342447,0.0017587904585525393,0.03348451480269432,0.6875
227,0.002085306743780772,0.0010800281694779794,1.0052784919738769,0.0018508307402953506,0.034721508622169495,0.5625
228,0.002456446907793482,0.0011088147293776274,1.347632118066152,0.0018062636954709888,0.032392311841249466,0.3958333333333333
229,0.002119464931699137,0.0011089428056341906,1.0105220834414164,0.0015108429361134768,0.029807424172759056,0.6041666666666666
230,0.0019381649404143293,0.001003429068562885,0.9347357988357544,0.0018903554882854223,0.03432672470808029,0.4375
231,0.0019447174776966373,0.0010002570032762983,0.9444604198137919,0.0017056760843843222,0.03201824054121971,0.625
232,0.0021069574325035018,0.0011344574702282747,0.9724999308586121,0.0018815681105479598,0.03463774174451828,0.5416666666666666
233,0.002204476878978312,0.0012133001233451068,0.9911766727765401,0.0027714937459677458,0.043015096336603165,0.4583333333333333
234,0.00214980102609843,0.001242840476334095,0.9069605310757954,0.002096117241308093,0.031498491764068604,0.5208333333333334
235,0.002027194279556473,0.0010992022308831415,0.9279919942220052,0.0015803583664819598,0.02952101267874241,0.4583333333333333
236,0.0017853588098660112,0.0009161957811253766,0.8691629966100057,0.0016218405216932297,0.029836885631084442,0.4791666666666667
237,0.001836269333337744,0.0009043079141216973,0.9319613814353943,0.0024305491242557764,0.03703125938773155,0.4375
238,0.0024959308793768287,0.0011761141126044095,1.3198167165120442,0.0022801451850682497,0.037781793624162674,0.625
239,0.0023562373671059808,0.001038362788191686,1.317874534924825,0.0015852546785026789,0.031048055738210678,0.4791666666666667
240,0.002315580154148241,0.0011667393846437335,1.1488407095273336,0.0019543867092579603,0.034652967005968094,0.625
241,0.002555181256805857,0.001322815769041578,1.2323654492696126,0.0022570760920643806,0.033032819628715515,0.4791666666666667
242,0.0026964019673566026,0.0013412023972099027,1.3551995277404785,0.002000663196668029,0.03440321609377861,0.3958333333333333
243,0.0021543452826639016,0.001061747696561118,1.092597500483195,0.001779057434760034,0.032412946224212646,0.5208333333333334
244,0.001963888939159612,0.000983272019463281,0.9806168516476949,0.0025998696219176054,0.037137679755687714,0.4791666666666667
245,0.002818265580572188,0.0014006421746065219,1.4176233291625977,0.00188970856834203,0.03452126681804657,0.5416666666666666
246,0.002277962126148244,0.0011276655869248012,1.1502964695294697,0.0016483537619933486,0.03086750954389572,0.6458333333333334
247,0.002248960640281439,0.0011041299944433073,1.144830548763275,0.001872441847808659,0.03518935292959213,0.5208333333333334
248,0.002135157523055871,0.0011230074237876882,1.0121500452359518,0.001754667842760682,0.03242460638284683,0.625
249,0.0017941584344953298,0.0009455032724266251,0.8486551364262899,0.0018405596492812037,0.033907923847436905,0.5833333333333334
250,0.0024288287075857323,0.0011406200123019517,1.2882085998853048,0.0018876248504966497,0.03300318494439125,0.6041666666666666
251,0.0023054458977033693,0.0010689660285909972,1.2364798069000245,0.0018058156128972769,0.032332755625247955,0.3958333333333333
252,0.0023253052573030193,0.0010296491750826438,1.2956560174624125,0.002030214760452509,0.036269765347242355,0.5
253,0.0024278278074537714,0.001192264243339499,1.2355634808540343,0.0017608049092814326,0.031264856457710266,0.5416666666666666
254,0.002023624621021251,0.0010270252513388792,0.9965993285179138,0.002044125460088253,0.034697894006967545,0.375
255,0.002223585452884436,0.001061985403066501,1.1616000016530355,0.0023343455977737904,0.03502387925982475,0.375
256,0.002729034905011455,0.0012263384880498052,1.5026963194211325,0.0016615923959761858,0.030432147905230522,0.5833333333333334
257,0.00314940238216271,0.001297925878316164,1.8514764189720154,0.0019183813128620386,0.03480248525738716,0.5625
258,0.002163082648379107,0.0010299039034483333,1.1331786950429281,0.0017956753727048635,0.03295388072729111,0.5833333333333334
259,0.0017097610902662079,0.0008785820992973943,0.8311789472897847,0.0016886041266843677,0.03135894238948822,0.4375
260,0.0018470240446428457,0.0009738814046916862,0.8731425960858663,0.002036159625276923,0.035805705934762955,0.5833333333333334
261,0.0025501170738910636,0.00141249568744873,1.1376213312149048,0.0018988848896697164,0.03398968651890755,0.6041666666666666
262,0.0023034723786016305,0.0011006636661477387,1.202808646361033,0.0016608978621661663,0.02849089354276657,0.5
263,0.0021418527622396747,0.001068682960855464,1.073169763882955,0.001969708828255534,0.032930683344602585,0.5
264,0.0024612975073978307,0.0010675290133804083,1.3937684098879497,0.0020850112196058035,0.03430841118097305,0.3541666666666667
265,0.00236347330113252,0.0011561538558453321,1.2073193868001302,0.0017068309243768454,0.03228941932320595,0.5833333333333334
266,0.001838128718857964,0.0009725111071020365,0.865617565313975,0.0017972702626138926,0.03334367275238037,0.5
267,0.0016290817642584444,0.0008764701352144282,0.7526115735371908,0.001710930373519659,0.03274079039692879,0.6041666666666666
268,0.0019053098745644092,0.0009581380911792318,0.9471717397371928,0.0015650076093152165,0.029430393129587173,0.6458333333333334
269,0.0018174934123332302,0.0009214257355779409,0.8960676431655884,0.001972088823094964,0.035602446645498276,0.4583333333333333
270,0.002012349960083763,0.0010059458397639295,1.0064041018486023,0.0021522738970816135,0.036382175981998444,0.5
271,0.002275737685461839,0.0010762686918800075,1.1994689504305522,0.0019861420150846243,0.033501844853162766,0.4166666666666667
272,0.00174065794950972,0.0008942403481341898,0.8464175581932067,0.0016718017868697643,0.030632788315415382,0.5416666666666666
273,0.0018637265311554074,0.0009359130907493333,0.9278133869171142,0.0017540579428896308,0.03259122744202614,0.4583333333333333
274,0.002281782419110338,0.0009868342817450563,1.2949480493863423,0.0020208621863275766,0.034415312111377716,0.3958333333333333
275,0.002175918671612938,0.0011809284721190731,0.9949901541074117,0.002988895634189248,0.044670164585113525,0.5416666666666666
276,0.002665758668445051,0.00126291880539308,1.4028397878011067,0.0019611234311014414,0.03431222587823868,0.4166666666666667
277,0.0024240003665909173,0.0010900627394827703,1.3339375456174214,0.0015772258630022407,0.029344456270337105,0.5625
278,0.0020717894037564594,0.0009871566900983453,1.0846326351165771,0.0016241696430370212,0.02928815223276615,0.5
279,0.0017941049921015898,0.0009466938946085672,0.847411060333252,0.0018369884928688407,0.03341766819357872,0.5
280,0.0020119674503803254,0.0010342317633330821,0.9777356545130412,0.0018442325526848435,0.03258558735251427,0.4375
281,0.00200903652391086,0.0009807269593390326,1.0283095439275105,0.0019738837145268917,0.03347799926996231,0.3958333333333333
282,0.001799054032502075,0.000953248996908466,0.84580500125885,0.001581433811224997,0.029810214415192604,0.4166666666666667
283,0.0018763129754612842,0.0008709448777760068,1.0053680539131165,0.0016668157186359167,0.03183729574084282,0.4166666666666667
284,0.0027014322889347873,0.0012094757015195985,1.4919565041859946,0.0021520096343010664,0.03487725183367729,0.4583333333333333
285,0.0023325053974986077,0.0010344644193537532,1.2980409304300944,0.001985965296626091,0.03575201332569122,0.5416666666666666
286,0.002129524457268417,0.0010681759527263542,1.0613484859466553,0.0017805962124839425,0.03181398659944534,0.5416666666666666
287,0.0023614500183612107,0.0011445492932883401,1.2169006745020547,0.001778125879354775,0.030024701729416847,0.3541666666666667
288,0.0022728605971982082,0.0011124616663437336,1.1603988965352376,0.002110563451424241,0.03638357296586037,0.4166666666666667
289,0.002114018495194614,0.0010106252273544669,1.103393260637919,0.002023631939664483,0.03427494689822197,0.4166666666666667
290,0.0022418527010207375,0.0011469991412013769,1.0948535164197286,0.001753873541019857,0.03132947161793709,0.4583333333333333
291,0.0018998892434562247,0.0009913756356885036,0.9085135300954182,0.0019074183655902743,0.03232717514038086,0.375
292,0.002259058776932458,0.0009997468131283918,1.2593118985493978,0.002033910481259227,0.03311482444405556,0.4166666666666667
293,0.0016466187157978614,0.0008546653591717283,0.7919533054033915,0.0016403452027589083,0.029738547280430794,0.4583333333333333
294,0.0020255805226042866,0.0009574255595604579,1.0681549112002056,0.001919178874231875,0.03515110909938812,0.625
295,0.0024059266472856206,0.001061550717956076,1.3443758606910705,0.0022563228849321604,0.03466023504734039,0.375
296,0.002412811138977607,0.0012644936020175617,1.1483174761136372,0.002797935623675585,0.04208269342780113,0.375
297,0.002462446658561627,0.0012818999336256336,1.1805466294288636,0.0024572541005909443,0.0354933962225914,0.5416666666666666
298,0.002238131423170368,0.0012881230912171304,0.9500083208084107,0.002149352338165045,0.03576813265681267,0.4375
299,0.002432607215208312,0.0011577579697283605,1.2748492002487182,0.0020460307132452726,0.03314196690917015,0.4791666666666667
300,0.002711327754271527,0.0012815794092603029,1.4297483166058857,0.0025508739054203033,0.040090952068567276,0.4166666666666667
301,0.00277123871880273,0.0012543430047420165,1.516895624001821,0.0018924397882074118,0.03322009742259979,0.5208333333333334
302,0.002282541897147894,0.001092481593756626,1.1900602380434673,0.0023786036763340235,0.03728349134325981,0.4791666666666667
303,0.0020217290613800286,0.001034521028244247,0.9872079809506734,0.0017427279381081462,0.03145213425159454,0.5
304,0.0018595289128522077,0.0009894132769356172,0.8701155742009481,0.0020388318225741386,0.03435283526778221,0.5625
305,0.0017536396393552423,0.0008950502049022665,0.8585893909136454,0.001741910818964243,0.0299240592867136,0.3958333333333333
306,0.0020149194247399767,0.0010319957043975591,0.98292369445165,0.0019299673149362206,0.035085104405879974,0.5416666666666666
307,0.002284491597674787,0.0011198890744708479,1.1646024624506632,0.0018481353763490915,0.031857602298259735,0.5833333333333334
308,0.0021762655504668754,0.0010325464730461438,1.1437190254529317,0.0023188625928014517,0.03747333586215973,0.4375
309,0.0024100805167108774,0.001187804158932219,1.2222762942314147,0.002072011586278677,0.03478483483195305,0.4375
310,0.0018186236110826334,0.0009331085175896685,0.8855150461196899,0.0016249923501163721,0.028159353882074356,0.6041666666666666
311,0.0017122543727358182,0.0009068301684843997,0.8054241855939229,0.0017938800156116486,0.032089054584503174,0.3958333333333333
312,0.00268361772565792,0.0013740539900027216,1.309563692410787,0.003010198939591646,0.04376904293894768,0.4791666666666667
313,0.002592588930080334,0.001300808333326131,1.2917805393536885,0.0021562613546848297,0.03771882504224777,0.5416666666666666
314,0.0023385637750228247,0.0010943311150185763,1.2442325870196025,0.0019038270693272352,0.03402761369943619,0.4791666666666667
315,0.0021153547801077365,0.0010343570339803895,1.0809976657231648,0.0016692908247932792,0.028711238875985146,0.4166666666666667
316,0.0017757075217862924,0.0008831538473411153,0.8925536155700684,0.0017330999253317714,0.030804339796304703,0.6041666666666666
317,0.0018637320104365547,0.0008288481757820894,1.0348837773005168,0.0015851930947974324,0.029972344636917114,0.4583333333333333
318,0.001613559682543079,0.0008515352247438084,0.7620244145393371,0.0018379319226369262,0.03221627324819565,0.4583333333333333
319,0.001799070555716753,0.0008883971041844537,0.9106734236081441,0.00193017499987036,0.03268060460686684,0.5833333333333334
320,0.0020216727706914147,0.0009965100364449123,1.025162653128306,0.0020236053969711065,0.032010532915592194,0.625
321,0.002013564707400898,0.0010611012073544165,0.9524634480476379,0.001770729897543788,0.032156992703676224,0.5833333333333334
322,0.002020552203369637,0.001088879571761936,0.9316726009051005,0.0016947215190157294,0.03074384666979313,0.5
323,0.002098373610836764,0.0010503972337270776,1.0479763189951579,0.0018228698754683137,0.031275585293769836,0.4791666666666667
324,0.002070497643823425,0.0009549902092354993,1.115507392088572,0.0018212010618299246,0.03162151202559471,0.5
325,0.0017057396393890182,0.00089641700227124,0.8093226114908855,0.0017558856634423137,0.03129260987043381,0.3958333333333333
326,0.0016346132305140296,0.0009041247268517812,0.7304884672164917,0.002421054756268859,0.036716118454933167,0.5833333333333334
327,0.001995090946244697,0.001217844884376973,0.7772460142771404,0.0023796409368515015,0.03417683392763138,0.375
328,0.001793289347551763,0.0009920966112986207,0.8011927286783854,0.0020696779247373343,0.03323943540453911,0.5416666666666666
329,0.002155240555293858,0.0011193668120540678,1.0358737150828043,0.0022541836369782686,0.0335724763572216,0.5833333333333334
330,0.0024435251175115506,0.0012373980833217501,1.2061269481976826,0.0016597262583673,0.02964046038687229,0.5625
331,0.002149900561198592,0.0010092937387526034,1.1406067768732706,0.001785905915312469,0.03215065225958824,0.3541666666666667
332,0.0020337274530902506,0.0009533306816592813,1.0803967436154684,0.0019592158496379852,0.033353134989738464,0.3541666666666667
333,0.0023459163416797916,0.0009762921060125033,1.369624125957489,0.001770012779161334,0.03222963958978653,0.4791666666666667
334,0.002062929856280486,0.0009726855709838371,1.0902442614237466,0.001700827619060874,0.030894046649336815,0.5416666666666666
335,0.0022003060206770898,0.0009637473189892868,1.2365586121877035,0.0023244277108460665,0.03695480898022652,0.375
336,0.0022049483144655825,0.001012363366317004,1.1925849080085755,0.0016202690312638879,0.029895108193159103,0.3958333333333333
337,0.0018169869901612401,0.0009608730091713369,0.8561139464378357,0.0019553443416953087,0.03179549425840378,0.3958333333333333
338,0.0018581031045566002,0.0009307077193322281,0.9273953596750896,0.0015084503684192896,0.028796469792723656,0.4166666666666667
339,0.0018013015932713946,0.0008608632235943029,0.9404383261998495,0.001992663135752082,0.032760635018348694,0.4791666666666667
340,0.0017296499262253442,0.0008215382074316343,0.9081116875012716,0.002138917800039053,0.036254752427339554,0.5
341,0.002246808198591073,0.001151799556100741,1.0950085520744324,0.0017545833252370358,0.031808219850063324,0.5
342,0.002228869645235439,0.0010994282589914899,1.1294413765271505,0.0023405549582093954,0.03583042323589325,0.4791666666666667
343,0.0021697530678162972,0.0010297541855834424,1.1399988293647767,0.002077197888866067,0.035418201237916946,0.5208333333333334
344,0.001979289366863668,0.0010314886652243633,0.9478006561597189,0.0021057610865682364,0.036281127482652664,0.5208333333333334
345,0.002130668074823916,0.0010435042320750653,1.0871638099352519,0.00210381206125021,0.03571060672402382,0.5416666666666666
346,0.0020901824502895278,0.000987757296146204,1.1024250904719035,0.0018993807025253773,0.03289930149912834,0.4583333333333333
347,0.0018913483868042628,0.0008974898606538773,0.9938584605852763,0.001714911195449531,0.03254779428243637,0.4791666666666667
348,0.0020885365083813667,0.001000450054804484,1.0880864103635153,0.001986214192584157,0.03350529447197914,0.4583333333333333
349,0.0020033545481661958,0.00098981784346203,1.0135366876920064,0.0018846895545721054,0.030934156849980354,0.4791666666666667
350,0.0017085588381936152,0.0008800799259915948,0.8284788568814595,0.0018797112861648202,0.034236300736665726,0.4791666666666667
351,0.0017957421562944849,0.000957721386415263,0.8380206942558288,0.0019458725582808256,0.03416178375482559,0.4375
352,0.0021360835526138544,0.0011526083030427496,0.9834752202033996,0.0018379096873104572,0.030922885984182358,0.4583333333333333
353,0.0019669729905823865,0.0009996247167388598,0.9673482338587444,0.0023560270201414824,0.03662753850221634,0.5
354,0.0019263706170022487,0.001010605968379726,0.9157646059989929,0.0019329495262354612,0.030184218659996986,0.5416666666666666
355,0.0014978532446548343,0.0007620160487325241,0.7358371456464131,0.0017980217235162854,0.03100959211587906,0.4583333333333333
356,0.0017460221967970332,0.0008435109164565801,0.9025112589200338,0.0019552463199943304,0.0331130176782608,0.5
357,0.0018637872611482937,0.0008807995899890859,0.9829875985781352,0.0020273856353014708,0.03483284264802933,0.3541666666666667
358,0.002135939399401347,0.000924207487454017,1.2117318431536357,0.0018288877326995134,0.03147255256772041,0.5833333333333334
359,0.0023304616411526998,0.0010322376930465302,1.2982239127159119,0.0020093685016036034,0.03422439843416214,0.4791666666666667
360,0.0021535735266904037,0.001018456210537503,1.135117268562317,0.002284339629113674,0.03753066062927246,0.625
361,0.002370102711332341,0.0012092064057166378,1.1608962853749594,0.0018687091069296002,0.03354339674115181,0.4375
362,0.0017803001605595152,0.0009026220417581498,0.8776780843734742,0.001973658101633191,0.03242309018969536,0.5833333333333334
363,0.0018501980230212212,0.0008925333948961149,0.9576645811398824,0.0017675600247457623,0.03099161386489868,0.5833333333333334
364,0.0025290407473221423,0.0010539914617159714,1.4750492850939432,0.002197852125391364,0.0355474092066288,0.3541666666666667
365,0.0019108439097180962,0.0008779273154990127,1.0329165697097777,0.001891591469757259,0.031841475516557693,0.3958333333333333
366,0.0016771869423488775,0.0008414429146796464,0.8357439955075582,0.0018557592993602157,0.03148171305656433,0.4791666666666667
367,0.0020974365528672934,0.0009650659398175776,1.1323705712954204,0.0018160127801820636,0.03405528888106346,0.5
368,0.001822673917437593,0.0009820766164921225,0.8405972719192505,0.0021426782477647066,0.03640057519078255,0.6666666666666666
369,0.0019657854922115804,0.0010268562744992474,0.9389291961987813,0.0020171399228274822,0.03568721562623978,0.4791666666666667
370,0.0021362121993054946,0.0010765836962188283,1.0596284468968709,0.0018232229631394148,0.03162720426917076,0.375
371,0.0018624647598092755,0.0009403445757925511,0.9221201459566752,0.0018468678463250399,0.031157027930021286,0.4583333333333333
372,0.0018709827136869231,0.0009578704717569053,0.9131122310956319,0.0018452442018315196,0.0320410318672657,0.5
373,0.002001286414451897,0.0011225081747397781,0.8787781834602356,0.0017806633841246367,0.03221404179930687,0.4375
374,0.002068566585270067,0.0011720861967963478,0.8964803377787273,0.0018472548108547926,0.033040329813957214,0.3958333333333333
375,0.002186239650472999,0.0010637312351415554,1.1225083867708843,0.0016418308950960636,0.029159553349018097,0.5833333333333334
376,0.0018649827068050703,0.0010401949596901734,0.824787724018097,0.0018762336112558842,0.0351773239672184,0.5208333333333334
377,0.0019679719815030696,0.0010357763928671678,0.9321955482165019,0.002363787032663822,0.038089584559202194,0.4375
378,0.0019317888965209326,0.0009649427083786577,0.9668461521466573,0.002122253179550171,0.03617296367883682,0.4166666666666667
379,0.0018530355688805382,0.000958021346013993,0.8950141549110413,0.0016464487416669726,0.029591934755444527,0.625
380,0.0019997564998144907,0.0010188159086586288,0.980940560499827,0.002015288220718503,0.032696329057216644,0.5208333333333334
381,0.001912059960886836,0.0009275623907645543,0.9844975233078003,0.001996160950511694,0.03379834070801735,0.3958333333333333
382,0.002004237527338167,0.0009466474099705616,1.057590095202128,0.0019385284977033734,0.035111721605062485,0.5416666666666666
383,0.0016653371664385002,0.0008638065153112014,0.8015306075414022,0.0015126207144930959,0.028961408883333206,0.5
384,0.0018157630693167448,0.0009127820143476128,0.9029809951782226,0.0021663575898855925,0.037425968796014786,0.5625
385,0.0017598959772537153,0.0008381988135321687,0.9216971039772034,0.0017878696089610457,0.03114096075296402,0.375
386,0.0017697001807391644,0.0008811250134992103,0.8885751167933146,0.0017403415404260159,0.032053250819444656,0.375
387,0.002257351010727386,0.0010213095578365029,1.2360414107640585,0.0018316040514037013,0.03322659060359001,0.5416666666666666
388,0.0018972464061031739,0.0009099124503942828,0.9873339374860127,0.0018694718601182103,0.03213677555322647,0.4583333333333333
389,0.001750956413646539,0.0008762637657734255,0.8746925950050354,0.0022825205232948065,0.03693326190114021,0.3541666666666667
390,0.002403474583600958,0.0010874317532094816,1.3160427411397297,0.002264458453282714,0.03718525916337967,0.5208333333333334
391,0.002095429482869804,0.0009887438539105157,1.1066855947176615,0.002248103264719248,0.03647518903017044,0.375
392,0.0023122085568805534,0.0009812210220843554,1.3309874574343363,0.001890797633677721,0.03413362428545952,0.4583333333333333
393,0.002062391924361388,0.0010408360084208348,1.0215558449427287,0.001773280557245016,0.03296805918216705,0.6041666666666666
394,0.0020199923077598215,0.000921917373004059,1.0980748812357584,0.0018513540271669626,0.03293962404131889,0.5625
395,0.0019862642511725426,0.0009588264510966837,1.0274377584457397,0.0017721514450386167,0.03167465701699257,0.5833333333333334
396,0.001763980439864099,0.0008710051789724578,0.8929752071698507,0.0022889284882694483,0.03813210874795914,0.5
397,0.0022420438549791773,0.001306760982455065,0.9352828025817871,0.0017602958250790834,0.030893174931406975,0.4166666666666667
398,0.0017333936567107836,0.0008572156929100553,0.8761779109636942,0.0021468016784638166,0.03574814647436142,0.3541666666666667
399,0.0017866143801560004,0.000945699482690543,0.8409148653348287,0.002138033974915743,0.035000793635845184,0.375
400,0.001846103308101495,0.0008976854733191431,0.9484178264935811,0.002246725605800748,0.034630827605724335,0.4166666666666667
401,0.0017790674775217971,0.0008692246706535419,0.9098427693049113,0.0018526839558035135,0.03014596924185753,0.3333333333333333
402,0.0017084172383571665,0.0008678357194488247,0.8405814528465271,0.0021084179170429707,0.03256076201796532,0.375
403,0.0019744037728135783,0.0009042569086886943,1.0701468348503114,0.002272906480357051,0.036959223449230194,0.3958333333333333
404,0.0020825704870124657,0.0009828283917158842,1.0997420112291971,0.001685694558545947,0.030148185789585114,0.3541666666666667
405,0.0015016354465236267,0.0007795908216697475,0.7220445990562439,0.0017487978329882026,0.031492285430431366,0.3958333333333333
406,0.0014849076125149927,0.0007288357398162285,0.7560718377431234,0.0018994997953996062,0.03233106806874275,0.4166666666666667
407,0.001574608722391228,0.0008036661893129349,0.770942477385203,0.0017218198627233505,0.030215125530958176,0.4791666666666667
408,0.0016703862696886063,0.0008313506104362507,0.8390356302261353,0.0018195369048044086,0.03101622313261032,0.4791666666666667
409,0.0017506625270470976,0.0008838028414174914,0.8668596506118774,0.0018471084767952561,0.032194335013628006,0.3958333333333333
410,0.0020630327130978306,0.0009531189415914316,1.1099137544631958,0.00218606973066926,0.035674937069416046,0.3541666666666667
411,0.0019256597384810447,0.0008925230358727276,1.0331366300582885,0.0019816069398075342,0.034435663372278214,0.4375
412,0.0023913794895634053,0.0010858490015380085,1.3055304527282714,0.001867499202489853,0.03158948943018913,0.4791666666666667
413,0.002194606186822057,0.0009977636160328983,1.1968425194422403,0.0020579283591359854,0.033832650631666183,0.375
414,0.002404612923661868,0.0011503463455786308,1.2542664806048076,0.0017556968377903104,0.031213155016303062,0.5833333333333334
415,0.002426915670124193,0.0011313706869259476,1.2955449104309082,0.0019418408628553152,0.031036363914608955,0.375
416,0.0017842580409099659,0.0009266977392447492,0.8575602412223816,0.002099514240399003,0.03487488999962807,0.375
417,0.0018301119174187381,0.0009252991410903632,0.9048127412796021,0.001806293847039342,0.03031179867684841,0.3958333333333333
418,0.0017346520442515611,0.0008422771391148368,0.892374869187673,0.0018906386103481054,0.033154480159282684,0.625
419,0.0017050474882125855,0.0008843398458945255,0.8207075953483581,0.001749955234117806,0.03224439546465874,0.4791666666666667
420,0.0017314318955565491,0.0008656797232106328,0.865752116839091,0.0017666624626144767,0.03344466909766197,0.5
421,0.0019336745065326492,0.0009312444133684039,1.0024300456047057,0.0017878098879009485,0.03113524429500103,0.6041666666666666
422,0.0020505317486822607,0.0009343406457143525,1.1161910533905028,0.002085175598040223,0.03664744645357132,0.5
423,0.0021284556792428096,0.001061257595817248,1.0671980381011963,0.00183577137067914,0.030040910467505455,0.4791666666666667
424,0.002064335400549074,0.001080176622296373,0.9841587543487549,0.0017268264200538397,0.030720766633749008,0.4375
425,0.0017643230346341928,0.000856845723077034,0.9074772596359253,0.0017209150828421116,0.029400905594229698,0.4375
426,0.0015870560271044572,0.0008136651866758863,0.7733908136685689,0.0020666331984102726,0.033902622759342194,0.2916666666666667
427,0.0017636842404802641,0.0008959587081335485,0.8677254915237427,0.002105339663103223,0.033221516758203506,0.3541666666666667
428,0.0020755339258660874,0.0010138789153036972,1.0616549809773763,0.002378759440034628,0.036907196044921875,0.5208333333333334
429,0.0020160487852990626,0.0010488174855709075,0.9672312259674072,0.0019468091195449233,0.03437347710132599,0.5416666666666666
430,0.0017255995733042558,0.0009116447006817907,0.8139548301696777,0.0016933471197262406,0.030764954164624214,0.4166666666666667
431,0.001747836770179371,0.0008653030963614583,0.8825336297353109,0.0020404173992574215,0.03410372510552406,0.4375
432,0.0018803595410039028,0.0008629366328629355,1.017422866821289,0.0016849953681230545,0.0291270911693573,0.6041666666666666
433,0.0016145387509216866,0.0008179786576268574,0.7965600649515788,0.002083765808492899,0.03240179270505905,0.5208333333333334
434,0.001594446956490477,0.0008259870189552506,0.7684598882993062,0.001730112126097083,0.029569754377007484,0.3541666666666667
435,0.001767275994643569,0.0008415540971327573,0.9257218678792317,0.0021693743765354156,0.03436923399567604,0.375
436,0.002114633610472083,0.0009706886291193465,1.1439449071884156,0.001801112899556756,0.031513966619968414,0.3958333333333333
437,0.0016994178605576357,0.0007867841864936054,0.9126336336135864,0.0020671423990279436,0.03320515155792236,0.4166666666666667
438,0.001644661269771556,0.0008531286808041235,0.791532568136851,0.0019064951920881867,0.03230015188455582,0.5
439,0.0016413596536343296,0.0008254061259018879,0.8159534891446432,0.0017576279351487756,0.03101513907313347,0.5
440,0.0015587051321441928,0.0007663202995900065,0.7923847794532776,0.0017750294646248221,0.03159453719854355,0.5625
441,0.001821613583403329,0.0008445430236558119,0.9770705302556356,0.001793336938135326,0.03224795311689377,0.5208333333333334
442,0.0016756450369333228,0.0008239660179242492,0.8516789714495341,0.0024089880753308535,0.03779114782810211,0.4583333333333333
443,0.0020157182589173317,0.000981009293658038,1.0347089012463888,0.0019382332684472203,0.032684240490198135,0.3541666666666667
444,0.001863575253325204,0.0009117777575738728,0.9517974376678466,0.0019326322944834828,0.032349005341529846,0.4791666666666667
445,0.0017958359327167272,0.0008702390594407916,0.925596829255422,0.0024747238494455814,0.035616710782051086,0.4166666666666667
446,0.0019700695605327687,0.000978474183163295,0.9915953397750854,0.0017185460310429335,0.03080018050968647,0.4375
447,0.0015459762110064427,0.0007837731100153178,0.7622030735015869,0.0020465143024921417,0.033592067658901215,0.4375
448,0.0015276391291990875,0.0008191446152826151,0.708494488398234,0.0019126012921333313,0.031936533749103546,0.5
449,0.001709985344981154,0.0008330818614922464,0.8769034226735433,0.0020181210711598396,0.03489021956920624,0.5833333333333334
450,0.0019078888154278198,0.00096724882023409,0.9406399369239807,0.002562378067523241,0.04181094840168953,0.5416666666666666
451,0.0018791657018785676,0.0010260174400173127,0.8531482219696045,0.0019777105189859867,0.03365781158208847,0.3958333333333333
452,0.0018812923847387234,0.0009791185633124162,0.9021738052368165,0.00195228005759418,0.03371042385697365,0.4583333333333333
453,0.0017702486598864197,0.0008768426448417207,0.8934059619903565,0.0018244001548737288,0.03201557695865631,0.4583333333333333
454,0.0019615763099864124,0.0009995140406923988,0.9620622237523396,0.002455922542139888,0.038322992622852325,0.5833333333333334
455,0.002650865229467551,0.001256334603143235,1.3945305426915486,0.002171661239117384,0.03427650034427643,0.3541666666666667
456,0.0023255920115237434,0.0011607835457349816,1.1648083845774333,0.001877939677797258,0.032180704176425934,0.3541666666666667
457,0.0016786226769909263,0.0008578563380676011,0.8207663059234619,0.001911453320644796,0.03370874375104904,0.4583333333333333
458,0.0015484368816638986,0.000800878438167274,0.7475584069887797,0.001710490440018475,0.030323823913931847,0.6041666666666666
459,0.0016228051700939736,0.0007587838006050637,0.8640213251113892,0.002053074771538377,0.03289002552628517,0.5
460,0.0016090826829895377,0.0007816482335329056,0.8274344126383464,0.0018961663590744138,0.03086189180612564,0.6041666666666666
461,0.0021879347429300347,0.0009471881203353405,1.240746545791626,0.0023309618700295687,0.03632654249668121,0.3333333333333333
462,0.00219719511612008,0.0009569537515441577,1.240241289138794,0.00228828564286232,0.035253651440143585,0.3333333333333333
463,0.002085110250239571,0.0009679603662031392,1.117149837811788,0.0019642405677586794,0.03199395909905434,0.5
464,0.0019500250772883495,0.0010498378193005919,0.9001872221628825,0.0019628589507192373,0.033372536301612854,0.3541666666666667
465,0.0021123796158159774,0.0010364496032707394,1.0759299794832866,0.0018217888427898288,0.031678326427936554,0.5625
466,0.001924336259253323,0.0009341190569102764,0.9902171611785888,0.0025236692745238543,0.04148530215024948,0.4791666666666667
467,0.00176405207409213,0.0010056516194405654,0.7584004282951355,0.0020990220364183187,0.03659363090991974,0.5625
468,0.0016938308176274101,0.0008465032209642231,0.8473275621732076,0.0020670986268669367,0.03657074272632599,0.625
469,0.0016148384660482407,0.0008626636117696762,0.7521748065948486,0.00204145978204906,0.035820167511701584,0.4166666666666667
470,0.0015254513050119082,0.0007609721777650217,0.7644790927569072,0.001996279926970601,0.03455890715122223,0.3958333333333333
471,0.0015865921353300412,0.0007705173067127665,0.816074800491333,0.0018618336180225015,0.031512778252363205,0.4583333333333333
472,0.001649167947471142,0.0008197005605325103,0.8294673283894857,0.0020620916038751602,0.03474827855825424,0.5208333333333334
473,0.002050812231997649,0.0009127482073381544,1.1380639672279358,0.0018210698617622256,0.032387491315603256,0.5
474,0.002247675120209654,0.0010652071408306558,1.1824679255485535,0.0025191972963511944,0.04063505679368973,0.4791666666666667
475,0.0019595988482857744,0.0009933464345522225,0.966252346833547,0.0024958869908005,0.037739984691143036,0.5416666666666666
476,0.00187846467209359,0.0009664533853841324,0.9120112140973409,0.002014127094298601,0.03311783820390701,0.3541666666666667
477,0.0018023207318037747,0.0008410432104331752,0.961277449131012,0.0021270664874464273,0.0330301895737648,0.3541666666666667
478,0.0018572639441117645,0.0008613285065318147,0.9959353963534038,0.0021375431679189205,0.035521041601896286,0.4583333333333333
479,0.0017525975359603762,0.0008212442238194247,0.9313532789548238,0.002185740740969777,0.03465145453810692,0.4583333333333333
480,0.002187733848889669,0.0009845144891490539,1.2032192786534628,0.0019680943805724382,0.033853791654109955,0.3958333333333333
481,0.0018639338901266455,0.0008971412666141987,0.9667926033337911,0.0021200149785727262,0.03444696217775345,0.5208333333333334
482,0.001866273566459616,0.0008404486812651158,1.0258248448371887,0.002085284562781453,0.035552144050598145,0.5625
483,0.0016404160764068366,0.0007755620560298363,0.8648539900779724,0.002225387142971158,0.03675396367907524,0.4166666666666667
484,0.0018962241942062975,0.0009386560549804319,0.957568081219991,0.0018400822300463915,0.031394995748996735,0.5833333333333334
485,0.0018613737619792422,0.0009646912959093849,0.8966824372609457,0.0018083894392475486,0.03224579244852066,0.5208333333333334
486,0.001527913985773921,0.0007817448039228718,0.7461691617965698,0.002294332254678011,0.03789566829800606,0.3958333333333333
487,0.0016544121860836943,0.0007987255463376641,0.8556865930557251,0.0019297130638733506,0.032296910881996155,0.4166666666666667
488,0.0016603234534462294,0.0008481711886512736,0.8121522386868795,0.0020792195573449135,0.033267296850681305,0.3541666666666667
489,0.0015700164251029492,0.0008148229157086462,0.7551934719085693,0.0018015423556789756,0.032162126153707504,0.5208333333333334
490,0.0014403688566138348,0.0007590562454424798,0.6813125888506572,0.0018438269617035985,0.03071931004524231,0.5
491,0.0017016756193091473,0.0009259768781096985,0.7756987293561299,0.0018501948798075318,0.03384872153401375,0.5416666666666666
492,0.0017394328489899636,0.0009171365760266781,0.8222962458928426,0.0018158849561586976,0.030756596475839615,0.4166666666666667
493,0.00177433123656859,0.0008906219154596329,0.8837092638015747,0.0020934909116476774,0.034254271537065506,0.4166666666666667
494,0.001966101427872976,0.0009522231800171236,1.0138782064119976,0.0020982143469154835,0.03597612679004669,0.3541666666666667
495,0.002126525342464447,0.0009747385551842551,1.151786732673645,0.002223677234724164,0.037062179297208786,0.5416666666666666
496,0.0022518212984626493,0.0009875996484576413,1.2642215887705486,0.002361736260354519,0.03794853016734123,0.4375
497,0.0020434720208868384,0.0009146492928266525,1.1288227121035257,0.0021143751218914986,0.03255246952176094,0.4791666666666667
498,0.002026257151737809,0.0009573267462352912,1.0689303914705912,0.002464728895574808,0.03867201879620552,0.3333333333333333
499,0.0016792327786485353,0.0008203908374222617,0.8588419040044148,0.0027110225055366755,0.03863987699151039,0.4791666666666667
500,0.0017902734767024715,0.0009205448790453374,0.8697285691897074,0.002168613485991955,0.03241817653179169,0.4791666666666667
