epoch,train_loss,rmse_loss,trend_loss,val_rmse,val_trend_acc
0,0.2782543048262596,0.2655804405609767,12.67386703491211,0.12933290004730225,0.48333333333333334
1,0.07869336108366648,0.07568250050147375,3.010861889521281,0.09016703069210052,0.575
2,0.05621772011121114,0.05419473300377528,2.0229866822560627,0.08295641839504242,0.5
3,0.04854448810219765,0.04697234928607941,1.5721386830012003,0.07831910997629166,0.525
4,0.04647489488124847,0.04505798295140266,1.4169120073318482,0.07642486691474915,0.48333333333333334
5,0.046103128045797345,0.044705927620331445,1.397200099627177,0.07912390679121017,0.525
6,0.046757578104734424,0.04543454051017761,1.3230369091033936,0.08266520500183105,0.525
7,0.04727698949476083,0.04591566535333792,1.361324151357015,0.0765557587146759,0.5166666666666667
8,0.04351012036204338,0.04239363446831703,1.1164857546488445,0.07327538728713989,0.525
9,0.04201562404632568,0.04076374197999636,1.2518820563952129,0.078535296022892,0.4666666666666667
10,0.04146756579478582,0.040390040104587875,1.0775254726409913,0.0844925120472908,0.475
11,0.04410192792614301,0.04288471788167954,1.217210626602173,0.07886020094156265,0.4583333333333333
12,0.041737873355547586,0.04050178428490957,1.2360888640085856,0.0710584819316864,0.5333333333333333
13,0.041262113178769745,0.04011355837186178,1.1485547224680583,0.08354763686656952,0.525
14,0.0426821731030941,0.041590101271867755,1.0920719146728515,0.07516751438379288,0.525
15,0.04084884089728196,0.03972539305686951,1.1234481414159139,0.07782480865716934,0.5083333333333333
16,0.042273855706055956,0.04109153623382251,1.1823189695676168,0.07467585802078247,0.5
17,0.042824443678061166,0.04160723661382993,1.2172069907188416,0.07554557919502258,0.48333333333333334
18,0.04520239407817523,0.04405039188762506,1.1520018339157105,0.07716143131256104,0.475
19,0.04266060665249825,0.04150651892026266,1.1540874163309733,0.07290337979793549,0.48333333333333334
20,0.04356398085753123,0.042373685414592424,1.190295437971751,0.0730426013469696,0.49166666666666664
21,0.04441042269269625,0.043333762387434645,1.0766603589057921,0.0764414519071579,0.5166666666666667
22,0.041966587553421655,0.040775697429974875,1.190890109539032,0.07636435329914093,0.5416666666666666
23,0.04182966947555542,0.04076913992563883,1.0605295260747274,0.07677415013313293,0.5083333333333333
24,0.04007721518476804,0.03905449310938517,1.0227216561635335,0.07299870252609253,0.525
25,0.04366012439131737,0.04243628581364949,1.22383824189504,0.07383856922388077,0.5
26,0.042221591373284656,0.04109383697311084,1.12775452931722,0.0764017403125763,0.5166666666666667
27,0.04223541071017583,0.04105884830156962,1.1765621940294901,0.07937456667423248,0.49166666666666664
28,0.039523148288329445,0.0385023166735967,1.0208321730295817,0.07071895897388458,0.5
29,0.03883620562652747,0.03776226254800955,1.0739429116249084,0.07538183033466339,0.48333333333333334
30,0.04067647606134415,0.03946490064263344,1.2115750908851624,0.07198305428028107,0.48333333333333334
31,0.04043922200798988,0.03920297274986903,1.2362490018208823,0.07348816096782684,0.4166666666666667
32,0.04211410606900851,0.04094601136942704,1.1680947065353393,0.07476747035980225,0.5
33,0.042196819186210634,0.04099556331833203,1.2012558182080586,0.07767553627490997,0.44166666666666665
34,0.042837645610173544,0.04183683743079503,1.0008083581924438,0.07537634670734406,0.525
35,0.04056348900000254,0.03946561788519223,1.0978710889816283,0.07893954962491989,0.5166666666666667
36,0.043282018353541694,0.042121951033671695,1.1600669662157694,0.07510734349489212,0.4666666666666667
37,0.04095414603749911,0.03986503779888153,1.0891083121299743,0.07051843404769897,0.48333333333333334
38,0.04291005606452624,0.04181475962201754,1.0952966531117758,0.07568667083978653,0.475
39,0.04090542954703172,0.039801346883177754,1.1040825684865316,0.07144707441329956,0.5333333333333333
40,0.037245630472898486,0.03634153182307879,0.9040988246599834,0.07647381722927094,0.48333333333333334
41,0.03910292262832324,0.0381418460359176,0.9610763549804687,0.07554993778467178,0.5666666666666667
42,0.03900945981343587,0.0379333283752203,1.0761311531066895,0.07877878099679947,0.4583333333333333
43,0.041649331152439115,0.04060149118304253,1.0478403170903523,0.07440745085477829,0.5
44,0.03928655137618383,0.03816843144595623,1.1181192636489867,0.0708332508802414,0.5333333333333333
45,0.03965219060579936,0.038502207150061925,1.1499834696451823,0.07605073601007462,0.49166666666666664
46,0.04418992574016253,0.042974387854337694,1.2155377944310506,0.07240449637174606,0.5
47,0.038694052149852116,0.037629324942827225,1.0647273937861124,0.07418045401573181,0.48333333333333334
48,0.0405613141755263,0.039445745199918746,1.115569241841634,0.07584547251462936,0.5416666666666666
49,0.041688694556554155,0.04064805470407009,1.040639344851176,0.06954704970121384,0.55
50,0.03910414998730024,0.038089800626039505,1.014349393049876,0.07308294624090195,0.49166666666666664
51,0.03948965445160866,0.03845060877501964,1.0390452464421591,0.07503625005483627,0.48333333333333334
52,0.04134808455904325,0.04021620824933052,1.1318767706553141,0.07204689085483551,0.4583333333333333
53,0.04001860618591309,0.03893820730348428,1.080398933092753,0.07922092080116272,0.4666666666666667
54,0.040993937849998476,0.03989112426837285,1.1028135895729065,0.07444732636213303,0.5
55,0.04035755818088849,0.03931566501657168,1.0418932596842447,0.0728284940123558,0.43333333333333335
56,0.04008314373592536,0.03888043661912282,1.2027068694432577,0.0713396891951561,0.48333333333333334
57,0.03961212585369746,0.038459824149807295,1.1523015260696412,0.06809937208890915,0.525
58,0.03902992581327756,0.03796865592400233,1.0612691124280293,0.07860158383846283,0.525
59,0.042260705928007763,0.04109073479970296,1.1699712077776592,0.07150726020336151,0.5
60,0.039445233841737114,0.038402738670508065,1.042495055993398,0.06928222626447678,0.5333333333333333
61,0.038705436140298845,0.03770131319761276,1.0041229168574015,0.0730118453502655,0.5416666666666666
62,0.040303209175666176,0.039036479343970615,1.2667295773824057,0.07109349220991135,0.525
63,0.04010952164729436,0.039109089473883314,1.0004320025444031,0.0743141770362854,0.5166666666666667
64,0.039452310651540756,0.038516241560379666,0.9360689640045166,0.06905998289585114,0.5166666666666667
65,0.03959886357188225,0.03858778725067775,1.0110762635866801,0.07357596606016159,0.5166666666666667
66,0.04062363728880882,0.03942380448182424,1.199832546710968,0.07125309109687805,0.4666666666666667
67,0.03954344143470128,0.03853321547309558,1.0102261026700339,0.07219929248094559,0.55
68,0.04523693198959033,0.04400099242726962,1.2359390616416932,0.07412723451852798,0.49166666666666664
69,0.04095971708496412,0.039750282963116966,1.209433658917745,0.07203926891088486,0.4666666666666667
70,0.040126205111543335,0.03901195265352726,1.1142520387967427,0.07485754042863846,0.48333333333333334
71,0.041151767348249754,0.04010427060226599,1.0474971413612366,0.07220202684402466,0.525
72,0.03879672810435295,0.03784234461685022,0.9543832858403524,0.07092231512069702,0.5333333333333333
73,0.03903767801821232,0.038054371749361354,0.983306352297465,0.07436159253120422,0.5083333333333333
74,0.03834708804885546,0.03720883391797543,1.1382541457811992,0.07458362728357315,0.5
75,0.0378569354613622,0.03688101842999458,0.9759169538815816,0.0746411681175232,0.5
76,0.040316000456611316,0.039144533003369966,1.1714675307273865,0.07375367730855942,0.5416666666666666
77,0.03789107911288738,0.03686145693063736,1.0296224037806192,0.06925532966852188,0.4583333333333333
78,0.04210564816991488,0.041114341095089914,0.9913068373998006,0.0697907954454422,0.49166666666666664
79,0.04615300446748734,0.04491700952251752,1.2359949350357056,0.07115674018859863,0.5166666666666667
80,0.04409818239510059,0.042969214046994844,1.1289686560630798,0.07374127209186554,0.525
81,0.03978008391956488,0.03880866343776385,0.9714208404223125,0.07414847612380981,0.5083333333333333
82,0.039962032809853554,0.03901881215473016,0.9432203451792399,0.07205870747566223,0.525
83,0.03828858782847722,0.037362727150321004,0.9258609652519226,0.07680332660675049,0.5083333333333333
84,0.04227800617615382,0.04119398780167103,1.084018381436666,0.0728546530008316,0.5416666666666666
85,0.04590359032154083,0.04453075180451075,1.3728381832440695,0.07915222644805908,0.4666666666666667
86,0.042446548988421755,0.041364622736970585,1.0819270253181457,0.07204106450080872,0.49166666666666664
87,0.03865952342748642,0.03777375432352225,0.8857692042986552,0.06994825601577759,0.475
88,0.03870858525236447,0.0377508632838726,0.9577217976252238,0.06964500993490219,0.5
89,0.04195968434214592,0.040892788643638295,1.0668950835863749,0.0728730782866478,0.48333333333333334
90,0.040764586379130684,0.039637122054894766,1.1274647990862527,0.07001641392707825,0.5333333333333333
91,0.0384929654498895,0.03750358236332734,0.9893834590911865,0.07290562242269516,0.525
92,0.04018387794494629,0.03905397802591324,1.129899831612905,0.06914647668600082,0.4666666666666667
93,0.03702940295139948,0.036046091467142105,0.9833111921946208,0.07531243562698364,0.475
94,0.041630536566178,0.04054153288404147,1.0890035033226013,0.07363996654748917,0.4666666666666667
95,0.038494054476420084,0.03742525428533554,1.06880011955897,0.07047348469495773,0.5
96,0.038061656430363654,0.0370269867281119,1.0346695224444071,0.07011330127716064,0.48333333333333334
97,0.037847647070884706,0.03692597697178523,0.9216705679893493,0.06869518756866455,0.5
98,0.03930256937940915,0.03827440204719702,1.0281670967737833,0.07170986384153366,0.5333333333333333
99,0.03825963251292706,0.037358084817727406,0.9015480597813924,0.07376239448785782,0.5333333333333333
100,0.03794950656592846,0.037041399131218594,0.908107872804006,0.06974729150533676,0.5
101,0.03736737246314684,0.036440230036775274,0.9271421909332276,0.06869412213563919,0.5166666666666667
102,0.037799495334426565,0.036776273821791015,1.0232214252154033,0.07070063054561615,0.5
103,0.037579502413670224,0.036632317056258516,0.9471851706504821,0.07119917124509811,0.48333333333333334
104,0.0391113938142856,0.03817945308983326,0.9319405873616536,0.06934207677841187,0.48333333333333334
105,0.03782203619678815,0.03681596244374911,1.0060739040374755,0.07066327333450317,0.5333333333333333
106,0.04027054533362388,0.039313421274224915,0.9571238835652669,0.08346616476774216,0.525
107,0.04261204662422339,0.04143606026967366,1.1759858965873717,0.07005856931209564,0.5083333333333333
108,0.03644067744414012,0.03556945795814196,0.8712195078531901,0.07133644074201584,0.45
109,0.038597968965768815,0.03766030768553416,0.9376610199610392,0.07338591665029526,0.49166666666666664
110,0.03768480022748311,0.03672496974468231,0.9598299622535705,0.0717981681227684,0.525
111,0.03725708723068237,0.03627809137105942,0.9789955576260885,0.07625971734523773,0.5
112,0.041239336133003235,0.040228800972302754,1.0105351567268372,0.0716056227684021,0.49166666666666664
113,0.04042741556962331,0.039306669806440674,1.1207457224527995,0.07088365405797958,0.5333333333333333
114,0.03946881393591563,0.038477193812529245,0.9916200160980224,0.06879528611898422,0.5
115,0.0390763159841299,0.038184694945812225,0.891620667775472,0.06864095479249954,0.5166666666666667
116,0.037332211559017496,0.03636121526360512,0.9709963440895081,0.06957205384969711,0.5333333333333333
117,0.03705417327582836,0.03624006373186906,0.8141099492708842,0.0706251785159111,0.49166666666666664
118,0.03718282033999761,0.036267247920234995,0.9155724962552388,0.07063093781471252,0.5
119,0.03987982670466105,0.03881284222006798,1.066984482606252,0.0706852525472641,0.5166666666666667
120,0.037203925227125484,0.0361976258456707,1.0062991499900817,0.06898772716522217,0.5083333333333333
121,0.03524467063446839,0.0344398271292448,0.8048435767491658,0.06829392910003662,0.4583333333333333
122,0.038912178079287214,0.03782469828923543,1.0874800046284994,0.07105768471956253,0.475
123,0.042482789357503256,0.041282701989014944,1.2000869274139405,0.07405626028776169,0.48333333333333334
124,0.041135377685228985,0.04000575256844362,1.1296250184377035,0.07809872925281525,0.49166666666666664
125,0.03782893816630046,0.0369182001799345,0.9107378562291463,0.07230810821056366,0.5083333333333333
126,0.03710416567822297,0.03617571443319321,0.9284508864084879,0.06802773475646973,0.5166666666666667
127,0.03592764462033907,0.03494782211879889,0.9798225124677022,0.07109465450048447,0.5
128,0.03734237675865491,0.036366734032829605,0.9756426850954691,0.07198071479797363,0.5166666666666667
129,0.03572414157291253,0.03473231134315332,0.9918307860692342,0.07569079101085663,0.5
130,0.0410567765434583,0.03996192527314027,1.094851016998291,0.07111133635044098,0.55
131,0.04149613628784816,0.04042399103442828,1.0721451401710511,0.06883439421653748,0.5083333333333333
132,0.039824124922355014,0.03875888672967752,1.0652383844057718,0.07345561683177948,0.48333333333333334
133,0.03799796551465988,0.03696130799750487,1.036657694975535,0.06925985962152481,0.5166666666666667
134,0.03814055770635605,0.03712834964195887,1.0122074842453004,0.07143578678369522,0.475
135,0.037222143510977426,0.03617161698639393,1.0505262692769368,0.06958033889532089,0.5083333333333333
136,0.03468333544830481,0.033899131789803506,0.7842032670974731,0.0720483660697937,0.48333333333333334
137,0.03445851157108943,0.033601377283533414,0.857133944829305,0.06846227496862411,0.48333333333333334
138,0.037459325045347214,0.03651336915791035,0.9459560871124267,0.06968352198600769,0.525
139,0.03685029037296772,0.035877892002463344,0.972398563226064,0.07011641561985016,0.48333333333333334
140,0.03780311867594719,0.03686722939213117,0.9358894864718119,0.0684107318520546,0.4666666666666667
141,0.037967769677440324,0.03701411001384258,0.95365971326828,0.06765744835138321,0.49166666666666664
142,0.03701246653993925,0.035948201765616736,1.0642651240030925,0.0695907473564148,0.4666666666666667
143,0.03684558197855949,0.035913628588120146,0.9319531361262003,0.06820371747016907,0.5333333333333333
144,0.03561890261868636,0.03477642436822256,0.8424777905146281,0.06937116384506226,0.5333333333333333
145,0.038328562801082926,0.03725365772843361,1.0749045610427856,0.06951504200696945,0.5
146,0.03750400729477406,0.03650423251092434,0.9997750202814738,0.06518847495317459,0.5083333333333333
147,0.03708665519952774,0.03612940882643064,0.9572462876637776,0.06862850487232208,0.525
148,0.03904750148455302,0.03799289104839166,1.0546101888020833,0.06930475682020187,0.475
149,0.04080688804388046,0.039691902324557306,1.1149861534436545,0.07392501085996628,0.5166666666666667
150,0.040856026609738666,0.03980430786808332,1.0517185529073079,0.0773109570145607,0.5166666666666667
151,0.03998476614554723,0.03893361737330755,1.051148736476898,0.06647971272468567,0.5
152,0.039618098239103956,0.038391468673944475,1.2266293048858643,0.07139498740434647,0.5416666666666666
153,0.037062408154209456,0.03595101423561573,1.1113942583402,0.06753960996866226,0.4666666666666667
154,0.035150784999132156,0.03422280227144559,0.927983017762502,0.06940065324306488,0.48333333333333334
155,0.035102406765023866,0.034188369661569594,0.9140368183453877,0.06957133859395981,0.525
156,0.036453544969360034,0.03538109386960665,1.0724511702855428,0.06948760151863098,0.5166666666666667
157,0.036780320356289545,0.035768220325311025,1.0121001442273458,0.070765420794487,0.48333333333333334
158,0.03709990208347638,0.0360667967547973,1.0331049998601278,0.06883551925420761,0.475
159,0.038431066026290255,0.03734565638005734,1.0854097127914428,0.07368401437997818,0.475
160,0.037475111832221346,0.036529385422666864,0.9457265257835388,0.06891562044620514,0.5083333333333333
161,0.03958793357014656,0.03853347140053908,1.054462238152822,0.07265198975801468,0.5166666666666667
162,0.03752797196308772,0.03657311573624611,0.9548561970392863,0.0690542459487915,0.5
163,0.03690019150575002,0.036011755218108496,0.8884364366531372,0.0732308030128479,0.48333333333333334
164,0.03683872024218241,0.035862706849972406,0.9760131716728211,0.06791553646326065,0.44166666666666665
165,0.04042194286982218,0.039175139367580415,1.2468036492665608,0.06884592771530151,0.475
166,0.04753372060755889,0.04622800077001254,1.3057197690010072,0.07299002259969711,0.4583333333333333
167,0.03890064805746078,0.03771004006266594,1.1906081755956015,0.07226230949163437,0.5166666666666667
168,0.03927675187587738,0.03812376745045185,1.1529845078786214,0.07401610910892487,0.5333333333333333
169,0.04142497902115186,0.04009230732917786,1.3326715389887491,0.07139036059379578,0.48333333333333334
170,0.03795176036655903,0.036883266270160676,1.0684941013654072,0.06752073019742966,0.55
171,0.03628848753869533,0.035422158986330034,0.8663285811742146,0.0679166167974472,0.48333333333333334
172,0.035759592925508815,0.03488092521826426,0.8786675214767456,0.07298547029495239,0.49166666666666664
173,0.03670615144073963,0.035717546939849854,0.9886045177777608,0.0683596208691597,0.5083333333333333
174,0.039191991960008936,0.03811032809317112,1.081664005915324,0.07206881046295166,0.525
175,0.037037244190772374,0.036134832973281544,0.9024111866950989,0.06739920377731323,0.5
176,0.036941840002934136,0.0359233529617389,1.0184871633847554,0.06910906732082367,0.5
177,0.03731191270053387,0.036399794494112334,0.9121174097061158,0.08004476875066757,0.5166666666666667
178,0.03895871043205261,0.037860956291357675,1.097753651936849,0.06842784583568573,0.5083333333333333
179,0.03432493557532628,0.03350455326338609,0.8203824599583943,0.08092547208070755,0.4583333333333333
180,0.038972001522779465,0.037961597989002865,1.0104037602742513,0.07404714822769165,0.5
181,0.03911081030964851,0.03805940163632234,1.0514087796211242,0.07096632570028305,0.48333333333333334
182,0.0363919938604037,0.03525769636034966,1.1342973232269287,0.07507561892271042,0.4666666666666667
183,0.038269072274367016,0.037104590237140654,1.1644815325737,0.06999154388904572,0.5
184,0.03505057667692502,0.03417043623824914,0.8801399946212769,0.07565625011920929,0.5833333333333334
185,0.037928063919146854,0.03695724258820216,0.9708209753036499,0.06822614371776581,0.49166666666666664
186,0.0365892610202233,0.035715077444911,0.8741833249727885,0.06721306592226028,0.48333333333333334
187,0.035843708862861,0.03492580478390058,0.917904281616211,0.06955108046531677,0.55
188,0.03798021599650383,0.03706307336688042,0.9171422004699707,0.07508257031440735,0.5083333333333333
189,0.040173157552878064,0.039098668346802395,1.0744890650113423,0.07180827856063843,0.5166666666666667
190,0.03761176355183125,0.0366859283298254,0.9258351683616638,0.07616560906171799,0.48333333333333334
191,0.039546611905097964,0.03849816123644511,1.048450493812561,0.07498724013566971,0.4583333333333333
192,0.04092686548829079,0.039813853055238727,1.1130125125249226,0.06827036291360855,0.5083333333333333
193,0.037999796619017916,0.037063463032245635,0.9363335212071736,0.07523581385612488,0.5083333333333333
194,0.0371836024026076,0.03625525136788686,0.9283513029416403,0.07438506931066513,0.48333333333333334
195,0.03404440556963285,0.03315335214138031,0.8910537322362264,0.07919149845838547,0.48333333333333334
196,0.03683156569798787,0.035867868612209954,0.9636974056561788,0.07011011242866516,0.5
197,0.03517152927815914,0.03417461390296618,0.9969154795010885,0.07459060847759247,0.475
198,0.03877828617890676,0.03757950129608313,1.1987840135892232,0.06867336481809616,0.475
199,0.03475846362610658,0.033777449280023575,0.9810144543647766,0.07144303619861603,0.48333333333333334
200,0.03389607245723406,0.033068389942248665,0.8276822249094645,0.07516336441040039,0.5083333333333333
201,0.03398403289417426,0.03308832049369812,0.8957124352455139,0.06797778606414795,0.5166666666666667
202,0.03601755412916342,0.035161031410098076,0.8565221746762594,0.07696912437677383,0.4583333333333333
203,0.03679248616099358,0.03585300482809543,0.9394813577334086,0.07341782003641129,0.48333333333333334
204,0.037797551850477853,0.03682178432742755,0.975767723719279,0.08015075325965881,0.475
205,0.03718522352476915,0.03598247542977333,1.2027481198310852,0.07786424458026886,0.5583333333333333
206,0.03824761336048444,0.03705056657393773,1.197046454747518,0.07393769919872284,0.5166666666666667
207,0.036214815080165864,0.03505382426083088,1.1609909693400065,0.08056998997926712,0.49166666666666664
208,0.03534840556482474,0.034312563265363374,1.0358418623606365,0.07388211786746979,0.5083333333333333
209,0.03509065645436446,0.03405100045104822,1.0396555145581563,0.07442840933799744,0.475
210,0.03620717339217663,0.03518292891482512,1.0242444078127544,0.07054126262664795,0.5
211,0.0376688752323389,0.036651622007290524,1.0172529300053914,0.0849825069308281,0.5333333333333333
212,0.03618145597477754,0.03520997191468875,0.9714838186899821,0.07266301661729813,0.5166666666666667
213,0.037285938113927844,0.03622986723979314,1.0560707887013754,0.07634767144918442,0.475
214,0.03775376429160436,0.03671844887236754,1.035315454006195,0.07170014083385468,0.45
215,0.03631299945215384,0.03527825226386388,1.0347472310066224,0.07174433022737503,0.55
216,0.03571931198239327,0.0346856572975715,1.0336544950803122,0.0698973760008812,0.49166666666666664
217,0.03568484509984652,0.03458608128130436,1.0987636645634968,0.07260839641094208,0.475
218,0.036934448530276616,0.035887587194641433,1.0468612432479858,0.07297439873218536,0.5
219,0.03458554136256377,0.03357088454067707,1.0146568059921264,0.07418154180049896,0.49166666666666664
220,0.036366991326212884,0.03535786420106888,1.0091270844141642,0.07157723605632782,0.475
221,0.03466448982556661,0.033632361143827436,1.0321285287539164,0.07207588851451874,0.5
222,0.03339764438569546,0.03254869592686494,0.8489486575126648,0.07477866858243942,0.5083333333333333
223,0.0320983470728,0.031320386876662575,0.7779600660006205,0.07045309245586395,0.55
224,0.035026107107599576,0.03412297492225965,0.9031321962674459,0.07778296619653702,0.475
225,0.03812154481808345,0.037077086170514424,1.0444591283798217,0.07181677967309952,0.5416666666666666
226,0.035674747576316196,0.03471065660317739,0.9640910347302755,0.07415102422237396,0.4666666666666667
227,0.0332207951694727,0.03231996012230714,0.900835108757019,0.07227117568254471,0.5083333333333333
228,0.034466398507356645,0.033511070534586906,0.9553279280662537,0.07473432272672653,0.48333333333333334
229,0.036909557258089386,0.03585954283674558,1.0500139117240905,0.07935959100723267,0.4583333333333333
230,0.03563604578375816,0.03466506600379944,0.9709798653920492,0.07762819528579712,0.5083333333333333
231,0.03578419660528501,0.03483606167137623,0.9481347799301147,0.0701444000005722,0.525
232,0.03716053937872251,0.03621724670132001,0.9432921886444092,0.08183225244283676,0.48333333333333334
233,0.0344430074095726,0.03356106330951055,0.8819438099861145,0.07040029019117355,0.49166666666666664
234,0.03655009840925535,0.035675305500626565,0.8747929493586223,0.07970701903104782,0.4666666666666667
235,0.03370899794002374,0.03291211562852065,0.7968821446100871,0.072247713804245,0.48333333333333334
236,0.035977825770775476,0.03497068646053473,1.0071393291155497,0.07359898835420609,0.475
237,0.034362193942070005,0.03333831330140432,1.0238805969556173,0.07141520082950592,0.5166666666666667
238,0.03497114467124144,0.03400569334626198,0.9654509623845419,0.07656601071357727,0.5166666666666667
239,0.03706518113613129,0.03602433825532595,1.040842072168986,0.0808342695236206,0.49166666666666664
240,0.03700721027950446,0.03596580202380816,1.0414081851641337,0.07343021035194397,0.4666666666666667
241,0.03527931359906991,0.03443061895668507,0.8486945827802023,0.07606709748506546,0.525
242,0.035516597454746564,0.03462472918132941,0.8918680826822917,0.07288511097431183,0.4666666666666667
243,0.037307691449920334,0.03632816250125567,0.9795288761456807,0.0710335448384285,0.475
244,0.03353927657008171,0.03267854191362858,0.8607347170511882,0.07218684256076813,0.5333333333333333
245,0.034233759716153146,0.03338117922345797,0.8525801062583923,0.07285312563180923,0.4583333333333333
246,0.035099876051147776,0.03418347264329592,0.9164031942685446,0.07319678366184235,0.5333333333333333
247,0.036145810162027676,0.035191987703243895,0.9538225452105205,0.07407552003860474,0.49166666666666664
248,0.03480019730826219,0.03385343290865421,0.9467637022336324,0.06701759248971939,0.475
249,0.03553665106495221,0.03466843751569589,0.8682135303815206,0.06852437555789948,0.5083333333333333
250,0.037089792018135385,0.03619775387148062,0.8920379400253295,0.06870578229427338,0.475
251,0.036454932764172554,0.035635623584191006,0.8193093458811442,0.0679665207862854,0.5083333333333333
252,0.034786658734083174,0.03390990073482195,0.8767578959465027,0.07922143489122391,0.48333333333333334
253,0.038123472779989245,0.03712926730513573,0.9942054549853007,0.069008007645607,0.575
254,0.039462333917617796,0.0385020283361276,0.9603054761886597,0.07417019456624985,0.475
255,0.03520232314864794,0.034286936620871226,0.9153859853744507,0.06987638026475906,0.5083333333333333
256,0.034552969286839166,0.03367244265973568,0.8805269161860149,0.06897164136171341,0.475
257,0.03494989549120267,0.034040298933784165,0.9095964630444845,0.0769575983285904,0.48333333333333334
258,0.03602286564807097,0.03509150569637617,0.9313602328300477,0.07059498131275177,0.525
259,0.037430874382456146,0.03650143357614676,0.929440418879191,0.07410575449466705,0.5166666666666667
260,0.03694450296461582,0.03599987054864565,0.9446324507395426,0.07634847611188889,0.5166666666666667
261,0.03772544004023075,0.0366730244209369,1.0524157126744589,0.07081182301044464,0.49166666666666664
262,0.03939235111077626,0.03827022003630797,1.1221309701601665,0.07483208924531937,0.49166666666666664
263,0.03747641295194626,0.03639655423661073,1.079858648777008,0.06699887663125992,0.49166666666666664
264,0.03418292726079623,0.03337566430370013,0.8072625676790873,0.07351185381412506,0.5166666666666667
265,0.03386911513904731,0.03303206078708172,0.8370546142260233,0.07291852682828903,0.48333333333333334
266,0.0360395980377992,0.03504187688231468,0.9977208733558655,0.07403219491243362,0.475
267,0.03521815004448096,0.03424205196400484,0.976097826162974,0.07008922845125198,0.5
268,0.03430842657883962,0.03341247451802095,0.895951783657074,0.07439763844013214,0.49166666666666664
269,0.035047777866323786,0.03405747103194396,0.9903067946434021,0.07405567169189453,0.5
270,0.03531015440821648,0.034331948558489485,0.9782054185867309,0.07577908039093018,0.48333333333333334
271,0.03410256778200468,0.03325053217510383,0.8520351688067118,0.07932454347610474,0.49166666666666664
272,0.0354325357824564,0.03442361218233903,1.0089233676592508,0.07022543251514435,0.525
273,0.03650812457005183,0.03557652719318867,0.9315974911053976,0.0730368047952652,0.43333333333333335
274,0.03514706082642079,0.034219951306780176,0.9271097222963969,0.07229205965995789,0.48333333333333334
275,0.03245637950797876,0.031713932876785596,0.7424461801846822,0.07315550744533539,0.5166666666666667
276,0.03525400124490261,0.03428834453225136,0.965656848748525,0.0777679979801178,0.525
277,0.03438403320809205,0.03347694985568524,0.9070833285649618,0.08244001120328903,0.49166666666666664
278,0.03594461530447006,0.03505007214844227,0.8945430318514506,0.07602021843194962,0.5166666666666667
279,0.03511752237876256,0.03431595439712207,0.8015682776769002,0.07102639973163605,0.48333333333333334
280,0.03391665605207284,0.0330554474145174,0.8612085461616517,0.07391360402107239,0.525
281,0.03650483675301075,0.03566261741022269,0.8422198216120402,0.07802622765302658,0.5083333333333333
282,0.03569195692737897,0.03471802907685439,0.9739280025164286,0.07566597312688828,0.475
283,0.033324401701490085,0.032475317393740016,0.8490845680236816,0.07085739076137543,0.5
284,0.03377078399062157,0.03282277137041092,0.9480125188827515,0.08172699809074402,0.5166666666666667
285,0.03495683794220288,0.03400191192825635,0.9549265265464782,0.07250124216079712,0.45
286,0.03633801117539406,0.03538940685490767,0.9486042141914368,0.0790134146809578,0.48333333333333334
287,0.036625639100869495,0.03573420432706674,0.891435194015503,0.06920395791530609,0.525
288,0.0356094998617967,0.03476378930111726,0.8457103768984476,0.0873340591788292,0.5416666666666666
289,0.039875179156661035,0.03894993339975675,0.9252455075581868,0.07237850874662399,0.5083333333333333
290,0.03554990800718467,0.03446805278460185,1.0818554639816285,0.07559897750616074,0.48333333333333334
291,0.034276703372597694,0.03329460273186366,0.9821009516716004,0.07723481953144073,0.49166666666666664
292,0.03410539378722509,0.033149541914463045,0.9558520197868348,0.07475855946540833,0.48333333333333334
293,0.03601193055510521,0.03509670297304789,0.9152279575665792,0.07409639656543732,0.5083333333333333
294,0.0347053865591685,0.033925919855634375,0.7794668634732564,0.07420221716165543,0.5333333333333333
295,0.03277066412071387,0.031906392176946005,0.8642717798550924,0.07735179364681244,0.4583333333333333
296,0.03395425404111544,0.03307818112274011,0.8760724226633708,0.0743822380900383,0.48333333333333334
297,0.03445270967980226,0.03347157339255015,0.9811359405517578,0.07507313042879105,0.48333333333333334
298,0.03446669019758701,0.03348627251883348,0.9804179509480794,0.07078792154788971,0.475
299,0.033007946858803434,0.03218775702019532,0.8201901753743489,0.08307873457670212,0.475
300,0.038618507732947664,0.03770571649074554,0.9127911965052287,0.07509397715330124,0.475
301,0.03490205109119415,0.033941694224874176,0.9603568077087402,0.07891075313091278,0.4583333333333333
302,0.03436951550344626,0.033419127389788625,0.9503883719444275,0.08532460033893585,0.48333333333333334
303,0.03429664671421051,0.0333466758330663,0.9499712705612182,0.08214277774095535,0.5
304,0.03959091044962406,0.03850241315861543,1.0884973247845968,0.0727769285440445,0.5333333333333333
305,0.03724986041585605,0.0363358403245608,0.9140199581782024,0.07320617884397507,0.4583333333333333
306,0.03630190355082353,0.035330370316902796,0.971533191204071,0.08147167414426804,0.475
307,0.035609891762336095,0.034682735924919446,0.9271557887395223,0.07414503395557404,0.475
308,0.03506918773055077,0.03418266288936138,0.8865246812502543,0.07276690751314163,0.4666666666666667
309,0.035334719344973564,0.03437460275987784,0.9601167559623718,0.07445891201496124,0.5
310,0.033356609443823494,0.03260350873072942,0.7531006892522176,0.07229605317115784,0.475
311,0.03746498016019662,0.036515439550081887,0.9495409886042278,0.07005681842565536,0.4666666666666667
312,0.037237247452139854,0.03619296501080195,1.0442821621894836,0.08253373205661774,0.48333333333333334
313,0.037079817801713946,0.03613294040163358,0.9468775431315104,0.07077663391828537,0.5
314,0.033462558935085936,0.03261342197656632,0.8491366426150004,0.06966681033372879,0.5083333333333333
315,0.03487410446008046,0.03405516979595025,0.8189350128173828,0.08171609044075012,0.5083333333333333
316,0.034705268839995064,0.03383126743137836,0.8740010221799215,0.07071968913078308,0.475
317,0.03486543434361617,0.033815807476639745,1.0496263345082602,0.07501080632209778,0.5083333333333333
318,0.036329966286818186,0.03533445820212364,0.9955079833666484,0.07023248076438904,0.4583333333333333
319,0.034854275981585185,0.033874481543898584,0.9797945022583008,0.07304393500089645,0.5083333333333333
320,0.03464039402703444,0.033557405695319176,1.082987944285075,0.07033419609069824,0.4666666666666667
321,0.03462195123235385,0.03366699914137523,0.9549519300460816,0.07153670489788055,0.5
322,0.033426149065295854,0.03251422233879566,0.9119266748428345,0.07925982773303986,0.4666666666666667
323,0.03447951773802439,0.033584942544500035,0.8945746620496114,0.07379832863807678,0.48333333333333334
324,0.03393820275863012,0.03300329049428304,0.93491237560908,0.07153717428445816,0.4583333333333333
325,0.03429959267377854,0.03340691675742467,0.8926760872205098,0.06964028626680374,0.5416666666666666
326,0.03332712476452192,0.03246047558883826,0.8666493693987528,0.07124068588018417,0.5166666666666667
327,0.03440093609193961,0.033417660867174466,0.9832751909891765,0.07217000424861908,0.45
328,0.03518796016772588,0.034158552438020705,1.0294078787167866,0.07028744369745255,0.425
329,0.03267412148416042,0.03181778142849604,0.8563403884569804,0.0707620307803154,0.5083333333333333
330,0.03297257907688618,0.032006732374429706,0.9658462643623352,0.07825951278209686,0.48333333333333334
331,0.035839693372448286,0.03489475709696611,0.9449362436930339,0.08049428462982178,0.525
332,0.03189824211100737,0.031164213890830676,0.7340282519658407,0.07407411932945251,0.4666666666666667
333,0.03287574760615826,0.03207585588097572,0.7998915751775105,0.06986941397190094,0.45
334,0.03395626520117124,0.033102966472506525,0.8532983938852946,0.07704168558120728,0.4666666666666667
335,0.034303559983770056,0.033459765712420146,0.8437948584556579,0.07273174822330475,0.475
336,0.034148820737997694,0.03329007588326931,0.8587448477745057,0.07861807197332382,0.525
337,0.03301984357337157,0.03219315918783347,0.8266843716303508,0.06727904081344604,0.5
338,0.03269815631210804,0.031822303434213,0.8758526961008708,0.07405957579612732,0.48333333333333334
339,0.034497105951110524,0.033629534766077995,0.867571485042572,0.06989403814077377,0.525
340,0.033041520540912944,0.032209787890315054,0.8317326029141744,0.0738598108291626,0.4583333333333333
341,0.032942275330424306,0.03202385964492957,0.9184154629707336,0.07371093332767487,0.5166666666666667
342,0.03280857006708781,0.03191725251575311,0.8913172682126363,0.07239259034395218,0.475
343,0.03509177602827549,0.03405969055990378,1.032085112730662,0.07730141282081604,0.45
344,0.038929375757773714,0.03788245109220346,1.046924595038096,0.07353289425373077,0.5166666666666667
345,0.036029174303015075,0.03515713264544805,0.8720413366953532,0.07897323369979858,0.5333333333333333
346,0.03327696472406387,0.032384707530339556,0.8922576030095418,0.06841634213924408,0.5
347,0.032615566005309425,0.03185651712119579,0.7590489546457927,0.07749490439891815,0.475
348,0.032432198027769726,0.031631019338965415,0.8011785785357157,0.07116775959730148,0.475
349,0.03372862127919992,0.03282095082104206,0.907670505841573,0.07399577647447586,0.5166666666666667
350,0.03360110074281693,0.032687750582893686,0.9133497794469198,0.06978289783000946,0.5083333333333333
351,0.03433443469305833,0.03329453803598881,1.0398966073989868,0.07257971912622452,0.48333333333333334
352,0.03202485765020053,0.031198709458112716,0.8261484464009603,0.07685228437185287,0.48333333333333334
353,0.03469799906015396,0.0337690735856692,0.9289255936940511,0.07357481122016907,0.5083333333333333
354,0.03258758510152499,0.03174553848803043,0.8420466502507528,0.07180814445018768,0.4666666666666667
355,0.033264304821689926,0.03240523015459378,0.859074592590332,0.07198261469602585,0.475
356,0.0363557922343413,0.035396830861767134,0.9589612126350403,0.07278271019458771,0.5083333333333333
357,0.032633237168192865,0.0317966490983963,0.8365882555643718,0.06885130703449249,0.5333333333333333
358,0.034383251518011096,0.033490122233827906,0.893129309018453,0.0839533880352974,0.5166666666666667
359,0.03789377125600974,0.036923529704411824,0.9702417969703674,0.06832848489284515,0.5333333333333333
360,0.03227213223775228,0.031482667475938794,0.7894649465878805,0.07482494413852692,0.475
361,0.032287424554427464,0.03149060383439064,0.7968208114306132,0.07124098390340805,0.4583333333333333
362,0.034221548462907474,0.033324407786130904,0.8971404155095418,0.07523369044065475,0.5
363,0.03363321274518967,0.0326728622118632,0.9603503863016765,0.073210209608078,0.5333333333333333
364,0.03226671541730563,0.03151306721071402,0.7536475896835327,0.0922938883304596,0.5
365,0.03874254859983921,0.0377408180385828,1.0017305692036946,0.07042267918586731,0.5333333333333333
366,0.03555384154121081,0.03461524111529191,0.9386005679766337,0.07204566150903702,0.48333333333333334
367,0.03334778286516667,0.03253328142066796,0.8145016153653463,0.06735058128833771,0.48333333333333334
368,0.034860450153549515,0.0339605662971735,0.8998840928077698,0.07612477988004684,0.5083333333333333
369,0.033936336636543274,0.03308702744543553,0.8493095676104228,0.07453633844852448,0.45
370,0.03392674910525481,0.03292802857855956,0.9987206896146138,0.0700145736336708,0.48333333333333334
371,0.0368346826483806,0.03595499756435553,0.8796849886576334,0.07165095955133438,0.5
372,0.03527653949956099,0.03428174927830696,0.994789969921112,0.07099421322345734,0.5333333333333333
373,0.03493910742302735,0.034012551481525106,0.9265558163324992,0.07291829586029053,0.4583333333333333
374,0.033804231137037274,0.03291238186260064,0.8918495655059815,0.07769490033388138,0.48333333333333334
375,0.0381414578606685,0.03716445192694664,0.9770056088765462,0.07933327555656433,0.4666666666666667
376,0.03733032134672006,0.03623683167000612,1.0934890627861023,0.07043612748384476,0.5333333333333333
377,0.03555889998873075,0.03441809453070164,1.1408051609992982,0.07041941583156586,0.5
378,0.032675568262736,0.031808460131287575,0.8671082814534505,0.08369410783052444,0.5083333333333333
379,0.03727612309157848,0.03627349312106768,1.0026298840840657,0.0747869536280632,0.5083333333333333
380,0.03517217176655928,0.03427904285490513,0.893129273255666,0.07573588192462921,0.5333333333333333
381,0.034100678935647014,0.0331249114125967,0.9757676124572754,0.0739305168390274,0.49166666666666664
382,0.034806434685985245,0.03381539843976498,0.9910362283388774,0.0679733157157898,0.5083333333333333
383,0.03351993151009083,0.0326381903141737,0.8817413330078125,0.08479516208171844,0.5
384,0.0360415851076444,0.03514959054688613,0.8919944922129314,0.07286985963582993,0.5416666666666666
385,0.03485235335926215,0.03400080377856891,0.8515494505564372,0.07725566625595093,0.5
386,0.03179784044623375,0.030998992423216503,0.7988480726877848,0.07149537652730942,0.5166666666666667
387,0.03455624443789323,0.03364899431665738,0.9072500546773274,0.07095681875944138,0.49166666666666664
388,0.03387431378165881,0.032984932884573936,0.8893807927767435,0.07090277224779129,0.5083333333333333
389,0.03348286896944046,0.03266446317235629,0.818405544757843,0.06640756875276566,0.48333333333333334
390,0.034987369924783705,0.03394411318004131,1.0432565808296204,0.0783575177192688,0.5083333333333333
391,0.035173292458057406,0.03429748776058356,0.8758046905199687,0.07741066068410873,0.5083333333333333
392,0.03740270274380843,0.036483203743894896,0.919499146938324,0.07463306933641434,0.49166666666666664
393,0.03432063311338425,0.033381148055195806,0.9394851088523865,0.07352115958929062,0.5083333333333333
394,0.03329966217279434,0.032427963862816496,0.8716981967290243,0.0704616904258728,0.5
395,0.03276873429616292,0.031848261257012685,0.920473062992096,0.0764557272195816,0.525
396,0.033755151679118474,0.03280453272163868,0.9506185293197632,0.07093755900859833,0.5
397,0.032718978077173236,0.031821422403057416,0.8975551883379619,0.07289669662714005,0.44166666666666665
398,0.036152870704730354,0.03526900000870228,0.8838700254758199,0.08224182575941086,0.4666666666666667
399,0.03912368342280388,0.03814687480529149,0.97680850426356,0.07028108835220337,0.49166666666666664
400,0.039653581629196806,0.03868318721652031,0.9703944683074951,0.07543804496526718,0.5166666666666667
401,0.03517166835566362,0.034192593519886336,0.9790750463803609,0.07302210479974747,0.48333333333333334
402,0.03360752463340759,0.03265342737237612,0.9540972073872884,0.07018118351697922,0.5583333333333333
403,0.033023750657836595,0.03207968299587568,0.9440673192342123,0.07687536627054214,0.49166666666666664
404,0.03299651357034842,0.032011146346728005,0.9853679140408834,0.07139280438423157,0.44166666666666665
405,0.034543698901931444,0.03356297040979068,0.9807287375132243,0.07146420329809189,0.5
406,0.033470321695009866,0.03235606576005618,1.1142558693885802,0.07736215740442276,0.49166666666666664
407,0.033527543768286705,0.03257377507785956,0.9537685712178549,0.07284699380397797,0.49166666666666664
408,0.03479081317782402,0.033764343212048215,1.0264700492223104,0.07007373869419098,0.5666666666666667
409,0.03247219212353229,0.03159884872535865,0.8733430345853169,0.07962873578071594,0.5166666666666667
410,0.03580267069240411,0.03486958332359791,0.9330875794092814,0.07933678478002548,0.4666666666666667
411,0.03616845260063807,0.03529359276096026,0.8748597661654155,0.0726950392127037,0.48333333333333334
412,0.036411213750640554,0.035526790842413905,0.8844228784243265,0.0852578729391098,0.5
413,0.033386007448037464,0.03256090593834718,0.8251014272371928,0.07352985441684723,0.525
414,0.03204653399686019,0.031250766664743426,0.7957671999931335,0.07692524790763855,0.44166666666666665
415,0.03299857179323832,0.03215546881159147,0.8431029558181763,0.07739998400211334,0.49166666666666664
416,0.032731949165463445,0.03183537336687247,0.896575806538264,0.07671685516834259,0.49166666666666664
417,0.03549647741019726,0.03458545828859012,0.911018983523051,0.07440950721502304,0.5416666666666666
418,0.03266167640686035,0.031881576279799144,0.7801000754038493,0.07064396142959595,0.475
419,0.0330544621994098,0.03228260762989521,0.7718548655509949,0.07165902107954025,0.5333333333333333
420,0.03252774861951669,0.03167281808952491,0.8549306432406107,0.06974765658378601,0.5083333333333333
421,0.03262784009178479,0.03174596205353737,0.8818782687187194,0.07711289077997208,0.49166666666666664
422,0.03214967908958594,0.031304555883010225,0.8451233466466268,0.07043318450450897,0.48333333333333334
423,0.0351747148980697,0.03410933203995228,1.065382214387258,0.07135544717311859,0.5
424,0.034645624831318854,0.033596010381976765,1.0496145009994506,0.07496175169944763,0.44166666666666665
425,0.03473423334459464,0.033820733055472375,0.9134997646013896,0.06892088800668716,0.4583333333333333
426,0.031848099827766416,0.030999378363291422,0.8487216711044312,0.07596279680728912,0.525
427,0.03427861568828424,0.03331525425116221,0.9633612116177876,0.07038596272468567,0.5166666666666667
428,0.03216066919267178,0.031230047717690466,0.9306213577588399,0.07573327422142029,0.48333333333333334
429,0.03183916509151459,0.03099129026134809,0.8478747129440307,0.06855282932519913,0.4583333333333333
430,0.03153017051517963,0.030675632382432618,0.8545379201571147,0.07521884143352509,0.5166666666666667
431,0.03474891508618991,0.03390422686934471,0.8446879506111145,0.06933232396841049,0.525
432,0.033128184452652934,0.03221704587340355,0.911138633886973,0.08665881305932999,0.48333333333333334
433,0.033469430481394134,0.03254585365454356,0.9235769192377726,0.06885693222284317,0.5083333333333333
434,0.03348048987487952,0.032583579421043396,0.8969109853108724,0.07797715067863464,0.49166666666666664
435,0.0321865947296222,0.03139861387511094,0.787981100877126,0.07153240591287613,0.5
436,0.033876291538278265,0.03284538673857848,1.0309050321578979,0.0723562091588974,0.48333333333333334
437,0.03316926682988803,0.032334923495848975,0.8343435366948445,0.07142790406942368,0.48333333333333334
438,0.03221521327892939,0.03144881290694078,0.7664004961649576,0.0732414647936821,0.475
439,0.03281734163562457,0.03196394145488739,0.8534001866976421,0.07068219035863876,0.5333333333333333
440,0.030653322860598565,0.029892720530430475,0.7606024622917176,0.06582548469305038,0.5166666666666667
441,0.031601673985521,0.030836740136146547,0.7649336298306783,0.07050102204084396,0.5333333333333333
442,0.03370072729885578,0.032826540246605876,0.8741872866948446,0.07223154604434967,0.5
443,0.03444657387832801,0.033523106450835866,0.9234674453735352,0.0681002214550972,0.525
444,0.036902040367325147,0.035952569420139,0.9494708736737569,0.06906632333993912,0.475
445,0.03504622889061769,0.034210033466418585,0.8361953814824422,0.06776335835456848,0.475
446,0.03817218827704589,0.03722280884782473,0.9493794838587443,0.07779788970947266,0.49166666666666664
447,0.034767863775293034,0.03376170992851257,1.0061537226041157,0.07822680473327637,0.5416666666666666
448,0.03374744479854901,0.032717161004741986,1.0302836418151855,0.07275258004665375,0.49166666666666664
449,0.03250870890915394,0.031698353961110114,0.8103544036547343,0.07170034199953079,0.5083333333333333
450,0.032518890748421354,0.031584238012631737,0.9346528291702271,0.0724421888589859,0.5083333333333333
451,0.03188827385505041,0.031067446619272233,0.8208270986874898,0.07198039442300797,0.525
452,0.03143225076297919,0.03062490907808145,0.8073416829109192,0.0749492198228836,0.5166666666666667
453,0.032239876811703046,0.03140471453468005,0.8351625482241313,0.06701957434415817,0.49166666666666664
454,0.033463815972208974,0.032648937900861104,0.8148780504862467,0.08036289364099503,0.4666666666666667
455,0.03387596358855565,0.03310950895150502,0.766454549630483,0.06802907586097717,0.475
456,0.03437517893811067,0.03343456871807575,0.9406106352806092,0.07196275889873505,0.5083333333333333
457,0.033715828632315,0.03290284859637419,0.8129796584447225,0.07549944519996643,0.43333333333333335
458,0.033546323080857594,0.03269435626765092,0.85196639696757,0.06916756927967072,0.5833333333333334
459,0.03397953137755394,0.03306211854020755,0.9174130519231161,0.07508625090122223,0.475
460,0.03396801811953386,0.03309354111552239,0.8744773745536805,0.06544211506843567,0.525
461,0.032735011726617816,0.03193172203997771,0.8032897671063741,0.07206562161445618,0.525
462,0.03119960588713487,0.030448782195647558,0.7508240858713786,0.07700776308774948,0.48333333333333334
463,0.03211191842953364,0.031223774949709574,0.8881433089574178,0.07537338882684708,0.525
464,0.03215484879910946,0.03139159642159939,0.7632525801658631,0.07384904474020004,0.5
465,0.03237095748384793,0.03158808909356594,0.7828687985738119,0.06602789461612701,0.5083333333333333
466,0.033641446257630984,0.03270324654877186,0.9381996273994446,0.07199932634830475,0.4583333333333333
467,0.035370267430941266,0.03434378703435262,1.0264803131421407,0.07905688881874084,0.4583333333333333
468,0.034090604881445566,0.03309083878993988,0.9997659047444661,0.07239533215761185,0.525
469,0.03331019207835197,0.03246717726190885,0.8430147329966228,0.07043859362602234,0.48333333333333334
470,0.03329396992921829,0.03242684826254845,0.8671218713124593,0.07098722457885742,0.48333333333333334
471,0.03711713626980782,0.03617331658800443,0.9438196102778117,0.09214664995670319,0.5
472,0.040154120822747545,0.03906018622219563,1.0939346194267272,0.07542884349822998,0.5166666666666667
473,0.034586266179879505,0.03367337360978127,0.9128922820091248,0.0683472529053688,0.49166666666666664
474,0.03468543452521165,0.03377568895618121,0.909745192527771,0.07664752006530762,0.4666666666666667
475,0.03147253654897213,0.030601074049870173,0.871462059020996,0.07322447746992111,0.5416666666666666
476,0.03188653439283371,0.031071530530850093,0.8150039315223694,0.07287521660327911,0.5
477,0.031484556819001835,0.030622452249129614,0.8621047337849935,0.07120908796787262,0.5166666666666667
478,0.033055455734332405,0.0321955985079209,0.8598571976025899,0.07048293203115463,0.5083333333333333
479,0.03222490251064301,0.03143241045375665,0.7924918691317241,0.08208826929330826,0.45
480,0.033174920702974,0.03224793076515198,0.9269899566968282,0.07338734716176987,0.5
481,0.03276858317355315,0.03183042990664641,0.9381532549858094,0.07153742760419846,0.5416666666666666
482,0.03352247638007005,0.03267616654435793,0.8463097135225932,0.07188310474157333,0.5333333333333333
483,0.029894765838980673,0.029088866710662842,0.8058990240097046,0.07431326061487198,0.49166666666666664
484,0.03224890877803167,0.031249129896362624,0.9997787555058797,0.07859773933887482,0.5
485,0.031963019942243896,0.031099986533323923,0.8630336046218872,0.07137778401374817,0.5166666666666667
486,0.0338291568060716,0.03285720261434714,0.9719540874163309,0.07096831500530243,0.475
487,0.03528741970658302,0.034339530393481255,0.9478898525238038,0.0739356055855751,0.475
488,0.033148250480492907,0.03224583193659782,0.9024187088012695,0.07514902204275131,0.49166666666666664
489,0.03297516107559204,0.03212898311515649,0.846177875995636,0.07056962698698044,0.5583333333333333
490,0.030892524868249893,0.03008370039363702,0.8088246583938599,0.07126586884260178,0.5666666666666667
491,0.03347263224422932,0.03261065060893695,0.8619817336400349,0.06919139623641968,0.475
492,0.03180437770982583,0.031048495322465897,0.7558827638626099,0.06835024803876877,0.525
493,0.035620887453357376,0.034805345659454666,0.8155420223871866,0.07858295738697052,0.5333333333333333
494,0.03247304720183213,0.03158259478708108,0.8904523094495137,0.07062698155641556,0.525
495,0.0296796136846145,0.028905807932217916,0.773805836836497,0.06898189336061478,0.55
496,0.030996341134111087,0.030149001876513162,0.8473391811052958,0.07052484899759293,0.5166666666666667
497,0.03197739062209924,0.0312031256655852,0.774264665444692,0.07511024922132492,0.475
498,0.03388078138232231,0.033006593709190686,0.8741878390312194,0.0711192935705185,0.5083333333333333
499,0.03298407184580962,0.03220837240417798,0.7756991028785706,0.07128290832042694,0.475
500,0.03273937950531642,0.031918429955840114,0.8209494829177857,0.0753912627696991,0.5833333333333334
