epoch,train_loss,rmse_loss,trend_loss,val_rmse,val_trend_acc
0,0.34341825942198434,0.32625946700572966,17.158794562021892,0.19289560616016388,0.4166666666666667
1,0.08982526808977127,0.08565719450513522,4.168073145548503,0.07155980914831161,0.4166666666666667
2,0.05160255158940951,0.049355937043825786,2.2466149012247723,0.05256808176636696,0.4
3,0.038709184154868126,0.03689725175499916,1.8119324366251628,0.02279544807970524,0.6333333333333333
4,0.030915152033170065,0.029586806644996008,1.328345274925232,0.03983057662844658,0.45
5,0.03836615855495135,0.03688307094077269,1.4830875078837076,0.03089469112455845,0.48333333333333334
6,0.034217453002929686,0.03288470034797986,1.3327527165412902,0.04263665899634361,0.4
7,0.03329425814251105,0.03174065661927064,1.553601574897766,0.03799339011311531,0.4666666666666667
8,0.029820123439033827,0.02848169927795728,1.3384240786234538,0.023103175684809685,0.5666666666666667
9,0.028240973005692165,0.02703078674773375,1.210185945034027,0.02334212139248848,0.5833333333333334
10,0.029833643014232317,0.028523642445604007,1.3100003163019815,0.020955480635166168,0.45
11,0.028410906593004864,0.02727319411933422,1.1377122322718303,0.02491612173616886,0.45
12,0.027699820697307587,0.02670254148542881,0.9972791711489359,0.025580957531929016,0.38333333333333336
13,0.026549777512749038,0.02554373616973559,1.006041657924652,0.02066129446029663,0.5333333333333333
14,0.029068973287940024,0.02812030551334222,0.9486678918202718,0.04225849360227585,0.5166666666666667
15,0.029860170806447664,0.028783649702866874,1.0765210032463073,0.029762981459498405,0.5
16,0.03611761319140593,0.03461967209974925,1.4979408264160157,0.03621263429522514,0.5
17,0.02866415592531363,0.02758488096296787,1.0792749285697938,0.026708392426371574,0.45
18,0.02817982484896978,0.027162963151931764,1.016861625512441,0.030850378796458244,0.4666666666666667
19,0.02929738039771716,0.028166455154617628,1.130925222237905,0.03407673165202141,0.43333333333333335
20,0.029007929066816967,0.02772766413788001,1.2802650411923726,0.02663070149719715,0.45
21,0.02934426503876845,0.02817254588007927,1.1717192769050597,0.028049184009432793,0.6
22,0.030244693408409754,0.029077650234103202,1.1670430819193522,0.02635456994175911,0.43333333333333335
23,0.026881361752748488,0.025940021375815074,0.94134042263031,0.03437579795718193,0.4166666666666667
24,0.029954065382480622,0.028894639884432156,1.059425453344981,0.020268496125936508,0.38333333333333336
25,0.028919095546007155,0.02780395808319251,1.1151372989018757,0.02445719949901104,0.38333333333333336
26,0.028187706569830575,0.02710223620136579,1.0854703108469645,0.02267400547862053,0.4166666666666667
27,0.027072949707508086,0.02603158528606097,1.0413642962773642,0.02188122272491455,0.4166666666666667
28,0.02693393553296725,0.026026190693179765,0.9077447295188904,0.027959568426012993,0.6166666666666667
29,0.027343774959445,0.02644938789308071,0.8943871219952901,0.026434937492012978,0.38333333333333336
30,0.02842405214905739,0.027290803442398707,1.1332486589749655,0.024483470246195793,0.4166666666666667
31,0.028662798926234245,0.027523783842722575,1.1390147089958191,0.03470354154706001,0.45
32,0.034258954351147015,0.032959961146116254,1.298993500073751,0.03624173626303673,0.48333333333333334
33,0.03692592730124791,0.03566635549068451,1.2595723549524942,0.036993447691202164,0.4
34,0.027733862648407617,0.026694680874546368,1.039181693394979,0.02519315853714943,0.45
35,0.025600227216879528,0.024720504010717074,0.8797231992085774,0.025082945823669434,0.4666666666666667
36,0.026025733848412832,0.025114561741550762,0.9111724098523458,0.022897908464074135,0.4
37,0.027494904523094495,0.02658564324180285,0.9092613816261291,0.03318193927407265,0.4166666666666667
38,0.025290372098485628,0.024264571877817314,1.0258001327514648,0.029191764071583748,0.5166666666666667
39,0.02711610309779644,0.02621741145849228,0.8986917893091838,0.027664318680763245,0.5833333333333334
40,0.026931626970569292,0.025939397886395453,0.9922287225723266,0.024038612842559814,0.48333333333333334
41,0.027157210807005564,0.026270734642942748,0.8864758968353271,0.040081318467855453,0.4
42,0.02961724412937959,0.028653094172477724,0.9641495267550151,0.03369435295462608,0.36666666666666664
43,0.028392820805311202,0.027408311143517494,0.9845097303390503,0.02651800774037838,0.5
44,0.025064667810996373,0.024179638549685478,0.8850290139516195,0.024461282417178154,0.4
45,0.024842156966527303,0.023988432933886847,0.8537237644195557,0.01977342739701271,0.4666666666666667
46,0.02608286663889885,0.025051778182387352,1.0310884594917298,0.026089483872056007,0.48333333333333334
47,0.02761585849026839,0.026538325722018877,1.0775326848030091,0.027409981936216354,0.4166666666666667
48,0.028485459834337236,0.027387756730119388,1.0977033019065856,0.04200001806020737,0.4
49,0.028694120546181996,0.027523701513806977,1.1704191366831462,0.022083301097154617,0.55
50,0.02439567968249321,0.023517178868254027,0.878500783443451,0.020159220322966576,0.5333333333333333
51,0.027005012209216753,0.026021145035823187,0.9838669578234355,0.03250773623585701,0.4166666666666667
52,0.029464538271228472,0.02824117069443067,1.2233673373858134,0.022510657086968422,0.5166666666666667
53,0.028568994626402854,0.027542974924047788,1.026019243399302,0.03817325085401535,0.45
54,0.03129515362282594,0.030094142258167266,1.2010112444559733,0.03167308494448662,0.5333333333333333
55,0.03147443297008674,0.03030765193204085,1.1667810161908467,0.02725287899374962,0.45
56,0.026446886360645294,0.02533462978899479,1.112256399790446,0.0216971542686224,0.55
57,0.026968261847893398,0.025994166359305383,0.9740952849388123,0.024222683161497116,0.48333333333333334
58,0.02729398359855016,0.026426814620693524,0.8671688477198283,0.02085728570818901,0.5666666666666667
59,0.02749597802758217,0.026481020202239355,1.0149577856063843,0.025832470506429672,0.4
60,0.027292076374093692,0.026395957544445993,0.8961185415585836,0.025373222306370735,0.4166666666666667
61,0.02581955703596274,0.0248751154790322,0.9444416999816895,0.02326897345483303,0.43333333333333335
62,0.02845125657816728,0.027476829662919044,0.9744271198908488,0.022735368460416794,0.4666666666666667
63,0.026609447598457337,0.025585312892993293,1.0241349418958028,0.031605660915374756,0.4
64,0.026182455693682036,0.025082318236430486,1.1001376469930013,0.024332482367753983,0.48333333333333334
65,0.029304740453759828,0.0280996552358071,1.2050851662953694,0.019798390567302704,0.5666666666666667
66,0.02754058229426543,0.026467514410614967,1.0730681975682577,0.021910332143306732,0.6
67,0.027880660196145376,0.02686512333651384,1.01553688844045,0.023227332159876823,0.5333333333333333
68,0.02765642913679282,0.02653870905439059,1.1177200078964233,0.02781297080218792,0.5166666666666667
69,0.026212908824284873,0.02520422302186489,1.0086857159932454,0.021252352744340897,0.45
70,0.027113203580180805,0.025941206514835356,1.17199703057607,0.03631724417209625,0.4166666666666667
71,0.03231264936427276,0.0311656154692173,1.147033941745758,0.026683684438467026,0.5833333333333334
72,0.02854882664978504,0.02756865546107292,0.9801712950070699,0.02803708054125309,0.5166666666666667
73,0.027729982634385426,0.026776352897286415,0.9536296765009562,0.021234195679426193,0.45
74,0.025074718768397966,0.024166706204414367,0.9080124139785767,0.025019217282533646,0.5333333333333333
75,0.028692395736773808,0.02759528582294782,1.0971099257469177,0.036583006381988525,0.4166666666666667
76,0.030709679052233697,0.02932960552473863,1.3800734678904216,0.03035460039973259,0.43333333333333335
77,0.02468494897087415,0.023767643856505552,0.9173050324122111,0.03728281334042549,0.4
78,0.026584459841251372,0.025617259740829467,0.9671997944513957,0.033644355833530426,0.43333333333333335
79,0.025916776806116103,0.024900018547972042,1.0167582194010416,0.0255630724132061,0.48333333333333334
80,0.02877045559386412,0.027702321981390318,1.0681337396303812,0.02619231306016445,0.43333333333333335
81,0.028686191141605377,0.027522159988681474,1.1640311241149903,0.03777351602911949,0.5
82,0.027805659174919128,0.026800389712055523,1.0052695115407309,0.029966941103339195,0.43333333333333335
83,0.0266948984314998,0.025682082772254942,1.0128158966700236,0.02613668330013752,0.5166666666666667
84,0.025731784477829932,0.024850624551375707,0.8811600089073182,0.03150497376918793,0.5166666666666667
85,0.027367467433214186,0.026242605472604433,1.1248620390892028,0.02000010944902897,0.45
86,0.02517059606810411,0.024118503431479137,1.052092401186625,0.02602747082710266,0.45
87,0.026971784979104997,0.02602657712996006,0.9452078898747762,0.020518874749541283,0.5166666666666667
88,0.024082029114166896,0.023234084621071814,0.8479446371396383,0.02182258665561676,0.5166666666666667
89,0.027043994640310605,0.026120922962824502,0.9230715274810791,0.023767253383994102,0.36666666666666664
90,0.025491136933366458,0.02449999563395977,0.991141144434611,0.019939584657549858,0.48333333333333334
91,0.02404984993239244,0.023183562917013963,0.8662871917088827,0.02320411242544651,0.36666666666666664
92,0.023216912150382997,0.022368426124254864,0.8484859069188436,0.020047474652528763,0.48333333333333334
93,0.024749244997898736,0.023808659488956132,0.9405856251716613,0.042051807045936584,0.38333333333333336
94,0.031233616173267365,0.030219033360481262,1.0145827611287435,0.02167990244925022,0.4666666666666667
95,0.025421705717841785,0.02447660466035207,0.9451008359591166,0.026441175490617752,0.5
96,0.026320619384447734,0.025377824778358142,0.9427945097287496,0.039477236568927765,0.4666666666666667
97,0.03020096632341544,0.02909480407834053,1.1061622778574625,0.02970588020980358,0.6
98,0.02822014826039473,0.027294231578707695,0.9259165167808533,0.021244840696454048,0.45
99,0.026106260468562445,0.025152369464437167,0.9538910150527954,0.02726002410054207,0.43333333333333335
100,0.02504560984671116,0.024149939542015393,0.8956705411275228,0.02587340958416462,0.6166666666666667
101,0.0261733703315258,0.025276747097571692,0.8966231544812521,0.020505165681242943,0.48333333333333334
102,0.023723827302455903,0.0229139839609464,0.8098433613777161,0.021356046199798584,0.43333333333333335
103,0.024474353964130082,0.023559180026253065,0.9151737213134765,0.023370366543531418,0.5166666666666667
104,0.02520607734719912,0.02427726686000824,0.9288106799125672,0.023825980722904205,0.4666666666666667
105,0.03055080771446228,0.029516974464058876,1.0338330427805582,0.018528606742620468,0.43333333333333335
106,0.030131108313798904,0.029089003925522168,1.0421043952306113,0.03843456879258156,0.45
107,0.03645425128440062,0.03523338275651137,1.2208683530489604,0.02969018742442131,0.4
108,0.02923689956466357,0.02823446157077948,1.0024377942085265,0.01907365582883358,0.5
109,0.02640761782725652,0.0255271481970946,0.8804694056510926,0.029594577848911285,0.4666666666666667
110,0.026219801728924116,0.025229312727848688,0.9904890179634094,0.025450246408581734,0.5833333333333334
111,0.024985631182789802,0.024045759811997414,0.9398713866869609,0.022351661697030067,0.5333333333333333
112,0.02566983588039875,0.024669440090656282,1.0003957589467367,0.026527218520641327,0.43333333333333335
113,0.02437054514884949,0.023449337109923363,0.9212079524993897,0.027502555400133133,0.48333333333333334
114,0.026161963616808257,0.025193297987182936,0.9686652938524882,0.030096635222434998,0.5333333333333333
115,0.031579781075318655,0.03035081202785174,1.2289692759513855,0.020223379135131836,0.5166666666666667
116,0.026340441157420475,0.025444738318522772,0.8957028269767762,0.021275226026773453,0.5333333333333333
117,0.024742356811960537,0.023804563283920287,0.937793513139089,0.022760583087801933,0.35
118,0.02398443172375361,0.023073499277234077,0.9109323263168335,0.02121743932366371,0.48333333333333334
119,0.02589254155755043,0.02508191056549549,0.8106310645739238,0.02564716897904873,0.5
120,0.024257019658883414,0.023429688190420468,0.8273316065470377,0.030196411535143852,0.4666666666666667
121,0.02709106889863809,0.026126079758008323,0.9649893840154012,0.03812208026647568,0.43333333333333335
122,0.027842887242635093,0.026839481542507808,1.003405745824178,0.026308145374059677,0.45
123,0.02827880432208379,0.02738441191613674,0.8943920811017354,0.026419498026371002,0.4166666666666667
124,0.028444894899924595,0.027490470310052237,0.9544245402018229,0.03522658348083496,0.55
125,0.02812064066529274,0.027223139132062594,0.8975016077359518,0.025757580995559692,0.4
126,0.024947896227240564,0.023959335188070932,0.9885610461235046,0.02139068953692913,0.4666666666666667
127,0.025199093297123908,0.024332880228757858,0.8662131349245707,0.028829576447606087,0.48333333333333334
128,0.023929459601640703,0.023034634006520113,0.8948251724243164,0.027260921895503998,0.65
129,0.031073664873838426,0.030056787530581157,1.0168776790301004,0.0348498560488224,0.4166666666666667
130,0.026211275284488997,0.025236290072401364,0.9749847769737243,0.022612301632761955,0.45
131,0.02491542398929596,0.02400293747584025,0.9124865611394246,0.03753213211894035,0.48333333333333334
132,0.029438278699914614,0.028337596108516057,1.1006826639175415,0.02932155132293701,0.4666666666666667
133,0.025024145344893136,0.024065456663568813,0.9586882829666138,0.0233721025288105,0.48333333333333334
134,0.027137778947750726,0.02611832817395528,1.0194506367047629,0.024546459317207336,0.38333333333333336
135,0.02515973225235939,0.02417818767329057,0.9815445462862651,0.023266680538654327,0.4
136,0.02585387180248896,0.024980209271113076,0.8736624479293823,0.020683778449892998,0.43333333333333335
137,0.02570145626862844,0.0248600285500288,0.8414274136225383,0.024303967133164406,0.48333333333333334
138,0.02437131591141224,0.023491078242659568,0.8802375515302022,0.020012889057397842,0.5333333333333333
139,0.02386243132253488,0.022999508306384087,0.8629231373469035,0.021687332540750504,0.5
140,0.025719318042198815,0.024849641198913256,0.8696768522262573,0.0249013751745224,0.4166666666666667
141,0.026289085547129314,0.025351155549287796,0.9379299561182658,0.02867949567735195,0.6
142,0.027253376444180806,0.026250239337484042,1.0031370004018147,0.025506174191832542,0.4666666666666667
143,0.02578990124166012,0.024869224429130553,0.9206767121950785,0.03561905398964882,0.5
144,0.0256582194318374,0.024675366654992103,0.9828530033429463,0.023115744814276695,0.5666666666666667
145,0.023802839716275535,0.023000788316130637,0.8020514408747356,0.033532436937093735,0.6166666666666667
146,0.03229430727660656,0.03132194764912129,0.9723594188690186,0.03563788905739784,0.45
147,0.026409818107883135,0.02550193965435028,0.9078782796859741,0.036149971187114716,0.3
148,0.026206910486022632,0.02537624364097913,0.830667006969452,0.025519918650388718,0.36666666666666664
149,0.023437096799413363,0.0226337314893802,0.8033652464548747,0.024272792041301727,0.5166666666666667
150,0.024663422132531802,0.023790197198589644,0.8732249299685161,0.027848491445183754,0.45
151,0.03165205369393031,0.030368444199363392,1.283609386285146,0.02318103052675724,0.48333333333333334
152,0.026475631818175315,0.025488831227024396,0.9868005593617757,0.0254672821611166,0.5166666666666667
153,0.025355223814646402,0.024370373412966728,0.9848501960436503,0.03886128216981888,0.4166666666666667
154,0.026804915567239126,0.02573478731016318,1.0701284170150758,0.021250002086162567,0.4666666666666667
155,0.030354812989632288,0.029372954616943996,0.9818582773208618,0.022593824192881584,0.5333333333333333
156,0.03393213724096616,0.032817523057262106,1.114614486694336,0.05646861344575882,0.5166666666666667
157,0.035986650238434476,0.03492017462849617,1.0664753516515095,0.01727244257926941,0.55
158,0.02500837283829848,0.024145430823167165,0.8629420876502991,0.022585401311516762,0.43333333333333335
159,0.023285802702109018,0.022400820503632228,0.8849823315938313,0.022036226466298103,0.5666666666666667
160,0.024700570354859033,0.023861312804122767,0.8392577489217122,0.0434868223965168,0.5333333333333333
161,0.03379515248040358,0.03276762428383032,1.027528417110443,0.02475656382739544,0.38333333333333336
162,0.026237906018892924,0.025348431492845217,0.8894742409388224,0.034086667001247406,0.4166666666666667
163,0.026235462352633476,0.02527962327003479,0.9558390498161315,0.028397751972079277,0.4666666666666667
164,0.025974583377440772,0.024913871039946873,1.0607125441233316,0.023607362061738968,0.48333333333333334
165,0.026674638067682586,0.025691177944342294,0.9834598143895467,0.020678510889410973,0.4666666666666667
166,0.024541494126121204,0.023520856474836666,1.020637540022532,0.0185646153986454,0.5833333333333334
167,0.023819253345330558,0.02296250909566879,0.8567440589269002,0.01929435320198536,0.55
168,0.02583641968667507,0.024951283012827237,0.8851366003354391,0.01858106628060341,0.5666666666666667
169,0.02593154547115167,0.024987501402695973,0.9440439701080322,0.02753194235265255,0.43333333333333335
170,0.02815997451543808,0.027087333550055822,1.0726410468419394,0.02152491733431816,0.5
171,0.028268704439202944,0.027262048919995625,1.0066553751627605,0.027997547760605812,0.5333333333333333
172,0.026623728747169177,0.02566647082567215,0.9572577238082886,0.021652955561876297,0.38333333333333336
173,0.02627837931116422,0.025217236826817195,1.0611427585283915,0.029029792174696922,0.5666666666666667
174,0.026912480220198633,0.025869845971465112,1.0426342368125916,0.021441685035824776,0.55
175,0.02521024482945601,0.024264399210611978,0.9458454728126526,0.019991600885987282,0.5166666666666667
176,0.0272565188507239,0.026302909726897875,0.9536091645558675,0.031511351466178894,0.5
177,0.0297375675290823,0.02874929408232371,0.9882736484209697,0.032636817544698715,0.5833333333333334
178,0.025511608024438224,0.024666002951562405,0.845604944229126,0.0212418120354414,0.5333333333333333
179,0.024804211035370827,0.023916440829634667,0.8877702434857686,0.024696767330169678,0.5166666666666667
180,0.02677012135585149,0.025764444718758266,1.0056763648986817,0.029881400987505913,0.5166666666666667
181,0.026499669502178826,0.02554505318403244,0.9546164592107137,0.022419463843107224,0.5666666666666667
182,0.026716963201761246,0.025761840989192326,0.9551225741704304,0.04327579587697983,0.4
183,0.025389856472611428,0.024508812775214512,0.881043529510498,0.019033359363675117,0.48333333333333334
184,0.023093753183881443,0.022285452981789907,0.8083000024159749,0.026983482763171196,0.5833333333333334
185,0.025648283461729687,0.024637008210023244,1.0112751404444376,0.02541685476899147,0.35
186,0.024031899000207583,0.02319548142453035,0.8364175836245219,0.021081456914544106,0.55
187,0.024012859414021172,0.023166645069917044,0.846214485168457,0.021956950426101685,0.4666666666666667
188,0.025084326416254042,0.024074172352751097,1.0101537942886352,0.025662939995527267,0.48333333333333334
189,0.02797546883424123,0.026669559751947722,1.3059089382489522,0.02893025614321232,0.4166666666666667
190,0.027224401757121087,0.026027062038580576,1.197339701652527,0.03167567774653435,0.4
191,0.02691912539303303,0.025990636522571244,0.9284892241160075,0.021376250311732292,0.5666666666666667
192,0.025502183412512144,0.02456475297609965,0.9374304294586182,0.02182888798415661,0.55
193,0.02457847197850545,0.023712697873512902,0.8657737731933594,0.022187070921063423,0.5333333333333333
194,0.023669369891285895,0.022811896229783694,0.8574736833572387,0.021112646907567978,0.45
195,0.025116374095280964,0.024230188876390456,0.8861854592959086,0.02142994850873947,0.4666666666666667
196,0.02708609215915203,0.026064020519455274,1.0220717708269755,0.02353600040078163,0.5333333333333333
197,0.023809680342674257,0.02286627913514773,0.9434009989102682,0.027761558070778847,0.4
198,0.026208513354261716,0.025240271538496017,0.9682418386141459,0.032933883368968964,0.48333333333333334
199,0.025717040151357652,0.024723403031627338,0.9936370690663655,0.02829529158771038,0.5666666666666667
200,0.02682941382129987,0.025689206520716348,1.1402072310447693,0.02186998911201954,0.45
201,0.027009977400302886,0.026055237154165904,0.9547406435012817,0.023012064397335052,0.4666666666666667
202,0.02540325646599134,0.0243792066971461,1.0240496079126993,0.02309778891503811,0.4166666666666667
203,0.0234613087028265,0.022590071335434912,0.8712371865908305,0.0256414283066988,0.5333333333333333
204,0.023863642538587252,0.023015412377814452,0.8482303738594055,0.029091784730553627,0.4166666666666667
205,0.0258098267018795,0.024952646469076474,0.8571804563204447,0.02824779599905014,0.4166666666666667
206,0.026058399677276613,0.02496355560918649,1.0948440909385682,0.026040291413664818,0.55
207,0.024429647127787273,0.023560161888599395,0.8694849332173665,0.02501668408513069,0.35
208,0.02397382880250613,0.02304146165649096,0.9323673446973165,0.030345365405082703,0.5166666666666667
209,0.022365455888211726,0.021547501037518183,0.8179547627766927,0.0251358300447464,0.4166666666666667
210,0.023655832931399345,0.022758544981479646,0.8972878615061443,0.031074821949005127,0.4
211,0.02547783056894938,0.024555749942859015,0.9220807870229085,0.02684657834470272,0.36666666666666664
212,0.02603062316775322,0.02506752796471119,0.9630951682726542,0.026835735887289047,0.48333333333333334
213,0.025629828001062074,0.02468372757236163,0.9461004853248596,0.020343901589512825,0.43333333333333335
214,0.022713035717606543,0.021917168423533438,0.7958670934041341,0.036722078919410706,0.36666666666666664
215,0.026038497438033423,0.025108463192979494,0.930034319559733,0.020802035927772522,0.55
216,0.02380894807477792,0.022950463617841404,0.858484435081482,0.01893407478928566,0.55
217,0.024707606558998427,0.023789717505375545,0.9178890029589335,0.025188080966472626,0.4666666666666667
218,0.02342098653316498,0.022536053881049158,0.8849322517712911,0.020896315574645996,0.5666666666666667
219,0.02411342871685823,0.02315312282492717,0.9603057265281677,0.02837730199098587,0.45
220,0.026440337797005973,0.025464307765165964,0.9760300000508626,0.025294873863458633,0.5166666666666667
221,0.02565284470717112,0.024733841046690942,0.9190036058425903,0.03527093678712845,0.5166666666666667
222,0.025007981806993484,0.024016610470910867,0.9913711468378703,0.03918343037366867,0.4
223,0.02405876529713472,0.02320948423196872,0.8492806831995646,0.03841693326830864,0.5
224,0.02776291879514853,0.026773824046055477,0.9890946984291077,0.02150942198932171,0.43333333333333335
225,0.02439606860280037,0.023482613017161688,0.9134557008743286,0.029862871393561363,0.4
226,0.025344433014591536,0.024479933207233746,0.8644997874895731,0.026214059442281723,0.5833333333333334
227,0.024681366235017776,0.02369219350318114,0.9891723394393921,0.021527370437979698,0.45
228,0.025420762971043585,0.024561711152394614,0.8590519587198894,0.03327232599258423,0.38333333333333336
229,0.024732224394877753,0.023724785695473354,1.0074386715888977,0.027155721560120583,0.48333333333333334
230,0.025808957467476527,0.02482677660882473,0.9821808338165283,0.029523883014917374,0.45
231,0.027383912603060404,0.026219248399138452,1.1646639664967855,0.04067268967628479,0.38333333333333336
232,0.028077191611131033,0.026926659420132636,1.150532070795695,0.02960203029215336,0.43333333333333335
233,0.02528899225095908,0.02437804949780305,0.9109427452087402,0.027395132929086685,0.5833333333333334
234,0.024152069787184396,0.02325282506644726,0.8992444992065429,0.023497167974710464,0.45
235,0.029161977395415307,0.028171110649903616,0.9908665418624878,0.021649150177836418,0.5
236,0.023667400206128755,0.022881006449460985,0.7863936225573221,0.023674465715885162,0.38333333333333336
237,0.02653951682150364,0.025564892714222274,0.9746238072713216,0.030590444803237915,0.5333333333333333
238,0.026521476482351623,0.0255172119786342,1.00426451365153,0.035685084760189056,0.36666666666666664
239,0.02711763742069403,0.026052734504143398,1.0649028499921163,0.023087233304977417,0.45
240,0.022850984645386537,0.022049197492500148,0.8017871300379436,0.024046048521995544,0.38333333333333336
241,0.023712203030784924,0.022790196413795153,0.9220065633455913,0.026074200868606567,0.38333333333333336
242,0.025127284477154413,0.02417128992577394,0.9559944987297058,0.02597767859697342,0.4
243,0.02325419510404269,0.022382629414399464,0.8715655883153279,0.022104045376181602,0.36666666666666664
244,0.025924420232574144,0.024900166566173235,1.0242535630861918,0.02215404249727726,0.5
245,0.023370315320789814,0.022471027572949727,0.8992878476778666,0.022216755896806717,0.5166666666666667
246,0.023971991861859956,0.023158667733271916,0.8133242766062418,0.0385260172188282,0.4666666666666667
247,0.02820823937654495,0.02722545402745406,0.9827852964401245,0.023142775520682335,0.43333333333333335
248,0.029499865074952444,0.028556601082285245,0.943264106909434,0.022460216656327248,0.5166666666666667
249,0.025245967383186022,0.024276134992639222,0.9698325276374817,0.030815090984106064,0.5166666666666667
250,0.027054053296645484,0.025827455768982568,1.2265975952148438,0.023392634466290474,0.38333333333333336
251,0.02430537889401118,0.02339160181581974,0.9137767990430196,0.02475043013691902,0.4166666666666667
252,0.023828469216823578,0.02293634365002314,0.8921255668004354,0.03329719975590706,0.5833333333333334
253,0.02777781436840693,0.02664096901814143,1.1368452906608582,0.024298781529068947,0.48333333333333334
254,0.02514271525045236,0.024181910355885825,0.9608047803243002,0.02909175120294094,0.38333333333333336
255,0.02413918897509575,0.023277222054700057,0.8619670311609904,0.02918146923184395,0.35
256,0.023581355934341748,0.022753927732507388,0.8274281462033589,0.028722746297717094,0.45
257,0.02469098394115766,0.02377207688987255,0.9189067959785462,0.024072574451565742,0.43333333333333335
258,0.025303436939915023,0.02433026333649953,0.9731736938158672,0.02742798626422882,0.4
259,0.02239234931766987,0.021608303238948186,0.7840461254119873,0.03353990986943245,0.43333333333333335
260,0.02612829680244128,0.025245311111211775,0.8829854925473531,0.037189897149801254,0.45
261,0.028560560072461764,0.027576792985200882,0.9837670922279358,0.03680720552802086,0.55
262,0.02814169190824032,0.027043989797433218,1.0977018276850383,0.02310303971171379,0.5166666666666667
263,0.025007147466142972,0.024040302882591884,0.9668445706367492,0.026421090587973595,0.36666666666666664
264,0.025790580610434214,0.024877389644583067,0.9131909807523092,0.027554640546441078,0.48333333333333334
265,0.02786709579328696,0.026970489819844564,0.8966062347094218,0.027599794790148735,0.35
266,0.028315598393479982,0.0273598230133454,0.95577525695165,0.04710076004266739,0.38333333333333336
267,0.028608459855119388,0.027748372467855612,0.8600874265034993,0.03276370093226433,0.5333333333333333
268,0.02436867095530033,0.023481296996275585,0.8873736977577209,0.025551553815603256,0.4
269,0.023667048787077268,0.022854862610499065,0.8121859113375346,0.02147650346159935,0.4666666666666667
270,0.023499751463532448,0.02263970747590065,0.8600438634554545,0.025138787925243378,0.4
271,0.024177977815270424,0.023359032596151033,0.8189452330271403,0.028861528262495995,0.4666666666666667
272,0.023212816814581552,0.022308572381734847,0.904244081179301,0.03185056522488594,0.48333333333333334
273,0.023866391306122146,0.023011994113524756,0.8543972134590149,0.02479892410337925,0.38333333333333336
274,0.026901632671554883,0.025932041555643083,0.969591474533081,0.026704661548137665,0.45
275,0.025971514110763868,0.024996695046623548,0.9748193383216858,0.025233296677470207,0.45
276,0.024957202250758807,0.024094452584783235,0.8627498030662537,0.02840232104063034,0.55
277,0.02322964941461881,0.022424393271406492,0.8052562554677327,0.020997077226638794,0.4166666666666667
278,0.022056027998526892,0.02128439930578073,0.7716285347938537,0.025020897388458252,0.4166666666666667
279,0.023974623655279477,0.02317275827129682,0.801865303516388,0.021993186324834824,0.45
280,0.025118701035777728,0.024282351012031238,0.836349900563558,0.027269814163446426,0.3333333333333333
281,0.024095818276206653,0.023283784464001655,0.8120337804158528,0.02635323442518711,0.4666666666666667
282,0.02622812750438849,0.025223875915010772,1.0042516986529033,0.03705931827425957,0.38333333333333336
283,0.02589385484655698,0.024872895206014316,1.0209596474965414,0.022512925788760185,0.5
284,0.027029132346312205,0.025913402438163757,1.1157298882802327,0.026308633387088776,0.4666666666666667
285,0.02498777148624261,0.023988768582542737,0.9990027189254761,0.02307445928454399,0.43333333333333335
286,0.027059464901685714,0.02592052109539509,1.1389435370763143,0.025480974465608597,0.5333333333333333
287,0.02683877485493819,0.025679849088191986,1.1589259227116904,0.027960041537880898,0.4166666666666667
288,0.02517544962465763,0.02432452104985714,0.8509287238121033,0.021290669217705727,0.55
289,0.02631741650402546,0.025426686803499857,0.8907296578089396,0.0429888591170311,0.4
290,0.02514051670829455,0.024196489093204338,0.9440275510152181,0.025572316721081734,0.48333333333333334
291,0.023856653024752934,0.022952063754200936,0.9045891284942627,0.023272689431905746,0.5
292,0.024616939201951026,0.023780198767781258,0.8367400169372559,0.027053149417042732,0.43333333333333335
293,0.02193240709602833,0.02115929250915845,0.7731147487958272,0.025015471503138542,0.48333333333333334
294,0.02407043973604838,0.023218701407313348,0.8517380674680074,0.02960682287812233,0.45
295,0.024595690021912257,0.023698978250225385,0.896711802482605,0.02591431699693203,0.4666666666666667
296,0.023759049798051515,0.02291314067939917,0.8459094444910685,0.023255055770277977,0.5666666666666667
297,0.02270533243815104,0.021929343417286872,0.7759892185529073,0.03161441162228584,0.43333333333333335
298,0.02456001490354538,0.023577000573277475,0.9830143928527832,0.032361555844545364,0.38333333333333336
299,0.02644631564617157,0.025281289219856264,1.1650263667106628,0.03377438709139824,0.4666666666666667
300,0.025968281303842863,0.02498137578368187,0.9869054873784383,0.04230489581823349,0.5666666666666667
301,0.03355743189652761,0.032475910459955536,1.0815211931864421,0.028052523732185364,0.5166666666666667
302,0.022493108424047628,0.021596326989432178,0.8967814405759176,0.030360650271177292,0.5333333333333333
303,0.023070557912190755,0.022221068665385247,0.8494893471399944,0.02736753784120083,0.43333333333333335
304,0.02273253897825877,0.02190364934504032,0.8288895130157471,0.026603203266859055,0.5833333333333334
305,0.025246317063768706,0.02429040111601353,0.9559158643086751,0.02112261950969696,0.5333333333333333
306,0.02464039660990238,0.02374206731716792,0.898329210281372,0.02252381481230259,0.4666666666666667
307,0.02374889428416888,0.022884119550387064,0.8647744218508403,0.02096712775528431,0.48333333333333334
308,0.023046688362956046,0.02219087046881517,0.855817715326945,0.02512577921152115,0.4166666666666667
309,0.025134885932008424,0.024205981070796648,0.9289049069086711,0.03198525309562683,0.4
310,0.02451434967418512,0.023557028422753017,0.9573211948076884,0.02209562435746193,0.4
311,0.02386351637542248,0.022950264687339465,0.9132516463597615,0.03660062327980995,0.4
312,0.02418558858335018,0.023320883760849634,0.8647047917048136,0.026232173666357994,0.45
313,0.02260456867516041,0.021816384171446164,0.788184380531311,0.029276225715875626,0.45
314,0.023369354257980982,0.022505118201176327,0.8642359932263692,0.030350156128406525,0.6
315,0.027775385603308677,0.02674326387544473,1.0321216503779094,0.02125643938779831,0.5
316,0.023204996064305306,0.02239731637140115,0.8076798717180887,0.027391983196139336,0.55
317,0.025888542458415032,0.024909975628058117,0.9785665154457093,0.05374336615204811,0.2833333333333333
318,0.025796133279800414,0.02497687687476476,0.8192564050356547,0.03066023252904415,0.4166666666666667
319,0.027753104890386262,0.02677791491150856,0.9751898447672526,0.029696859419345856,0.5833333333333334
320,0.026095393920938174,0.024909488235910732,1.185905400911967,0.024187620729207993,0.45
321,0.02274062583843867,0.021875925362110138,0.8647002696990966,0.02708982303738594,0.48333333333333334
322,0.023336582630872727,0.022427728151281676,0.908854603767395,0.026416800916194916,0.4166666666666667
323,0.023916086181998253,0.023001738265156745,0.9143479347229004,0.03393101692199707,0.36666666666666664
324,0.025139174858729043,0.024182676648100216,0.9564984480539958,0.0252477265894413,0.43333333333333335
325,0.022955887640515964,0.02213786741097768,0.818020208676656,0.0309732835739851,0.43333333333333335
326,0.022917171567678453,0.02210043544570605,0.8167362451553345,0.023207364603877068,0.48333333333333334
327,0.024546742687622705,0.02367155800263087,0.8751846472422282,0.03114117681980133,0.4666666666666667
328,0.024361911043524743,0.023517369230588277,0.8445418437321981,0.025799790397286415,0.4666666666666667
329,0.02996013934413592,0.02904303508500258,0.9171043793360393,0.028292031958699226,0.45
330,0.02489378700653712,0.024031844859321912,0.8619422515233358,0.022738981992006302,0.6
331,0.022665285070737205,0.02184992128362258,0.8153636654218038,0.026034904643893242,0.45
332,0.024991317465901376,0.024085578446586927,0.9057387630144755,0.028321340680122375,0.4
333,0.022625803450743356,0.021803088734547296,0.8227146863937378,0.022766616195440292,0.4
334,0.026703695207834242,0.025783297047019003,0.9203979253768921,0.03532896563410759,0.45
335,0.024746385961771013,0.02387128919363022,0.8750966707865397,0.02469531074166298,0.4166666666666667
336,0.023821131512522697,0.023029974351326626,0.791157046953837,0.02554248832166195,0.4666666666666667
337,0.023883875956137977,0.023030594239632288,0.853281851609548,0.027835136279463768,0.38333333333333336
338,0.023806662609179814,0.022856956037382286,0.949706490834554,0.028336403891444206,0.43333333333333335
339,0.027101575893660388,0.025994816112021604,1.106759794553121,0.029323570430278778,0.4
340,0.02555833098789056,0.024540798366069795,1.017532722155253,0.028460685163736343,0.35
341,0.02317653757830461,0.022291657949487367,0.8848796526590983,0.024021361023187637,0.5
342,0.024974000578125318,0.024129498253266015,0.8445023616154989,0.025310665369033813,0.45
343,0.025303015112876893,0.024348869795600574,0.9541452924410502,0.025128070265054703,0.43333333333333335
344,0.023551314199964205,0.022671152899662653,0.8801613251368204,0.0240468792617321,0.43333333333333335
345,0.02446838989853859,0.02366665198157231,0.801737888654073,0.025064846500754356,0.5166666666666667
346,0.026417905340592067,0.025474395230412485,0.9435101548830668,0.021767107769846916,0.5666666666666667
347,0.02365179086724917,0.022791279293596745,0.8605112274487813,0.02209007553756237,0.5
348,0.02416040822863579,0.02331866348783175,0.8417449911435445,0.026837972924113274,0.38333333333333336
349,0.023053045632938543,0.02223190274089575,0.8211430748303731,0.024474559351801872,0.4
350,0.025669340044260025,0.024790344759821892,0.8789953668912251,0.024380967020988464,0.48333333333333334
351,0.02678007905681928,0.025862943256894748,0.9171358108520508,0.029886137694120407,0.43333333333333335
352,0.025662045056621233,0.024702018251021703,0.9600268602371216,0.029987014830112457,0.38333333333333336
353,0.0230517216026783,0.02217906837662061,0.8726528525352478,0.026449445635080338,0.4166666666666667
354,0.023739859089255334,0.022848445052901904,0.891413950920105,0.022717932239174843,0.5
355,0.024605065087477365,0.023658871899048486,0.9461932420730591,0.024272238835692406,0.4666666666666667
356,0.022362888728578886,0.02151408139616251,0.8488071282704671,0.024393875151872635,0.6
357,0.023435094331701597,0.022558887551228205,0.8762067715326946,0.028862211853265762,0.43333333333333335
358,0.023814888050158817,0.022874719525376955,0.9401685357093811,0.0255727618932724,0.55
359,0.022686613102753956,0.02183691511551539,0.8496979792912801,0.021030085161328316,0.5333333333333333
360,0.02296347791949908,0.022035295392076173,0.9281824072202046,0.028482837602496147,0.5166666666666667
361,0.023157439629236855,0.022229842469096185,0.9275969902674357,0.024427885189652443,0.5
362,0.021380077426632244,0.02061941648523013,0.7606610139211019,0.02288897894322872,0.5333333333333333
363,0.022843631853659948,0.022047290454308192,0.7963412761688232,0.02610008791089058,0.45
364,0.022958104312419892,0.022168069084485372,0.7900352557500203,0.021816464141011238,0.4166666666666667
365,0.026297241821885108,0.025427173698941867,0.8700680335362753,0.02723059244453907,0.4166666666666667
366,0.023839570209383966,0.0229983435322841,0.8412265618642171,0.02541888877749443,0.43333333333333335
367,0.0216663288573424,0.020865265093743802,0.8010635256767273,0.026740919798612595,0.4166666666666667
368,0.02292458141843478,0.022043402244647344,0.8811788161595663,0.02720603346824646,0.43333333333333335
369,0.021672170360883078,0.02085693453749021,0.8152357180913289,0.027879642322659492,0.43333333333333335
370,0.02272945437580347,0.021937565629680952,0.7918886264165242,0.03380255028605461,0.43333333333333335
371,0.026984506597121555,0.025902232031027476,1.082274599870046,0.023555589839816093,0.4166666666666667
372,0.02441348657011986,0.023454126343131064,0.9593600114186605,0.037161119282245636,0.45
373,0.027296958615382512,0.026224124307433764,1.0728342930475872,0.023472044616937637,0.5666666666666667
374,0.02589084009329478,0.024948892494042713,0.9419474601745605,0.023823494091629982,0.48333333333333334
375,0.02310323404769103,0.02220055932799975,0.9026745160420736,0.032204531133174896,0.5666666666666667
376,0.024001268297433855,0.023054972166816394,0.946296234925588,0.026969410479068756,0.5
377,0.024600918963551523,0.02370068517824014,0.9002338131268819,0.027591267600655556,0.48333333333333334
378,0.024581181133786836,0.023610210294524828,0.9709709604581197,0.029843393713235855,0.4
379,0.02269407585263252,0.021801682685812316,0.8923930803934733,0.023854682222008705,0.5833333333333334
380,0.024444641917943953,0.023539287969470024,0.9053540666898091,0.02486003376543522,0.38333333333333336
381,0.026990649476647376,0.02605954259634018,0.9311072349548339,0.02000701241195202,0.5166666666666667
382,0.02481772502263387,0.023917602747678755,0.9001220703125,0.01813344843685627,0.4666666666666667
383,0.022351939355333646,0.02153862304985523,0.8133161664009094,0.029994092881679535,0.48333333333333334
384,0.02456578016281128,0.02371660297115644,0.8491767366727193,0.028027810156345367,0.43333333333333335
385,0.02357129342854023,0.022718248267968495,0.853044851620992,0.024637309834361076,0.43333333333333335
386,0.024460328742861748,0.02357688546180725,0.8834432522455852,0.024963833391666412,0.4166666666666667
387,0.023875020692745844,0.022892151027917862,0.9828696330388387,0.02611847221851349,0.5666666666666667
388,0.02352273240685463,0.022588362668951353,0.9343701362609863,0.027866462245583534,0.5166666666666667
389,0.02126308170457681,0.020450003817677496,0.8130777875582377,0.024929754436016083,0.43333333333333335
390,0.02333569365243117,0.02246228704849879,0.8734062393506368,0.028672482818365097,0.38333333333333336
391,0.023886897539099058,0.02290462392071883,0.9822731852531433,0.03194818273186684,0.38333333333333336
392,0.02399329704542955,0.023114510501424473,0.8787865122159322,0.02772916480898857,0.55
393,0.024046355610092482,0.023193424691756566,0.852930732568105,0.025235628709197044,0.38333333333333336
394,0.023213110243280728,0.022340803841749825,0.8723063071568807,0.022180655971169472,0.4
395,0.02161546846230825,0.02082178331911564,0.793685273329417,0.04040687158703804,0.35
396,0.024493075037995974,0.023499863408505916,0.9932113329569499,0.02326337993144989,0.45
397,0.023248464117447534,0.022351414213577905,0.8970500389734904,0.029636019840836525,0.5333333333333333
398,0.024860385060310363,0.02398999345799287,0.87039182583491,0.027348795905709267,0.45
399,0.022907863681515057,0.0220964835335811,0.8113799373308818,0.0222760159522295,0.48333333333333334
400,0.020604960992932318,0.019841403452058634,0.7635575652122497,0.023398105055093765,0.5
401,0.023415848736961682,0.022598594427108765,0.8172542055447897,0.022745899856090546,0.5833333333333334
402,0.02457216332356135,0.023661558826764423,0.9106045842170716,0.03212938830256462,0.38333333333333336
403,0.02277684547007084,0.02191789522767067,0.8589504321416219,0.028544992208480835,0.55
404,0.026101496567328773,0.025212454174955688,0.8890422940254211,0.024700278416275978,0.45
405,0.023712386873861156,0.022748780126372974,0.9636067112286886,0.024668050929903984,0.43333333333333335
406,0.02304411940276623,0.022189483294884363,0.854636029402415,0.024382399395108223,0.48333333333333334
407,0.024174805854757626,0.023278077567617097,0.8967284003893534,0.023217378184199333,0.45
408,0.022943647826711336,0.022027310108145078,0.9163375496864319,0.03580375760793686,0.5
409,0.025221014147003493,0.02409988505144914,1.1211288928985597,0.024248287081718445,0.45
410,0.02195064959426721,0.02114097389082114,0.8096757054328918,0.020636342465877533,0.48333333333333334
411,0.023177404329180716,0.02234513076643149,0.8322732806205749,0.028095532208681107,0.45
412,0.022977692633867265,0.022073858107129734,0.9038344025611877,0.02346627600491047,0.5333333333333333
413,0.023440529654423396,0.022510464116930962,0.9300656159718831,0.02599945478141308,0.6166666666666667
414,0.023558714364965757,0.022705284878611565,0.8534294168154398,0.023571880534291267,0.35
415,0.024102340390284856,0.023198154382407667,0.9041859428087871,0.026406023651361465,0.5
416,0.02414684072136879,0.023094910383224487,1.0519303957621255,0.02991151064634323,0.43333333333333335
417,0.023161511371533074,0.022234206646680833,0.9273048639297485,0.02432549186050892,0.5
418,0.022189373895525933,0.021371816036601862,0.8175578196843465,0.02644629031419754,0.55
419,0.025015644356608392,0.024136121943593027,0.8795220891634623,0.028650039806962013,0.45
420,0.022530189777414004,0.021642215798298517,0.8879740158716838,0.02302352897822857,0.4
421,0.021602569706737997,0.02081261742860079,0.7899521589279175,0.02574797533452511,0.4166666666666667
422,0.020943456764022508,0.02014776095747948,0.7956955989201864,0.022584063932299614,0.43333333333333335
423,0.022123688086867332,0.02131077293306589,0.8129151066144308,0.023385602980852127,0.5333333333333333
424,0.021126500765482583,0.020323397405445576,0.8031034390131633,0.022789113223552704,0.4166666666666667
425,0.022404393057028453,0.021622778102755546,0.7816146930058797,0.022807549685239792,0.5833333333333334
426,0.023253718887766204,0.022349953651428223,0.9037654360135396,0.020179664716124535,0.4666666666666667
427,0.02198245773712794,0.021193175266186397,0.7892825047175089,0.03772251307964325,0.55
428,0.025301809484759966,0.024421207110087075,0.8806020379066467,0.020241212099790573,0.5666666666666667
429,0.022787507126728692,0.02194748818874359,0.8400187810262044,0.022493809461593628,0.4666666666666667
430,0.022723612127204737,0.02188330180943012,0.840310295422872,0.03214321658015251,0.4166666666666667
431,0.023405246809124945,0.022365393117070198,1.0398537198702493,0.029781455174088478,0.48333333333333334
432,0.022564354166388512,0.02172130619486173,0.8430478612581889,0.029799534007906914,0.48333333333333334
433,0.03093689965705077,0.029736222326755525,1.2006772398948669,0.03283299133181572,0.45
434,0.023392199849088986,0.022492046654224395,0.9001533468564351,0.020081449300050735,0.5333333333333333
435,0.021593494340777397,0.020762671654423078,0.8308224201202392,0.027571488171815872,0.4666666666666667
436,0.0258829598625501,0.024971988797187806,0.9109710653622946,0.03496929630637169,0.4
437,0.02491968994339307,0.0240365881472826,0.8831016699473063,0.020480286329984665,0.55
438,0.022725442051887514,0.021885011717677115,0.8404305577278137,0.022529056295752525,0.48333333333333334
439,0.022072952364881833,0.021290657048424085,0.7822951316833496,0.029945040121674538,0.5166666666666667
440,0.022262999042868614,0.02139518434802691,0.8678145805994669,0.02567686326801777,0.36666666666666664
441,0.0219942357391119,0.021202656626701354,0.7915789445241292,0.027647871524095535,0.55
442,0.025293994943300882,0.024308761830131212,0.9852328737576802,0.03146478533744812,0.38333333333333336
443,0.0239140871912241,0.022982567424575488,0.9315196832021078,0.025801558047533035,0.5666666666666667
444,0.02408259784181913,0.02323501544694106,0.8475821495056153,0.023906469345092773,0.45
445,0.022679029653469723,0.021884082754453024,0.7949466506640116,0.025264007970690727,0.4
446,0.022079854706923165,0.021260133013129234,0.8197217027346293,0.024936195462942123,0.48333333333333334
447,0.023164248714844387,0.022289500509699186,0.8747481346130371,0.026059288531541824,0.4666666666666667
448,0.025477733090519906,0.02452738198141257,0.9503511945406596,0.02889273688197136,0.5833333333333334
449,0.024154211456576983,0.023171491548419,0.9827200214068095,0.022432008758187294,0.5333333333333333
450,0.02404283583164215,0.023114494110147158,0.9283417383829753,0.021005243062973022,0.5833333333333334
451,0.026137292260924976,0.02525084639588992,0.8864460746447246,0.030103594064712524,0.4666666666666667
452,0.026015177989999454,0.025003877033789954,1.0113009174664815,0.026673197746276855,0.4
453,0.02212153288225333,0.021213453511397043,0.9080793937047322,0.02263380028307438,0.4666666666666667
454,0.021709122012058893,0.020936557402213413,0.7725645899772644,0.030856415629386902,0.38333333333333336
455,0.02348910135527452,0.02268173433840275,0.8073667486508688,0.02608496882021427,0.38333333333333336
456,0.02399267964065075,0.022995618358254432,0.9970611333847046,0.027241334319114685,0.5
457,0.024329774330059686,0.023486601188778877,0.8431731502215067,0.027777910232543945,0.38333333333333336
458,0.024928831184903782,0.024014542003472646,0.9142890175183614,0.02426142804324627,0.5
459,0.02441305269797643,0.023490704720218976,0.92234787940979,0.02933010645210743,0.5
460,0.024995916212598484,0.024145291248957316,0.8506250540415446,0.026927407830953598,0.45
461,0.024933589001496632,0.023950798747440178,0.9827904979387919,0.026144443079829216,0.48333333333333334
462,0.023439161106944086,0.022500944758454957,0.938216503461202,0.024132365360856056,0.5
463,0.024861728524168333,0.023945015172163645,0.916713277498881,0.02699381858110428,0.4666666666666667
464,0.022059548273682596,0.02123043735822042,0.8291106899579366,0.02706155553460121,0.43333333333333335
465,0.02368689812719822,0.022807433207829794,0.8794649442036947,0.03178796172142029,0.38333333333333336
466,0.024800397704044977,0.023822253197431566,0.9781445185343425,0.02496984601020813,0.5166666666666667
467,0.023419642324248948,0.022618901481231055,0.8007407148679098,0.027301453053951263,0.43333333333333335
468,0.021473190312584243,0.020655640028417112,0.8175503532091777,0.024028580635786057,0.48333333333333334
469,0.023424819856882096,0.022426193455855052,0.9986260215441386,0.026568664237856865,0.4166666666666667
470,0.022114166989922523,0.02123690036435922,0.877266546090444,0.037214625626802444,0.5833333333333334
471,0.024030187601844468,0.02314947893222173,0.8807085831960042,0.02334548532962799,0.5
472,0.02242576504747073,0.021568643674254418,0.8571214119593302,0.024691807106137276,0.48333333333333334
473,0.022201727454861004,0.021309951941172283,0.8917755683263143,0.025736235082149506,0.4
474,0.02345714531838894,0.02256302908062935,0.8941161235173544,0.022762356325984,0.5666666666666667
475,0.022115321643650532,0.021240448765456676,0.8748728394508362,0.03413749113678932,0.5333333333333333
476,0.024864467481772106,0.02385670201232036,1.007765289147695,0.025149352848529816,0.4166666666666667
477,0.02340488520761331,0.022464251890778542,0.9406334082285563,0.02602740004658699,0.4666666666666667
478,0.023115310817956924,0.02217488152285417,0.9404290358225504,0.02017410658299923,0.4666666666666667
479,0.021844124794006346,0.02101872538526853,0.8253993272781373,0.02099733054637909,0.4166666666666667
480,0.02338119732836882,0.022553883368770282,0.8273138682047526,0.025368081405758858,0.43333333333333335
481,0.022882564614216488,0.022024841234087943,0.8577233950297037,0.023860642686486244,0.45
482,0.025354651361703874,0.02432137665649255,1.0332747936248778,0.019123248755931854,0.5
483,0.02253865301609039,0.02162383800993363,0.914815088113149,0.03137478977441788,0.5
484,0.025228240340948106,0.02429925153652827,0.9289888978004456,0.02355063147842884,0.5166666666666667
485,0.027749546120564142,0.026669079313675563,1.0804666837056478,0.024528868496418,0.5333333333333333
486,0.02984364132086436,0.02884023723502954,1.003403913974762,0.023430826142430305,0.48333333333333334
487,0.02289456066985925,0.02204363662749529,0.8509238243103028,0.022777153179049492,0.5
488,0.024707225213448206,0.023831425234675407,0.8757998228073121,0.030394071713089943,0.5666666666666667
489,0.0231413371860981,0.022222190598646798,0.9191466689109802,0.022539902478456497,0.43333333333333335
490,0.02155609441300233,0.020676352952917417,0.8797417124112447,0.02111896499991417,0.6
491,0.023096428811550142,0.022264233976602554,0.8321949601173401,0.029613452032208443,0.5
492,0.02567185175915559,0.024705666676163675,0.9661850253740947,0.024246104061603546,0.6
493,0.024225339790185294,0.023349686339497567,0.8756531874338785,0.020978562533855438,0.38333333333333336
494,0.02230097378293673,0.02154989366730054,0.7510798414548238,0.03454185649752617,0.4
495,0.022369890908400216,0.02159858321150144,0.7713075160980225,0.02330874092876911,0.43333333333333335
496,0.023998584225773813,0.02320952539642652,0.789058800538381,0.026874108240008354,0.5666666666666667
497,0.030553750072916348,0.02951955112318198,1.0341988722483317,0.039020147174596786,0.4166666666666667
498,0.027481508627533912,0.026422095050414405,1.059413735071818,0.026448236778378487,0.55
499,0.02499092904229959,0.0240870318065087,0.9038971344629924,0.025805393233895302,0.4666666666666667
500,0.024287767335772516,0.02336652154723803,0.9212456583976746,0.019643934443593025,0.5833333333333334
