epoch,train_loss,rmse_loss,trend_loss,val_rmse,val_trend_acc
0,0.23913888782262802,0.22776135702927908,11.377531592051188,0.10939926654100418,0.5166666666666667
1,0.09716244538625081,0.09324426154295604,3.9181833267211914,0.10098257660865784,0.5
2,0.07808200443784395,0.0758419709901015,2.240032410621643,0.10175050050020218,0.48333333333333334
3,0.08075007026394208,0.07900505165259043,1.745018474260966,0.09959793090820312,0.5166666666666667
4,0.07223041281104088,0.0707411194841067,1.4892926692962647,0.09210482984781265,0.5
5,0.06730875273545583,0.06585147182146708,1.4572813391685486,0.09132720530033112,0.49166666666666664
6,0.06715347816546759,0.06570067778229713,1.45280020236969,0.09011981636285782,0.5083333333333333
7,0.0662902074555556,0.06501869534452756,1.2715122858683268,0.09352706372737885,0.44166666666666665
8,0.06592119832833608,0.0645751933256785,1.3460050582885743,0.09106340259313583,0.5
9,0.0649791327615579,0.06364969462156296,1.3294386903444926,0.09065341204404831,0.5
10,0.06369023447235425,0.0625503939886888,1.1398394624392192,0.09595227986574173,0.5083333333333333
11,0.06683893750111262,0.06573943123221397,1.0995067318280538,0.09138208627700806,0.4666666666666667
12,0.07392083133260409,0.07266411483287812,1.256716012954712,0.09139829874038696,0.5083333333333333
13,0.06960965345303217,0.06829369241992632,1.315960907936096,0.0931069552898407,0.49166666666666664
14,0.06811931679646174,0.06668499832352003,1.4343176285425823,0.0929725393652916,0.5166666666666667
15,0.06548588648438454,0.06426577642560005,1.2201092044512432,0.09222318977117538,0.49166666666666664
16,0.0668800950050354,0.0657114197810491,1.1686745524406432,0.09298037737607956,0.5166666666666667
17,0.06777600248654683,0.06654381627837817,1.2321866075197856,0.09597256779670715,0.475
18,0.06463981047272682,0.06351700748006503,1.1228025555610657,0.09874372184276581,0.475
19,0.06643034716447195,0.0651338222126166,1.2965256214141845,0.09432391822338104,0.5416666666666666
20,0.07016718809803327,0.06882546320557595,1.3417251030604045,0.08900235593318939,0.525
21,0.06743666852513949,0.0661736344297727,1.2630342562993369,0.10522186756134033,0.49166666666666664
22,0.06670463383197785,0.06546430513262749,1.2403287967046102,0.09499036520719528,0.5583333333333333
23,0.0660643495619297,0.06488894894719124,1.1754005869229636,0.09564772248268127,0.55
24,0.06372794657945632,0.06260784566402436,1.120099949836731,0.09224352985620499,0.55
25,0.06270803287625312,0.06161710868279139,1.09092435836792,0.09083321690559387,0.5
26,0.06640767281254133,0.06509472007552783,1.312952705224355,0.09215442836284637,0.49166666666666664
27,0.06470073411862055,0.06339092353979746,1.3098109761873882,0.09316499531269073,0.49166666666666664
28,0.0642905704677105,0.06318715314070383,1.1034175992012023,0.09509902447462082,0.525
29,0.064199714610974,0.06282111878196399,1.3785956740379333,0.09329668432474136,0.44166666666666665
30,0.06459436739484468,0.06345709164937337,1.1372753858566285,0.09113992005586624,0.5416666666666666
31,0.06491115242242813,0.0637528712550799,1.1582818984985352,0.09318498522043228,0.45
32,0.0638772097726663,0.06276580517490706,1.111405110359192,0.09329135715961456,0.475
33,0.06401049544413885,0.06275728692611059,1.2532080968221029,0.09645941853523254,0.475
34,0.06563608969251315,0.06439053093393644,1.2455591758092244,0.09240231662988663,0.49166666666666664
35,0.06994679495692253,0.06864843219518661,1.2983619689941406,0.09377414733171463,0.525
36,0.06547846496105195,0.06421374877293905,1.2647164305051168,0.09061367064714432,0.4666666666666667
37,0.06530590529243151,0.06416869858900706,1.1372061133384705,0.09458950161933899,0.5166666666666667
38,0.06957281256715457,0.06838521088163058,1.1876020232836406,0.09298017621040344,0.575
39,0.06540749371051788,0.06434369757771492,1.0637955824534098,0.09484988451004028,0.49166666666666664
40,0.06336892123023669,0.062383777399857836,0.9851444840431214,0.09754820913076401,0.48333333333333334
41,0.06483872557679812,0.06360817601283392,1.23054944674174,0.10647932440042496,0.5083333333333333
42,0.06360886494318645,0.06251804158091545,1.0908228834470113,0.09734999388456345,0.4583333333333333
43,0.061874011904001235,0.06072185908754667,1.1521524906158447,0.09471596032381058,0.5
44,0.06913470327854157,0.06778627360860506,1.3484294851620993,0.08921176195144653,0.5166666666666667
45,0.06530930573741595,0.06409427573283513,1.2150297959645588,0.09389126300811768,0.55
46,0.06247555539011955,0.06146650115648906,1.009054927031199,0.0913262814283371,0.45
47,0.06074920892715454,0.05973636309305827,1.0128462751706442,0.09323710203170776,0.5333333333333333
48,0.06270579919219017,0.061638295153776806,1.0675040364265442,0.0939386859536171,0.55
49,0.06684251278638839,0.06573639586567878,1.1061163743336995,0.09086558222770691,0.525
50,0.06202673067649205,0.0608766866226991,1.150044318040212,0.09041471779346466,0.5166666666666667
51,0.06200091764330864,0.061019707719484964,0.981209913889567,0.09515301883220673,0.5333333333333333
52,0.060963472227255504,0.05984258676568667,1.1208853681882223,0.09643528610467911,0.5
53,0.0680412620306015,0.06681724687417348,1.2240147113800048,0.09066802263259888,0.5416666666666666
54,0.0627837635576725,0.06166795392831167,1.11580992937088,0.09420552849769592,0.5416666666666666
55,0.061425052334864935,0.06037935291727384,1.0456990520159404,0.09504004567861557,0.475
56,0.06163195644815763,0.060576339811086656,1.055617332458496,0.0947694256901741,0.5083333333333333
57,0.0654007946451505,0.06443023582299551,0.9705591877301534,0.09268295019865036,0.4666666666666667
58,0.06433989976843198,0.06301040624578794,1.3294930696487426,0.097261443734169,0.4583333333333333
59,0.06295137281219164,0.06159444426496823,1.3569280783335367,0.09726926684379578,0.44166666666666665
60,0.06337076922257741,0.061769458403189974,1.6013110081354778,0.09421630203723907,0.49166666666666664
61,0.06255663732687632,0.06094544678926468,1.6111901164054871,0.09200561791658401,0.5666666666666667
62,0.060254576802253726,0.059232999881108604,1.0215767065684,0.09780427813529968,0.5416666666666666
63,0.06109800214568774,0.060147293160359064,0.9507088462511698,0.09390059113502502,0.44166666666666665
64,0.06084088459610939,0.059834195176760356,1.0066888014475504,0.09123680740594864,0.49166666666666664
65,0.06334148049354553,0.06216111406683922,1.180366007486979,0.09472644329071045,0.525
66,0.07052206794420877,0.0692872422436873,1.23482590119044,0.09495153278112411,0.5333333333333333
67,0.0675033062696457,0.0661893015106519,1.314005398750305,0.0994298979640007,0.5083333333333333
68,0.06559280008077621,0.06422917917370796,1.3636213382085165,0.09842345118522644,0.45
69,0.06488495469093322,0.06347945804397265,1.4054959654808044,0.09152400493621826,0.5083333333333333
70,0.06538458516200384,0.06414245590567588,1.2421287814776103,0.10513656586408615,0.5166666666666667
71,0.06941552087664604,0.06825285827120145,1.1626623153686524,0.11548778414726257,0.425
72,0.06770224670569101,0.06633406355977059,1.368182893594106,0.10428914427757263,0.5166666666666667
73,0.06665804783503214,0.06530494888623556,1.3530991951624551,0.09612084180116653,0.5583333333333333
74,0.062352706740299864,0.06103536734978358,1.3173394163449605,0.09059514850378036,0.475
75,0.06649306913216908,0.06524839053551355,1.244677968819936,0.09373357892036438,0.5333333333333333
76,0.06477707028388976,0.06343345791101455,1.3436123689015707,0.09377077221870422,0.5416666666666666
77,0.0628774680197239,0.06149317721525828,1.384290385246277,0.09829151630401611,0.49166666666666664
78,0.0639745220541954,0.06276987170179685,1.2046505212783813,0.10512863844633102,0.45
79,0.06322122439742088,0.06179251223802566,1.42871196269989,0.0960717722773552,0.5
80,0.05885417213042577,0.057692826042572656,1.1613457322120666,0.1042979508638382,0.5
81,0.06374500989913941,0.06246199185649554,1.2830175121625265,0.09698619693517685,0.5
82,0.061086309452851616,0.05989083523551623,1.1954737424850463,0.09509432315826416,0.5083333333333333
83,0.06110554014643033,0.06006263171633085,1.04290828704834,0.09207330644130707,0.5
84,0.06037603368361791,0.059245665371417996,1.1303686340649923,0.09679575264453888,0.45
85,0.062302675346533457,0.06124152143796285,1.0611534118652344,0.0951499342918396,0.48333333333333334
86,0.06064889257152875,0.059473347912232084,1.175544508298238,0.0935826227068901,0.5666666666666667
87,0.06205539976557096,0.060902629792690274,1.152770253022512,0.09341870993375778,0.525
88,0.060554595788319905,0.05943447723984718,1.1201181213061016,0.0966179147362709,0.525
89,0.05969174802303314,0.05863859628637632,1.0531518101692199,0.09623049199581146,0.475
90,0.05834693262974421,0.057321212440729144,1.0257202426592509,0.09401214122772217,0.475
91,0.05870615318417549,0.057713109999895096,0.9930429140726725,0.09356484562158585,0.48333333333333334
92,0.06073953087131182,0.059607202063004176,1.1323286811510722,0.09679993242025375,0.575
93,0.06145347207784653,0.06029253775874774,1.1609338124593098,0.09428015351295471,0.5
94,0.06334151079257329,0.06207303206125895,1.2684791803359985,0.10219502449035645,0.475
95,0.06324213743209839,0.06201040844122569,1.2317292014757792,0.09546812623739243,0.49166666666666664
96,0.059841803709665936,0.058661305656035743,1.1804983099301656,0.09319426119327545,0.5083333333333333
97,0.06006390576561292,0.059003418187300365,1.0604881246884663,0.09248580783605576,0.5166666666666667
98,0.05911157503724098,0.05813522885243098,0.9763466835021972,0.09405394643545151,0.5
99,0.06381047666072845,0.0626875268916289,1.1229498306910197,0.0962403193116188,0.5666666666666667
100,0.06041953961054484,0.05921933030088743,1.2002097169558208,0.0955924317240715,0.4666666666666667
101,0.06106267397602399,0.059786523878574374,1.2761497775713602,0.09566310048103333,0.5
102,0.06093646883964539,0.05959279239177704,1.3436760266621908,0.09369645267724991,0.5416666666666666
103,0.05822209219137828,0.05705305238564809,1.1690396388371787,0.09558947384357452,0.44166666666666665
104,0.06173378452658653,0.060412877798080446,1.3209061861038207,0.09431912004947662,0.475
105,0.06293116683761278,0.061672490338484445,1.2586761554082235,0.09318829327821732,0.55
106,0.05857164015372594,0.05756084322929382,1.0107966661453247,0.09527654200792313,0.5083333333333333
107,0.05611669048666954,0.055066887040932974,1.0498039285341898,0.09436000138521194,0.525
108,0.057387671619653705,0.05632219488422076,1.0654767433802286,0.09463604539632797,0.49166666666666664
109,0.05828446100155513,0.05720981980363528,1.0746405164400736,0.09372022747993469,0.525
110,0.0590411846836408,0.057945525149504344,1.0956600268681844,0.09505857527256012,0.5333333333333333
111,0.059473634014527,0.05828642199436824,1.1872119069099427,0.09427575021982193,0.5166666666666667
112,0.06100356802344322,0.059908000628153484,1.0955673456192017,0.0904751867055893,0.55
113,0.06226319074630737,0.061074165254831315,1.1890257199605305,0.0995941087603569,0.5
114,0.06259517868359883,0.061424559851487474,1.1706193844477335,0.09588434547185898,0.49166666666666664
115,0.058986114462216695,0.05783119574189186,1.1549187223116557,0.09027331322431564,0.5333333333333333
116,0.05882866928974787,0.057771642009417215,1.0570271134376525,0.09279108792543411,0.5083333333333333
117,0.05846315920352936,0.0574146290620168,1.0485304236412047,0.09773091971874237,0.5166666666666667
118,0.05767431457837423,0.05680100421110789,0.8733103791872661,0.09389196336269379,0.49166666666666664
119,0.05901927128434181,0.05779764031370481,1.2216312766075135,0.0915607362985611,0.45
120,0.05799897313117981,0.05692166388034821,1.077309215068817,0.09194072335958481,0.5
121,0.05636134892702103,0.055442117154598236,0.9192318479220073,0.09291119128465652,0.475
122,0.056121024489402774,0.05507273798187574,1.0482866605122885,0.09719304740428925,0.45
123,0.05869903216759364,0.05746781304478645,1.2312191645304362,0.09281372278928757,0.4583333333333333
124,0.0590902604162693,0.05792842358350754,1.1618367989857992,0.0945996418595314,0.45
125,0.05830426613489787,0.05717834457755089,1.1259220282236735,0.09281136095523834,0.5083333333333333
126,0.05738329067826271,0.05632835974295934,1.0549314657847086,0.09423408657312393,0.475
127,0.05990039482712746,0.05896597256263097,0.9344228784243266,0.09543174505233765,0.5166666666666667
128,0.05720246856411298,0.056235330055157344,0.9671382546424866,0.09436500817537308,0.5
129,0.06495514313379923,0.06379298369089763,1.1621596336364746,0.09313260018825531,0.4666666666666667
130,0.05894434998432795,0.05768738264838855,1.256967588265737,0.0945383608341217,0.475
131,0.0578412023683389,0.05665675972898801,1.1844423770904542,0.09366117417812347,0.525
132,0.05586782371004422,0.054970473796129224,0.8973502357800801,0.10666128247976303,0.4583333333333333
133,0.06232381587227186,0.06116993874311447,1.1538770953814188,0.0987863689661026,0.44166666666666665
134,0.05906969433029493,0.057778283705314,1.2914106329282125,0.10352358967065811,0.49166666666666664
135,0.0590312567849954,0.05790922914942106,1.1220285375912984,0.09472717344760895,0.49166666666666664
136,0.05611482908328374,0.055140981326500575,0.9738484978675842,0.09041188657283783,0.5083333333333333
137,0.05772787009676297,0.0565825621287028,1.1453077038129171,0.09569085389375687,0.5
138,0.05861456096172333,0.05740984107057254,1.2047199726104736,0.09715541452169418,0.475
139,0.059981062759955725,0.05864349404970805,1.3375685294469197,0.09768699109554291,0.5083333333333333
140,0.060281345744927724,0.0590142327050368,1.2671135028203329,0.09400245547294617,0.44166666666666665
141,0.060067735115687054,0.0589604082206885,1.1073271036148071,0.09922470897436142,0.48333333333333334
142,0.05993900696436564,0.058720991512139636,1.218015197912852,0.09685510396957397,0.45
143,0.05935430079698563,0.058082367728153866,1.2719331105550131,0.0966678187251091,0.48333333333333334
144,0.06072632173697154,0.059516045699516934,1.210276178518931,0.09281319379806519,0.45
145,0.05987615883350372,0.05849008436004321,1.3860742449760437,0.09687338769435883,0.5083333333333333
146,0.05867725114027659,0.05729023516178131,1.3870165904362997,0.095018669962883,0.5333333333333333
147,0.060939132173856096,0.059566786885261534,1.3723449150721232,0.09252504259347916,0.4583333333333333
148,0.05862628147006035,0.05740408425529798,1.2221965710322062,0.09840960055589676,0.4583333333333333
149,0.05627125427126885,0.05529174332817396,0.9795110940933227,0.0933251827955246,0.4583333333333333
150,0.05724640712141991,0.056365018834670384,0.88138773838679,0.09204626828432083,0.4583333333333333
151,0.05477110892534256,0.053870874394973116,0.9002346316973369,0.0976729691028595,0.44166666666666665
152,0.05765125875671705,0.05648112073540688,1.17013707558314,0.09211806207895279,0.5083333333333333
153,0.05729811762770017,0.056229621171951294,1.068496326605479,0.09834218770265579,0.48333333333333334
154,0.056971864650646846,0.05580443789561589,1.1674274921417236,0.09135022759437561,0.525
155,0.058242033670345944,0.056877125054597855,1.364909255504608,0.09402462095022202,0.48333333333333334
156,0.05556669309735298,0.05447638109326362,1.0903117020924886,0.09531677514314651,0.5
157,0.055628844847281776,0.054595792293548585,1.0330530921618144,0.09808981418609619,0.5166666666666667
158,0.05905732313791911,0.057948130865891775,1.1091917634010315,0.09541940689086914,0.5
159,0.055780454476674395,0.05464411228895187,1.1363422870635986,0.1011330634355545,0.4083333333333333
160,0.0575203537940979,0.05616743018229802,1.3529235482215882,0.09458667784929276,0.49166666666666664
161,0.05756165981292725,0.056428795059521995,1.1328648487726847,0.09568719565868378,0.44166666666666665
162,0.05450402523080508,0.05351678008834521,0.9872445066769918,0.09345035254955292,0.49166666666666664
163,0.056543628126382826,0.0555607962111632,0.9828316291173299,0.09598623216152191,0.475
164,0.05762333075205485,0.05632100651661555,1.3023239970207214,0.09775257110595703,0.45
165,0.05735602453351021,0.05628604690233866,1.0699764053026835,0.09611949324607849,0.5333333333333333
166,0.057402306546767555,0.05619087715943654,1.2114286502202352,0.09300518780946732,0.44166666666666665
167,0.05695362736781438,0.055763917664686836,1.18970973889033,0.09271850436925888,0.425
168,0.055040470759073895,0.054096184422572455,0.9442858537038167,0.09658016264438629,0.525
169,0.05633830949664116,0.05536778445045153,0.9705249190330505,0.09935563057661057,0.5416666666666666
170,0.05778477688630422,0.05669064571460088,1.0941315253575643,0.08739930391311646,0.5
171,0.05564324259757995,0.05463398744662603,1.0092554132143656,0.09610594809055328,0.45
172,0.05702306677897771,0.05607461606462796,0.948450497786204,0.09942418336868286,0.4666666666666667
173,0.055744926631450656,0.05482589925328891,0.9190270105997721,0.09077992290258408,0.48333333333333334
174,0.05463203067580859,0.05375842849413554,0.8736023902893066,0.09221015125513077,0.4583333333333333
175,0.054928305993477505,0.05406291981538137,0.8653865655263265,0.08848243951797485,0.48333333333333334
176,0.056030784547328946,0.05511062368750572,0.9201605240503947,0.10144130885601044,0.48333333333333334
177,0.055713566641012825,0.05475190505385399,0.9616613189379374,0.09219351410865784,0.49166666666666664
178,0.05569426988561948,0.054667773594458895,1.0264957308769227,0.09471479058265686,0.5
179,0.05822174375255903,0.056899083654085796,1.322659699122111,0.09300293028354645,0.44166666666666665
180,0.056467404961586,0.05524737040201823,1.2200346390406291,0.09475285559892654,0.475
181,0.05443776200215022,0.05339442044496536,1.043342359860738,0.09053675085306168,0.4583333333333333
182,0.05430678203701973,0.05331291059652964,0.9938709457715352,0.09351237118244171,0.45
183,0.05417461544275284,0.053100242465734485,1.0743730107943217,0.09181574732065201,0.48333333333333334
184,0.05538568248351415,0.054271814227104184,1.1138685862223308,0.09267023950815201,0.45
185,0.05437221626440684,0.05333480288585027,1.0374131282170613,0.09199055284261703,0.4666666666666667
186,0.05393018672863643,0.05299548680583636,0.934699813524882,0.09258352965116501,0.5083333333333333
187,0.053995119283596675,0.05303978249430656,0.9553366820017497,0.09471552819013596,0.5333333333333333
188,0.05566876232624054,0.05477435241142909,0.8944097876548767,0.09675315767526627,0.43333333333333335
189,0.05583987832069397,0.054791010171175006,1.048867678642273,0.09554058313369751,0.48333333333333334
190,0.056768932938575746,0.05557736133535703,1.1915717601776123,0.09263807535171509,0.5416666666666666
191,0.05474828357497851,0.05376784453789393,0.9804391503334046,0.09329830855131149,0.48333333333333334
192,0.054457527895768486,0.05341091404358546,1.0466138005256653,0.09658009558916092,0.4583333333333333
193,0.055319251120090486,0.05426688641309738,1.0523645838101705,0.09200826287269592,0.5
194,0.055366469422976176,0.054305879523356755,1.0605898102124531,0.09479688107967377,0.5166666666666667
195,0.05530010213454564,0.054114849865436555,1.1852521578470865,0.09597127139568329,0.45
196,0.05465982730189959,0.0535903570552667,1.0694696664810182,0.09280971437692642,0.4666666666666667
197,0.05485039800405502,0.0537767415245374,1.0736563404401143,0.09195688366889954,0.4583333333333333
198,0.054657734682162604,0.053743748118480046,0.9139869451522827,0.08677442371845245,0.5333333333333333
199,0.05589542612433433,0.054810980210701625,1.0844457546869914,0.09022300690412521,0.5
200,0.053775297850370406,0.05270212963223457,1.0731682499249777,0.0930137038230896,0.4666666666666667
201,0.05716424062848091,0.05616620803872744,0.9980322122573853,0.09166711568832397,0.5166666666666667
202,0.05711900716026624,0.056028919170300166,1.0900884469350178,0.09620906412601471,0.5083333333333333
203,0.057283329963684085,0.05613364477952321,1.1496852040290833,0.09119272977113724,0.45
204,0.056298975149790445,0.05525873179237048,1.0402422189712524,0.09064538031816483,0.475
205,0.057843987147013345,0.056698780755201975,1.145206916332245,0.09325534105300903,0.475
206,0.055893060316642124,0.0547688531378905,1.1242073973019917,0.09730756282806396,0.48333333333333334
207,0.0553299975891908,0.054312912126382194,1.0170854330062866,0.09325326979160309,0.5166666666666667
208,0.054574156552553175,0.05350454226136207,1.0696139176686605,0.09443441778421402,0.4666666666666667
209,0.05625047559539477,0.055093953013420106,1.1565216819445292,0.0951898917555809,0.4666666666666667
210,0.05472547858953476,0.05379392753044764,0.9315511743227641,0.09348313510417938,0.4666666666666667
211,0.05305275569359461,0.05209521179397901,0.9575437227884929,0.0884183794260025,0.5333333333333333
212,0.06073045233885447,0.05958575755357742,1.1446945826212565,0.09680269658565521,0.5
213,0.06187796468536059,0.0605157658457756,1.362198809782664,0.09158462285995483,0.475
214,0.05485307946801186,0.053829414894183476,1.023664402961731,0.09236085414886475,0.48333333333333334
215,0.05447940453886986,0.05338120187322299,1.0982023318608602,0.09489646553993225,0.4583333333333333
216,0.05746519068876902,0.05634731650352478,1.117874312400818,0.09481057524681091,0.525
217,0.05678197046120961,0.05554133703311284,1.2406327803929647,0.0953800231218338,0.49166666666666664
218,0.05593957056601842,0.05483116755882899,1.108403237660726,0.09421131014823914,0.45
219,0.05368651375174523,0.052668172121047976,1.0183415333429973,0.09528368711471558,0.48333333333333334
220,0.05402900204062462,0.05311433399717013,0.9146687626838684,0.0904638022184372,0.49166666666666664
221,0.0544790764649709,0.053488666812578835,0.9904097080230713,0.09806381165981293,0.525
222,0.055610688775777815,0.05450550988316536,1.105178682009379,0.0955856516957283,0.5
223,0.05515612587332726,0.05401058594385783,1.1455406904220582,0.0917096957564354,0.49166666666666664
224,0.05705075909694036,0.05585661828517914,1.1941403150558472,0.09400369971990585,0.5416666666666666
225,0.053023476898670194,0.05207805608709653,0.9454205632209778,0.09195759892463684,0.4583333333333333
226,0.05268036872148514,0.05173522680997848,0.9451414148012797,0.09127252548933029,0.48333333333333334
227,0.051348068316777545,0.050505764534076056,0.8423034230868022,0.09324823319911957,0.5
228,0.053133380909760795,0.05224125757813454,0.8921236832936604,0.0920083075761795,0.5083333333333333
229,0.05538557544350624,0.05425437539815903,1.1311999996503195,0.0905027762055397,0.48333333333333334
230,0.054195532699426015,0.053090255210796994,1.105277411142985,0.09435035288333893,0.48333333333333334
231,0.05861772646506627,0.05726851373910904,1.3492121696472168,0.09120374172925949,0.5
232,0.055416821191708245,0.05419061034917831,1.2262104153633118,0.09646868705749512,0.5333333333333333
233,0.05508135085304578,0.05408027619123459,1.001074763139089,0.08969184756278992,0.5
234,0.05607272163033485,0.054953812559445696,1.1189090609550476,0.09255941212177277,0.49166666666666664
235,0.05208258628845215,0.05097495665152867,1.1076298038164774,0.09376056492328644,0.5166666666666667
236,0.05509383976459503,0.05405134707689285,1.0424920996030171,0.09464704245328903,0.5166666666666667
237,0.05238866458336512,0.05133606418967247,1.0526010553042093,0.09551366418600082,0.55
238,0.05553214823206266,0.054575318843126296,0.9568291068077087,0.09511023759841919,0.475
239,0.05764090692003568,0.056537051250537235,1.1038550416628519,0.10665466636419296,0.525
240,0.05863797391454379,0.057464298854271574,1.1736752033233642,0.09956621378660202,0.5166666666666667
241,0.054261211305856705,0.05325316488742828,1.0080467780431113,0.09079810231924057,0.4666666666666667
242,0.05217941651741664,0.051079586644967395,1.0998292764027913,0.0921124517917633,0.5333333333333333
243,0.054225808133681615,0.05305730899175008,1.1684993545214335,0.09913986921310425,0.43333333333333335
244,0.05561662241816521,0.0541355033715566,1.4811196804046631,0.09168843179941177,0.49166666666666664
245,0.054125093917051954,0.05311794653534889,1.0071473717689514,0.10336577892303467,0.525
246,0.05808848887681961,0.05687912354866664,1.2093650658925374,0.09849413484334946,0.475
247,0.05617411434650421,0.05497717832525571,1.196936317284902,0.09214907139539719,0.525
248,0.053779606521129605,0.05245071773727735,1.3288890600204468,0.09303359687328339,0.525
249,0.054533950984478,0.05345246344804764,1.081487480799357,0.09597104042768478,0.48333333333333334
250,0.053064776211977006,0.05205769141515096,1.0070844451586405,0.09261991083621979,0.5583333333333333
251,0.05364505425095558,0.05263205220301946,1.0130022962888081,0.08746019005775452,0.55
252,0.05402724122007688,0.05305494914452235,0.9722919940948487,0.09528782963752747,0.475
253,0.05323483422398567,0.05221986472606659,1.014969531695048,0.0950002372264862,0.55
254,0.05444903646906217,0.05343489920099576,1.0141376773516337,0.092536561191082,0.5583333333333333
255,0.04986374701062838,0.04885233243306478,1.0114155968030294,0.0940513089299202,0.48333333333333334
256,0.05266937389969826,0.051663926988840106,1.0054465492566427,0.09050809592008591,0.5416666666666666
257,0.05149278665582339,0.05056938206156095,0.9234046657880147,0.09248778969049454,0.43333333333333335
258,0.05236201733350754,0.051418540875116985,0.9434763749440511,0.0955609679222107,0.5166666666666667
259,0.05096947227915128,0.05011626010139783,0.8532123525937398,0.0926719531416893,0.5333333333333333
260,0.05056447039047877,0.04967961311340332,0.8848572532335918,0.08891057968139648,0.5
261,0.05257801959911982,0.051631436000267664,0.946583366394043,0.09580432623624802,0.49166666666666664
262,0.05119084045290947,0.05032602275411288,0.8648181358973185,0.09056258201599121,0.5333333333333333
263,0.051502851645151775,0.050573021670182544,0.9298298239707947,0.09449191391468048,0.48333333333333334
264,0.05332714393734932,0.05218384514252345,1.1432987968126933,0.09042791277170181,0.5333333333333333
265,0.05206873764594396,0.05094131901860237,1.127418343226115,0.0930432379245758,0.475
266,0.05182196994622548,0.050703078508377075,1.118890905380249,0.08956874907016754,0.5666666666666667
267,0.05382899741331736,0.05289373671015104,0.9352606892585754,0.09356565028429031,0.5416666666666666
268,0.05247737392783165,0.0514581931134065,1.0191813071568807,0.09030011296272278,0.49166666666666664
269,0.052808687339226404,0.051826794942220054,0.9818924188613891,0.09173334389925003,0.5666666666666667
270,0.05376146559913953,0.05288130914171537,0.8801563700040181,0.09082643687725067,0.5083333333333333
271,0.05204378391305606,0.05105418761571248,0.989596410592397,0.09020360559225082,0.525
272,0.051352498183647795,0.05037920946876208,0.9732885241508484,0.08948517590761185,0.5333333333333333
273,0.0536436565220356,0.05272941812872887,0.9142385919888815,0.09449650347232819,0.475
274,0.05208820849657059,0.05118645777304967,0.9017505089441935,0.0901109129190445,0.5166666666666667
275,0.05206896886229515,0.05119088739156723,0.8780822475751241,0.0914791002869606,0.5583333333333333
276,0.05365869328379631,0.05268618961175283,0.9725035190582275,0.08554249256849289,0.575
277,0.05753026952346166,0.056344925860563916,1.1853439132372539,0.09051163494586945,0.5083333333333333
278,0.05597531497478485,0.054860242952903114,1.1150715668996176,0.09109978377819061,0.4583333333333333
279,0.05475472832719485,0.053590432306130725,1.1642959912618,0.0906338095664978,0.5416666666666666
280,0.05258225798606873,0.05144089137514432,1.141366195678711,0.09007434546947479,0.5166666666666667
281,0.050715493659178414,0.04983070641756058,0.8847872018814087,0.08715426176786423,0.525
282,0.05042710676789284,0.04950552036364873,0.9215863784154256,0.09242896735668182,0.45
283,0.05936415468653043,0.05817671666542689,1.1874382932980856,0.09724654257297516,0.5416666666666666
284,0.05677136555314064,0.05582021822532018,0.9511469841003418,0.09183157980442047,0.4666666666666667
285,0.05554501786828041,0.054329948127269746,1.215069337685903,0.09074919670820236,0.5166666666666667
286,0.05538753842314084,0.0541229451696078,1.2645938634872436,0.08952769637107849,0.5583333333333333
287,0.05233425796031952,0.0511305163304011,1.2037423133850098,0.08878656476736069,0.5166666666666667
288,0.05222845772902171,0.051204701761404674,1.0237558444341024,0.09060031920671463,0.5166666666666667
289,0.052242463330427806,0.05135125269492467,0.8912106315294902,0.08618491142988205,0.5
290,0.05123562638958295,0.050144812713066735,1.0908137241999307,0.08837468177080154,0.475
291,0.05175615722934405,0.05066941281159719,1.086744523048401,0.09001929312944412,0.5
292,0.054519196351369224,0.053222873558600746,1.2963228980700174,0.09008383005857468,0.49166666666666664
293,0.054128301640351616,0.05302275518576304,1.1055464029312134,0.0897744819521904,0.4666666666666667
294,0.052115558087825774,0.05108040198683739,1.0351556579271952,0.08618206530809402,0.575
295,0.05258882765968641,0.05170314957698186,0.8856785138448079,0.08644841611385345,0.5333333333333333
296,0.05645636518796285,0.05545278663436572,1.003578543663025,0.08915871381759644,0.525
297,0.057905819515387216,0.05688394283254941,1.0218764861424765,0.0967416986823082,0.49166666666666664
298,0.05567155530055364,0.05459813699126244,1.0734184741973878,0.09163770824670792,0.43333333333333335
299,0.055644456297159195,0.05449324448903402,1.1512117902437846,0.08569861948490143,0.475
300,0.0502723957101504,0.0492791123688221,0.9932836691538492,0.08654224872589111,0.525
301,0.05135641147692998,0.050421805183092756,0.9346061786015828,0.08380196243524551,0.5416666666666666
302,0.0552747738858064,0.054257546365261075,1.017227323849996,0.08905766904354095,0.49166666666666664
303,0.053495111564795174,0.0524643637239933,1.0307481090227764,0.09132034331560135,0.5
304,0.05067263295253118,0.049596964319547014,1.0756686846415202,0.08701494336128235,0.49166666666666664
305,0.04827995200951894,0.04746347417434057,0.8164778550465902,0.08487874269485474,0.48333333333333334
306,0.05124036918083827,0.050250739852587385,0.98962957461675,0.08731728047132492,0.4583333333333333
307,0.051509616523981096,0.05045832420388858,1.0512917478879293,0.08951020985841751,0.5166666666666667
308,0.052628410359223686,0.0513554610311985,1.2729495247205098,0.0868551954627037,0.5583333333333333
309,0.05166676342487335,0.050610609849294025,1.0561535477638244,0.0870639979839325,0.49166666666666664
310,0.04913905809322993,0.04827087968587875,0.86817866563797,0.09298942983150482,0.48333333333333334
311,0.05197460725903511,0.051068511853615446,0.9060956239700317,0.08832518011331558,0.475
312,0.05166217188040415,0.050658975789944334,1.0031963109970092,0.09018192440271378,0.4583333333333333
313,0.05350924308101336,0.05240776588519414,1.1014774243036907,0.08848043531179428,0.4666666666666667
314,0.051143211871385576,0.050216131905714674,0.927079951763153,0.0889848917722702,0.5
315,0.0516888568798701,0.050714324414730075,0.9745326399803161,0.09147748351097107,0.55
316,0.05439867849151293,0.05324020832777023,1.1584703048070273,0.08660969883203506,0.5333333333333333
317,0.054197724411884945,0.05308710560202599,1.110619036356608,0.09427028894424438,0.5
318,0.05531365970770518,0.054282413919766744,1.0312457919120788,0.09105953574180603,0.4666666666666667
319,0.05103004400928815,0.050051051378250125,0.9789925297101338,0.08420219272375107,0.525
320,0.050658533722162245,0.0497023527820905,0.9561804334322611,0.0951361209154129,0.5333333333333333
321,0.05181510001420975,0.05089290862282117,0.9221913139025371,0.08417116850614548,0.5416666666666666
322,0.047425309816996254,0.04661241844296456,0.8128917217254639,0.08711131662130356,0.5833333333333334
323,0.05351622800032298,0.05245701397458712,1.059213924407959,0.08918821066617966,0.4666666666666667
324,0.0524076816936334,0.05125133494536082,1.1563464244206747,0.08931969851255417,0.48333333333333334
325,0.05190651416778565,0.050788873930772145,1.117640503247579,0.0864693820476532,0.5416666666666666
326,0.052741191287835436,0.05158575549721718,1.155436098575592,0.08592473715543747,0.55
327,0.05019770686825117,0.049312959611415866,0.8847466905911764,0.08569131046533585,0.5666666666666667
328,0.049682503441969554,0.048843237260977425,0.839266320069631,0.08944206684827805,0.5416666666666666
329,0.05098135247826576,0.05002265150348346,0.9587012370427449,0.09672971069812775,0.525
330,0.054692918558915456,0.053641512989997864,1.051405700047811,0.08775085210800171,0.48333333333333334
331,0.05101178313295047,0.050132621079683304,0.8791616678237915,0.08638259768486023,0.5333333333333333
332,0.04894474570949872,0.048062180479367576,0.8825650612513224,0.08709140866994858,0.475
333,0.04729740619659424,0.04648378367225329,0.8136226256688436,0.08781465888023376,0.48333333333333334
334,0.05056704680124919,0.0495479350288709,1.0191117842992148,0.08942306041717529,0.5083333333333333
335,0.05067082544167836,0.04975871692101161,0.9121083736419677,0.08275007456541061,0.5333333333333333
336,0.05027526766061783,0.049211039145787554,1.0642279267311097,0.09307685494422913,0.475
337,0.049562897284825644,0.04873266965150833,0.8302275856335958,0.08679994940757751,0.48333333333333334
338,0.051097320516904195,0.05005366678039233,1.0436537861824036,0.08333765715360641,0.575
339,0.05341528927286466,0.05237541521588961,1.0398740847905477,0.09722252935171127,0.5
340,0.05206977265576521,0.05089831687510014,1.171455438931783,0.087885782122612,0.5083333333333333
341,0.05227368821700414,0.05120354319612185,1.0701448241869609,0.0928528904914856,0.475
342,0.05145481278498967,0.05058854271968206,0.8662699500719706,0.08501183241605759,0.525
343,0.04813459391395251,0.047326151033242544,0.8084428985913594,0.08440831303596497,0.5583333333333333
344,0.05290789678692818,0.051968432714541754,0.9394642790158589,0.09110455214977264,0.5583333333333333
345,0.05001512169837952,0.04904599835475286,0.969123371442159,0.087381511926651,0.5
346,0.048996847867965695,0.048047939936319985,0.9489076177279154,0.08836246281862259,0.49166666666666664
347,0.04973780686656634,0.04887914434075356,0.8586628437042236,0.08588602393865585,0.49166666666666664
348,0.04801118423541387,0.047215040276447934,0.7961441198984782,0.0864429920911789,0.5333333333333333
349,0.04750044941902161,0.04671190877755483,0.7885400851567587,0.09340473264455795,0.48333333333333334
350,0.05161448245247205,0.05065845598777135,0.9560266494750976,0.09443522244691849,0.45
351,0.05103701526920001,0.05018700088063876,0.8500143210093181,0.0861852616071701,0.5
352,0.05058715219298999,0.049576586484909056,1.0105657617251078,0.08939157426357269,0.49166666666666664
353,0.048736422508955005,0.04781834955016772,0.9180728634198506,0.08892852067947388,0.5416666666666666
354,0.05754871442914009,0.056423037747542065,1.1256765087445577,0.08353634178638458,0.5166666666666667
355,0.05052898650368055,0.049610166003306706,0.9188209335009258,0.0831274464726448,0.5416666666666666
356,0.048402025798956555,0.047554167360067366,0.8478580673535665,0.08560601621866226,0.48333333333333334
357,0.049752982705831526,0.04883600696921349,0.9169751763343811,0.08963271975517273,0.5083333333333333
358,0.04772238756219546,0.046931977321704225,0.7904103040695191,0.08777207881212234,0.5333333333333333
359,0.04932329555352529,0.048438339680433276,0.8849559386571249,0.08532856404781342,0.525
360,0.04984294697642326,0.049003034830093384,0.8399118502934774,0.08390156179666519,0.55
361,0.04749591425061226,0.04660734633604686,0.888568111260732,0.08899356424808502,0.5083333333333333
362,0.04971885979175568,0.04859656790892283,1.1222917159398398,0.0882389098405838,0.48333333333333334
363,0.05054253538449605,0.04938852017124494,1.154015302658081,0.08727172017097473,0.5
364,0.049242088198661806,0.04820569281776746,1.0363957603772482,0.08716105669736862,0.5416666666666666
365,0.04817016671101252,0.0471264826754729,1.0436842044194539,0.09039083123207092,0.425
366,0.05145955135424932,0.05025728071729342,1.202270515759786,0.08523786067962646,0.575
367,0.04948517084121704,0.048557356993357344,0.9278142849604288,0.09739277511835098,0.4666666666666667
368,0.05269029463330905,0.051500099897384646,1.1901944994926452,0.0872107520699501,0.5083333333333333
369,0.04815140639742215,0.0472039391597112,0.9474668184916178,0.08385998010635376,0.525
370,0.047426608453194304,0.046667008598645525,0.7595995903015137,0.08528826385736465,0.5583333333333333
371,0.04914118523399035,0.048223110288381575,0.9180750370025634,0.0905304104089737,0.5083333333333333
372,0.0472604788839817,0.04635221337278684,0.9082659045855205,0.08651058375835419,0.5666666666666667
373,0.048952073355515796,0.048065111289421716,0.8869624098141988,0.08634251356124878,0.525
374,0.04815869008501371,0.0472050999601682,0.95358993212382,0.08722542226314545,0.45
375,0.048899476726849876,0.04801600401600202,0.8834725260734558,0.09042130410671234,0.5333333333333333
376,0.04814025436838468,0.04716185033321381,0.9784046332041423,0.08652682602405548,0.525
377,0.05007223015030225,0.049133635312318805,0.9385947267214457,0.08514253050088882,0.5083333333333333
378,0.04556198492646217,0.04471617291371028,0.845811649163564,0.0872035101056099,0.55
379,0.04659865573048592,0.045720158020655315,0.8784985462824504,0.0888211727142334,0.5833333333333334
380,0.04811611423889796,0.047139580547809604,0.976533834139506,0.08745716512203217,0.45
381,0.047017041593790054,0.0459146353105704,1.102405563990275,0.08779597282409668,0.5333333333333333
382,0.04587334444125493,0.04507818619410197,0.795158847173055,0.08406723290681839,0.5333333333333333
383,0.05035676161448161,0.04941275989015897,0.9440014759699503,0.08978670090436935,0.525
384,0.04662434682250023,0.04566160862644513,0.9627382238705953,0.08323650062084198,0.5
385,0.048350852479537326,0.04739791577061017,0.9529364943504334,0.08642622828483582,0.5166666666666667
386,0.04865612164139747,0.04748867799838384,1.1674434701601664,0.08843560516834259,0.49166666666666664
387,0.049548729012409844,0.04858935674031575,0.9593724370002746,0.08471208065748215,0.5916666666666667
388,0.04991830413540204,0.048784872392813365,1.1334314266840617,0.08747413754463196,0.5166666666666667
389,0.04675112639864286,0.04583439901471138,0.9167271852493286,0.09117525070905685,0.6
390,0.04637060190240542,0.04552057559291522,0.8500260512034098,0.0876510888338089,0.44166666666666665
391,0.046261930962403615,0.045389253397782645,0.8726773738861084,0.08494104444980621,0.45
392,0.046681511650482815,0.04590821092327436,0.773300850391388,0.08380730450153351,0.5416666666666666
393,0.04869525469839573,0.04774553639193376,0.9497181256612142,0.08785935491323471,0.55
394,0.04708393861850103,0.04609385132789612,0.9900871594746907,0.0878843143582344,0.48333333333333334
395,0.04861051241556803,0.047740985701481504,0.8695263902346293,0.08787441998720169,0.525
396,0.045622050762176514,0.04479370092352231,0.8283499042193095,0.09291495382785797,0.525
397,0.05666327451666196,0.055653482923905054,1.0097915569941203,0.09367568790912628,0.4666666666666667
398,0.04731265008449555,0.046373860289653145,0.9387898763020833,0.0890696793794632,0.5583333333333333
399,0.046194002777338025,0.0452743982275327,0.9196045319239299,0.08756839483976364,0.55
400,0.0482974573969841,0.047303358713785805,0.9940983295440674,0.08495733141899109,0.4666666666666667
401,0.0480351929863294,0.047021694978078205,1.0134979486465454,0.08421986550092697,0.5333333333333333
402,0.04809655249118805,0.04710205023487409,0.9945022304852803,0.08824950456619263,0.4666666666666667
403,0.04767671599984169,0.046718899408976236,0.9578168829282124,0.08438066393136978,0.575
404,0.047949213286240897,0.047183932612339656,0.7652803699175517,0.082198366522789,0.575
405,0.0457890530427297,0.04502673198779424,0.7623215754826863,0.08729275315999985,0.5416666666666666
406,0.04684467539191246,0.04600548495848974,0.8391901850700378,0.08756008744239807,0.49166666666666664
407,0.04931961049636205,0.048456856856743495,0.86275368531545,0.08409424871206284,0.5583333333333333
408,0.04806019067764282,0.04718656316399574,0.8736275752385457,0.08570392429828644,0.5416666666666666
409,0.0487343189616998,0.047868927319844566,0.8653915643692016,0.08964148163795471,0.5666666666666667
410,0.04908585684994857,0.04814092355469863,0.9449334979057312,0.08720492571592331,0.5416666666666666
411,0.05040960038701693,0.04958413615822792,0.8254640976587931,0.08912929892539978,0.5416666666666666
412,0.05078321024775505,0.04984686672687531,0.9363440434137981,0.08859626948833466,0.55
413,0.04952330117424329,0.04876132061084112,0.7619806687037151,0.09126101434230804,0.5083333333333333
414,0.04644702523946762,0.04564577688773473,0.8012482047080993,0.08421613276004791,0.5333333333333333
415,0.04537655015786489,0.044503564139207204,0.8729857325553894,0.09010709077119827,0.525
416,0.04899849469463031,0.04793644125262896,1.062053088347117,0.08921416103839874,0.55
417,0.04789161557952563,0.04709623480836551,0.7953808069229126,0.08569606393575668,0.5416666666666666
418,0.04682482232650121,0.04606261923909187,0.7622029463450114,0.08629025518894196,0.4666666666666667
419,0.04692963510751724,0.046112159142891566,0.8174755930900574,0.08982318639755249,0.5416666666666666
420,0.04548432851831118,0.04471898550788562,0.7653427282969157,0.08471666276454926,0.5333333333333333
421,0.04537449479103088,0.044340372333923975,1.0341223756472269,0.08696142584085464,0.49166666666666664
422,0.04695800890525182,0.04607651308178902,0.8814956307411194,0.08948112279176712,0.525
423,0.05021842991312345,0.04925782233476639,0.9606074253718059,0.08953335881233215,0.5666666666666667
424,0.04683667297164599,0.04605429445703824,0.7823786020278931,0.08600343018770218,0.475
425,0.04950829769174258,0.04853203867872556,0.9762589852015178,0.08570308983325958,0.5416666666666666
426,0.04722025319933891,0.046329245219628015,0.8910078525543212,0.08309946209192276,0.6
427,0.0454546886185805,0.044617497672637306,0.8371910174687703,0.08555616438388824,0.525
428,0.04633749922116597,0.04543043076992035,0.9070687731107075,0.08845008909702301,0.5166666666666667
429,0.04825024629632632,0.04726574793457985,0.9844981074333191,0.0866703912615776,0.49166666666666664
430,0.0462906152009964,0.04535735150178274,0.93326336145401,0.08886604756116867,0.4666666666666667
431,0.045628065864245095,0.04483254949251811,0.795516312122345,0.0863114595413208,0.43333333333333335
432,0.0461562638481458,0.045205453286568324,0.950811243057251,0.09157726913690567,0.575
433,0.047506874551375707,0.046537009874979655,0.9698645909627278,0.08438128232955933,0.48333333333333334
434,0.047744723657766976,0.0467143806318442,1.0303430279095969,0.08788138628005981,0.5166666666666667
435,0.04724916120370229,0.04639980395634969,0.8493573029836019,0.08666826784610748,0.5416666666666666
436,0.049632605910301206,0.04857592384020488,1.0566822052001954,0.08905494958162308,0.49166666666666664
437,0.04683781589070956,0.04587341696023941,0.9643992622693379,0.08363349735736847,0.55
438,0.04684903249144554,0.04584960142771403,0.9994317809740703,0.08411981165409088,0.525
439,0.045955463250478105,0.045022553950548175,0.9329093813896179,0.08848056197166443,0.48333333333333334
440,0.0455228162308534,0.044525261223316195,0.9975547472635905,0.09047727286815643,0.55
441,0.05024885709087054,0.04920901581645012,1.0398407300313315,0.08365964144468307,0.5166666666666667
442,0.047502324481805164,0.04660380433003108,0.898520298798879,0.08496252447366714,0.55
443,0.049169263988733294,0.0483473964035511,0.8218682169914245,0.08529524505138397,0.5166666666666667
444,0.04608700027068456,0.04525180160999298,0.8351986805597941,0.0873236134648323,0.5416666666666666
445,0.04836467529336611,0.04742730980118116,0.937365202109019,0.08280228823423386,0.5
446,0.043952468285957974,0.04320178205768267,0.7506860693295797,0.08314763754606247,0.5666666666666667
447,0.04529473682244619,0.044437837600708005,0.8568994601567587,0.08614307641983032,0.5916666666666667
448,0.044983335336049396,0.044106051325798035,0.8772835493087768,0.08226024359464645,0.5
449,0.04744981750845909,0.04659873793522517,0.851079813639323,0.09362316876649857,0.5333333333333333
450,0.046465359379847845,0.04565248563885689,0.8128740310668945,0.08372434973716736,0.55
451,0.04289008552829424,0.04219056045015653,0.6995252966880798,0.08777763694524765,0.49166666666666664
452,0.04725510279337565,0.046387788156668344,0.8673146406809489,0.08546662330627441,0.5416666666666666
453,0.046756281952063244,0.0458154338101546,0.9408480326334635,0.08227516710758209,0.5166666666666667
454,0.04716201921304067,0.046249636759360634,0.9123822093009949,0.09129065275192261,0.5083333333333333
455,0.04552985255916913,0.04468136851986249,0.8484840790430704,0.08613196760416031,0.5166666666666667
456,0.04601420114437739,0.04522040660182635,0.7937946001688639,0.08393821865320206,0.525
457,0.04493407532572746,0.04400372505187988,0.9303505778312683,0.08355342596769333,0.5
458,0.0446295698483785,0.04380451838175456,0.825052003065745,0.08877304196357727,0.5
459,0.04906479666630427,0.04815088113149007,0.9139154712359111,0.08503317087888718,0.525
460,0.04625551849603653,0.04540030161539713,0.8552168130874633,0.08634597808122635,0.5666666666666667
461,0.04291406472524007,0.042181769758462904,0.7322948535283407,0.08570446074008942,0.5416666666666666
462,0.04211946999033292,0.04139447609583537,0.7249939640363058,0.08550286293029785,0.55
463,0.045608134319384895,0.044681592285633086,0.9265423973401388,0.08625257760286331,0.49166666666666664
464,0.04875090668598811,0.047752265632152555,0.9986405968666077,0.08835773915052414,0.5083333333333333
465,0.053345631311337155,0.05233794177571933,1.007688852151235,0.08561035990715027,0.5416666666666666
466,0.0468735804160436,0.04593803013364474,0.9355504671732585,0.09266232699155807,0.5
467,0.04628317455450694,0.04541773473223051,0.8654397249221801,0.08862805366516113,0.49166666666666664
468,0.04674984738230705,0.045864861955245334,0.8849851806958516,0.08938371390104294,0.5416666666666666
469,0.047563528766234715,0.04655481378237406,1.0087151368459066,0.08819124847650528,0.5583333333333333
470,0.045262890060742696,0.044525049875179926,0.737840453783671,0.08738161623477936,0.5166666666666667
471,0.043281543999910355,0.04250537057717641,0.7761732975641886,0.08231750875711441,0.5166666666666667
472,0.04223867108424505,0.04144968042771022,0.788990871111552,0.08841734379529953,0.475
473,0.04423975795507431,0.04332519123951594,0.9145663022994995,0.08549539744853973,0.475
474,0.04324084234734376,0.04243969569603602,0.8011467734972636,0.08863629400730133,0.525
475,0.04490222533543905,0.04413756678501765,0.7646585385004679,0.083742655813694,0.5833333333333334
476,0.04344720790783564,0.04268498073021571,0.7622267683347066,0.08665599673986435,0.525
477,0.043622326602538425,0.0428717157493035,0.7506112893422444,0.08511172980070114,0.475
478,0.04370579123497009,0.04283879473805428,0.8669966499010722,0.08425606042146683,0.475
479,0.0427027794222037,0.04190027192234993,0.802507237593333,0.08636287599802017,0.5333333333333333
480,0.046024190882841744,0.045225574324528374,0.7986165324846903,0.08431597799062729,0.575
481,0.04969277481238047,0.04888126105070114,0.8115136663118998,0.0857451856136322,0.5083333333333333
482,0.049254250278075534,0.04821473583579063,1.0395137906074523,0.08821149170398712,0.48333333333333334
483,0.048370705296595894,0.047403351465861006,0.967353638013204,0.08779045939445496,0.5083333333333333
484,0.04506696735819181,0.04410317093133927,0.96379634141922,0.08789411187171936,0.5666666666666667
485,0.04470864236354828,0.04377400775750478,0.9346347689628601,0.08842776715755463,0.44166666666666665
486,0.04435070032874743,0.04352176313598951,0.8289370059967041,0.08679166436195374,0.5833333333333334
487,0.04406388873855273,0.043268972138563795,0.7949163595835368,0.08448806405067444,0.5583333333333333
488,0.04458517630894979,0.04360111479957898,0.984061618645986,0.08799555152654648,0.5083333333333333
489,0.04489999152719974,0.043990422040224075,0.9095696806907654,0.0839613527059555,0.575
490,0.042206579446792604,0.04148445824782054,0.7221211274464925,0.08639128506183624,0.45
491,0.0437160258491834,0.04289234553774198,0.823680563767751,0.08979318290948868,0.5416666666666666
492,0.04625841627518336,0.045335879425207774,0.922536830107371,0.08867879956960678,0.4666666666666667
493,0.04433812151352565,0.04340876489877701,0.9293565154075623,0.08381441980600357,0.525
494,0.042083093772331874,0.04129903813203176,0.7840550462404887,0.08586679399013519,0.5
495,0.042256893714269,0.04146869877974192,0.7881948033968608,0.08544991910457611,0.5
496,0.044872596363226575,0.04407532115777334,0.7972753405570984,0.0880090668797493,0.5083333333333333
497,0.04271377697587013,0.04184666636089484,0.8671107769012452,0.08357477933168411,0.5166666666666667
498,0.04506394639611244,0.04429673030972481,0.7672154029210408,0.0876075029373169,0.48333333333333334
499,0.042819040517012276,0.04202691490451495,0.7921253323554993,0.08566440641880035,0.5833333333333334
500,0.043594655394554135,0.04282937025030454,0.7652849912643432,0.08836253732442856,0.49166666666666664
