epoch,train_loss,rmse_loss,trend_loss,val_rmse,val_trend_acc
0,0.276350008447965,0.2634199008345604,12.930107339223225,0.08447971194982529,0.49166666666666664
1,0.07689224258065223,0.07377317249774933,3.119070132573446,0.04205033928155899,0.4666666666666667
2,0.04919071992238363,0.04740023190776507,1.7904880444208782,0.04056648164987564,0.575
3,0.04199431513746579,0.04052806223432223,1.4662530740102133,0.03759729862213135,0.5
4,0.04146173223853111,0.040078997363646826,1.3827348868052165,0.028083113953471184,0.5
5,0.040632904320955274,0.03932413148383299,1.3087727228800456,0.03771093487739563,0.425
6,0.0397091269493103,0.0383509191373984,1.3582080006599426,0.0381397046148777,0.475
7,0.03782945821682612,0.03666378806034724,1.1656700889269511,0.030599068850278854,0.5333333333333333
8,0.034769390771786375,0.03370478202899297,1.0646089394887288,0.029219675809144974,0.49166666666666664
9,0.03390458772579829,0.03283318156997363,1.071406364440918,0.028957415372133255,0.45
10,0.03583485297858715,0.034722433984279634,1.1124189257621766,0.028831031173467636,0.525
11,0.03507769082983335,0.0340922041485707,0.9854870279630025,0.0319252535700798,0.5416666666666666
12,0.03570520753661791,0.03458258012930552,1.1226271073023477,0.028017941862344742,0.6166666666666667
13,0.03775892456372579,0.03665079474449158,1.1081296722094218,0.03743091970682144,0.5666666666666667
14,0.03691676581899325,0.035776371136307716,1.1403945247332254,0.03805547207593918,0.425
15,0.036208218708634374,0.03504983261227608,1.1583860397338868,0.038310788571834564,0.4166666666666667
16,0.03475311622023582,0.03368758149445057,1.065535032749176,0.038829244673252106,0.5166666666666667
17,0.04038023129105568,0.039045578738053636,1.334652304649353,0.042531970888376236,0.5583333333333333
18,0.04268048579494158,0.041436502089103065,1.243983840942383,0.03518091142177582,0.49166666666666664
19,0.036728178585569066,0.03571328880886237,1.014889907836914,0.026388760656118393,0.49166666666666664
20,0.03447270480295022,0.03348624954620997,0.9864551544189453,0.030268747359514236,0.5
21,0.040965141355991365,0.039610492934783297,1.354648439089457,0.026684774085879326,0.475
22,0.038915818681319554,0.03753512439628442,1.3806937694549561,0.029812540858983994,0.48333333333333334
23,0.0341119758784771,0.03298385888338089,1.1281169533729554,0.02816765382885933,0.5083333333333333
24,0.03644045492013295,0.03520318754017353,1.237267263730367,0.03806358575820923,0.5083333333333333
25,0.04092994953195254,0.039790117368102076,1.1398321708043417,0.03260674700140953,0.425
26,0.03673743816713492,0.0354828721533219,1.25456596215566,0.028216060250997543,0.5083333333333333
27,0.03371101319789886,0.032680395245552066,1.0306178410847981,0.027589837089180946,0.5
28,0.03327083711822828,0.03222818324963252,1.04265398979187,0.030718408524990082,0.6166666666666667
29,0.033987383792797726,0.032765927538275716,1.2214557488759359,0.033289991319179535,0.55
30,0.03782911424835523,0.036567707111438114,1.2614070733388265,0.035260822623968124,0.5166666666666667
31,0.037994604806105295,0.03680795803666115,1.1866466244061789,0.029487965628504753,0.4583333333333333
32,0.03309518769383431,0.03216290846467018,0.9322787761688233,0.03600706905126572,0.475
33,0.041069516787926356,0.03997049952546756,1.0990166743596395,0.03122020699083805,0.5916666666666667
34,0.03428950806458791,0.0333357285708189,0.9537794510523478,0.03617709502577782,0.49166666666666664
35,0.03483010667065779,0.033726074670751886,1.104032039642334,0.0289673563092947,0.49166666666666664
36,0.03420773421724637,0.03321985031167666,0.9878832578659058,0.027669459581375122,0.475
37,0.03343603064616521,0.032435567304492,1.0004635016123453,0.029214460402727127,0.5583333333333333
38,0.03617850393056869,0.03512080746392409,1.0576961517333985,0.032175179570913315,0.5083333333333333
39,0.034464251001675925,0.033291760459542276,1.1724906802177428,0.0383133701980114,0.5666666666666667
40,0.04458183770378431,0.043368652214606604,1.2131851116816204,0.045124854892492294,0.48333333333333334
41,0.03787634260952473,0.036808100839455925,1.0682415922482809,0.029433174058794975,0.45
42,0.03315131738781929,0.0322391585757335,0.9121586481730143,0.033289745450019836,0.44166666666666665
43,0.035013728837172194,0.03408363697429498,0.930091941356659,0.02494519017636776,0.44166666666666665
44,0.033158512165149055,0.032224760452906294,0.9337515751520793,0.028965875506401062,0.4666666666666667
45,0.03286417983472347,0.03190789135793845,0.9562883178393046,0.0378318689763546,0.5083333333333333
46,0.04307476232449214,0.04196006792287032,1.1146943052609761,0.03019539825618267,0.4583333333333333
47,0.03591227134068807,0.03490767764548461,1.0045941352844239,0.02704724296927452,0.5166666666666667
48,0.03512476310133934,0.03421863590677579,0.9061271588007609,0.031757526099681854,0.425
49,0.03263984185953935,0.031724064921339355,0.9157769878705343,0.0255372803658247,0.55
50,0.03339807391166687,0.03242730448643367,0.9707693179448446,0.0332278236746788,0.475
51,0.034578272700309755,0.0334874698271354,1.0908030033111573,0.032766517251729965,0.43333333333333335
52,0.03544324052830537,0.03444174664715926,1.0014937241872153,0.03240254148840904,0.4666666666666667
53,0.03501739154259364,0.03386441245675087,1.1529792507489522,0.02880556881427765,0.425
54,0.033332912748058635,0.032263822356859845,1.0690902113914489,0.03161528706550598,0.49166666666666664
55,0.03485037498176098,0.03384463749825954,1.0057379881540933,0.03156904876232147,0.44166666666666665
56,0.03648352473974228,0.035157033056020734,1.3264917453130087,0.03216719627380371,0.5083333333333333
57,0.0370016651848952,0.0359550479799509,1.0466169873873392,0.027385519817471504,0.4666666666666667
58,0.038725694393118223,0.03768555546800296,1.040138832728068,0.026221515610814095,0.475
59,0.035515252004067105,0.03445749344925086,1.0577584783236185,0.025399010628461838,0.5666666666666667
60,0.03458403448263804,0.03357620847721895,1.0078263958295186,0.03720640391111374,0.43333333333333335
61,0.03514538543919722,0.03390996903181076,1.2354166666666666,0.029406405985355377,0.5416666666666666
62,0.0329367995262146,0.03197634592652321,0.96045374472936,0.029243284836411476,0.4666666666666667
63,0.03472587279975414,0.03383867343266805,0.8871988892555237,0.03313499689102173,0.4166666666666667
64,0.0332628016670545,0.03233645359675089,0.926348106066386,0.025639548897743225,0.5666666666666667
65,0.034048001592357956,0.03310647308826446,0.9415282805760702,0.030357638373970985,0.44166666666666665
66,0.03660105826954047,0.03549389603237311,1.1071624954541524,0.03811858966946602,0.44166666666666665
67,0.034995901957154275,0.03377892983456453,1.2169724305470784,0.02690107375383377,0.5
68,0.03238166496157646,0.031273646155993144,1.1080191334088643,0.02569117210805416,0.525
69,0.032525079200665157,0.031571754813194276,0.9533246000607808,0.025700239464640617,0.45
70,0.03448835909366608,0.03342155801753203,1.066801412900289,0.03165186569094658,0.55
71,0.033591454724470775,0.0326092125227054,0.9822423179944356,0.03447055071592331,0.49166666666666664
72,0.033077298353115715,0.032083456839124364,0.9938410997390748,0.02432488650083542,0.5333333333333333
73,0.03164832095305125,0.0307966069628795,0.8517137447992961,0.030288048088550568,0.45
74,0.033342660715182625,0.03236111278335253,0.9815478006998698,0.02422204427421093,0.5583333333333333
75,0.032258641347289084,0.03142541088163853,0.8332306305567424,0.02537417970597744,0.5416666666666666
76,0.03178206260005633,0.03090563081204891,0.8764315883318583,0.029379967600107193,0.35833333333333334
77,0.034719188263018924,0.03375600141783555,0.9631868958473205,0.025901149958372116,0.6
78,0.0320230225721995,0.031167784333229066,0.8552379886309306,0.030688855797052383,0.45
79,0.03572703115642071,0.03465698584914208,1.0700446486473083,0.025899453088641167,0.48333333333333334
80,0.033089698975284895,0.03205153370896975,1.0381651441256206,0.02430463582277298,0.4166666666666667
81,0.03326045001546542,0.0321947713692983,1.0656788984934489,0.03266051411628723,0.4166666666666667
82,0.03335996555785338,0.03223941350976626,1.120552158355713,0.032632969319820404,0.5333333333333333
83,0.037448708713054654,0.03625500972072283,1.1936989426612854,0.032334160059690475,0.55
84,0.035884493961930275,0.03478336868186792,1.1011252562204996,0.0261775441467762,0.48333333333333334
85,0.033181662857532504,0.03221967965364456,0.9619827111562093,0.02615618146955967,0.5
86,0.03414269673327605,0.033182593435049056,0.9601029515266418,0.026958227157592773,0.49166666666666664
87,0.03308786563575268,0.032085414479176205,1.002450974782308,0.032241061329841614,0.43333333333333335
88,0.03312519863247872,0.03221467571953932,0.9105231126149496,0.02596442773938179,0.5
89,0.03622925877571106,0.03526680717865626,0.9624518394470215,0.03458985686302185,0.43333333333333335
90,0.03302915853758653,0.032131601870059964,0.8975565075874329,0.02526860684156418,0.55
91,0.03144210651516914,0.0305956835548083,0.846423085530599,0.030133726075291634,0.5083333333333333
92,0.035935204351941745,0.03496647390226523,0.9687305013338725,0.030834399163722992,0.45
93,0.033621223146716755,0.032611306632558505,1.0099166790644327,0.024198200553655624,0.525
94,0.0310973501453797,0.03024993489185969,0.8474151849746704,0.025747278705239296,0.55
95,0.03154857258001963,0.030701523025830586,0.8470494866371154,0.02809235453605652,0.525
96,0.03400780173639457,0.03284986255069574,1.1579390565554302,0.024883361533284187,0.475
97,0.033687059332927066,0.032541486372550325,1.1455732822418212,0.024830423295497894,0.44166666666666665
98,0.031090904275576273,0.03016658214231332,0.9243220051129659,0.029390618205070496,0.43333333333333335
99,0.0329815944035848,0.03185132046540578,1.1302740255991617,0.03238745406270027,0.5583333333333333
100,0.03271004731456439,0.03175622510413329,0.9538222551345825,0.024379586800932884,0.5583333333333333
101,0.03141981090108554,0.030597655723492306,0.822154720624288,0.03894089162349701,0.5166666666666667
102,0.03748167616625627,0.03637765298287074,1.1040229360262552,0.03255658224225044,0.43333333333333335
103,0.03210903729001681,0.031010570004582405,1.0984672904014587,0.031015880405902863,0.5083333333333333
104,0.03647880976398786,0.03505401487151782,1.4247950394948323,0.030419697985053062,0.4166666666666667
105,0.03395590248207251,0.03301908647020658,0.9368162870407104,0.023157957941293716,0.5
106,0.03315538354218006,0.03223621845245361,0.9191648284594218,0.03463071212172508,0.44166666666666665
107,0.03489915666480859,0.03388037209709485,1.0187845905621846,0.03453398123383522,0.5833333333333334
108,0.03620692292849223,0.035230854401985805,0.976068643728892,0.03143943101167679,0.5166666666666667
109,0.03511994816362858,0.03417661525309086,0.9433327992757161,0.04358546808362007,0.49166666666666664
110,0.03437903225421905,0.033391514668862025,0.9875175396601359,0.03574571758508682,0.5416666666666666
111,0.03218287192285061,0.03126077502965927,0.9220968604087829,0.025395039469003677,0.575
112,0.03253997017939885,0.031589563563466073,0.9504066268603008,0.025303879752755165,0.425
113,0.03289038414756457,0.03182536711295446,1.0650169610977174,0.023260319605469704,0.6
114,0.03098648935556412,0.0301046305646499,0.8818587342898051,0.028048763051629066,0.44166666666666665
115,0.031313566491007805,0.03034240404764811,0.9711625695228576,0.028247259557247162,0.49166666666666664
116,0.03306569109360377,0.03208535239100456,0.9803388237953186,0.027479438111186028,0.4583333333333333
117,0.03243175024787585,0.031531780833999316,0.8999697128931682,0.029393894597887993,0.6166666666666667
118,0.031241290271282196,0.0304596288750569,0.7816614031791687,0.0271102637052536,0.575
119,0.030922755847374597,0.030070592214663825,0.8521634022394816,0.028016529977321625,0.5
120,0.03177073523402214,0.030943225448330242,0.8275100787480673,0.02475757710635662,0.45
121,0.032281883681813874,0.031188845386107764,1.0930382529894511,0.026158245280385017,0.5333333333333333
122,0.03163160309195519,0.030669980123639105,0.9616227467854818,0.026271844282746315,0.475
123,0.033170670022567114,0.03219493428866069,0.9757352153460185,0.029851192608475685,0.5083333333333333
124,0.0330967228859663,0.03219177660842736,0.9049460848172506,0.033993910998106,0.5583333333333333
125,0.0359907644490401,0.035051003595193225,0.9397607286771138,0.026775028556585312,0.5416666666666666
126,0.03558265566825867,0.03447872412701448,1.1039319554964702,0.03431898355484009,0.4
127,0.03337590905527274,0.03229758118589719,1.0783281405766805,0.027113625779747963,0.475
128,0.03166754047075907,0.030763659502069156,0.9038803378740946,0.029047423973679543,0.45
129,0.033204559981822965,0.03218542921046416,1.0191306511561076,0.029289692640304565,0.45
130,0.03341355410714944,0.03238687751193841,1.026676591237386,0.02340150997042656,0.5333333333333333
131,0.03248913250863552,0.03156961450974147,0.919517974058787,0.03048342652618885,0.525
132,0.03368948958814144,0.03264233097434044,1.0471588134765626,0.028294473886489868,0.4666666666666667
133,0.032476051400105156,0.03154382656017939,0.9322246034940084,0.04328157380223274,0.375
134,0.03665269675354163,0.035670216629902524,0.9824801842371623,0.03416191413998604,0.5416666666666666
135,0.034665645410617195,0.033763224507371584,0.9024212638537089,0.040452808141708374,0.49166666666666664
136,0.03396744951605797,0.032994360725084944,0.9730889121691386,0.026100575923919678,0.5
137,0.033318399886290234,0.03229368291795254,1.0247167388598124,0.028177393600344658,0.5833333333333334
138,0.0318644476433595,0.03099442447225253,0.8700231790542603,0.027109257876873016,0.5666666666666667
139,0.03110771390299002,0.030283485601345698,0.8242282787958781,0.03598301485180855,0.4583333333333333
140,0.03380933453639348,0.03281176711122195,0.9975671887397766,0.03159433975815773,0.5083333333333333
141,0.034297621622681615,0.03325877984364827,1.038841676712036,0.0262734517455101,0.525
142,0.033398096635937694,0.03241522163152695,0.9828752795855205,0.027121001854538918,0.43333333333333335
143,0.03323275012274583,0.032218639925122264,1.0141099492708843,0.03336634114384651,0.45
144,0.032295058791836105,0.0313296664506197,0.9653923670450847,0.029698381200432777,0.375
145,0.03618581468860308,0.03506299046178659,1.1228240807851155,0.02988549694418907,0.4583333333333333
146,0.03243626380960147,0.03147337958216667,0.9628841559092204,0.030919713899493217,0.5666666666666667
147,0.03337111659348011,0.03236209924022357,1.009017550945282,0.02534148283302784,0.5333333333333333
148,0.03069488989810149,0.029862033327420552,0.8328566710154216,0.024200791493058205,0.475
149,0.030202503502368926,0.029308504859606423,0.8939987738927205,0.03133954107761383,0.43333333333333335
150,0.03461005824307601,0.03360796334842841,1.002095091342926,0.02886534482240677,0.475
151,0.03145052790641785,0.03052470348775387,0.9258246898651123,0.033376723527908325,0.5166666666666667
152,0.03372086063027382,0.03280174434185028,0.9191164453824361,0.0283078383654356,0.48333333333333334
153,0.031513505056500433,0.030637144794066748,0.8763598799705505,0.0314810611307621,0.5166666666666667
154,0.0335530411452055,0.032565942779183385,0.9870983282725017,0.024968326091766357,0.5583333333333333
155,0.03145955093204975,0.030521362150708834,0.9381887435913085,0.027959950268268585,0.4583333333333333
156,0.03680688453217348,0.03584435917437077,0.9625251849492391,0.03593463450670242,0.5666666666666667
157,0.03553817979991436,0.03450183781484763,1.0363418857256572,0.031330645084381104,0.45
158,0.03246251220504443,0.03143761828541756,1.0248940189679463,0.025880910456180573,0.5083333333333333
159,0.0290829894443353,0.02825561078886191,0.8273786505063375,0.026375219225883484,0.4083333333333333
160,0.03162941858172417,0.030656034002701442,0.9733846783638,0.030568210408091545,0.5416666666666666
161,0.03270370575288931,0.03167351521551609,1.0301904837290445,0.030521931126713753,0.45
162,0.034462519859274225,0.03338436745107174,1.0781521558761598,0.031105659902095795,0.5333333333333333
163,0.03187901563942432,0.03088499481479327,0.9940205732981364,0.032691992819309235,0.5333333333333333
164,0.035133107006549834,0.03403736688196659,1.095740016301473,0.027865752577781677,0.5166666666666667
165,0.03406401512523492,0.03305911521116892,1.0048995614051819,0.026459211483597755,0.5416666666666666
166,0.030975544701019923,0.030094327529271443,0.8812170624732971,0.02399556152522564,0.475
167,0.030732179681460064,0.029785377035538355,0.9468024969100952,0.02794823981821537,0.5083333333333333
168,0.03097906063000361,0.030042832468946776,0.9362281481424968,0.03033413179218769,0.5166666666666667
169,0.034018440172076225,0.033033696562051774,0.9847437659899394,0.025439517572522163,0.5333333333333333
170,0.03232408712307612,0.031499186406532924,0.8249011357625325,0.031209317967295647,0.43333333333333335
171,0.03191473546127478,0.030943447972337404,0.9712875644365947,0.028345130383968353,0.55
172,0.03298430815339089,0.03201730151971181,0.9670066515604655,0.02786753885447979,0.49166666666666664
173,0.03369801615675291,0.032688788945476215,1.0092273950576782,0.02644442580640316,0.5
174,0.03337301040689151,0.03235466356078784,1.018346873919169,0.0290172528475523,0.4583333333333333
175,0.032606971760590873,0.031765657290816304,0.8413147449493408,0.029377253726124763,0.5333333333333333
176,0.0329375767459472,0.032034883027275404,0.9026940584182739,0.03302953019738197,0.55
177,0.03164269278446833,0.030728438993295033,0.9142537792523702,0.03242164105176926,0.39166666666666666
178,0.035009003306428595,0.03397900474568208,1.029998230934143,0.02336379699409008,0.5583333333333333
179,0.0347614457209905,0.033729868630568184,1.031577185789744,0.03695594519376755,0.48333333333333334
180,0.03224115272363027,0.03131353929638862,0.9276127735773723,0.03460342809557915,0.55
181,0.035508810480435686,0.03443367009361585,1.0751401464144388,0.03542306646704674,0.5333333333333333
182,0.03153863015274207,0.030593648801247278,0.9449811736742656,0.028703751042485237,0.5333333333333333
183,0.031374027704199156,0.030441715940833093,0.9323119878768921,0.031932804733514786,0.5416666666666666
184,0.03506829092899958,0.03408402974406878,0.9842614690462749,0.02867652103304863,0.5333333333333333
185,0.029984241475661595,0.029139890397588412,0.8443511446317037,0.029407670721411705,0.425
186,0.031809532269835475,0.030891493832071622,0.9180382172266642,0.02943335473537445,0.5333333333333333
187,0.031140425552924473,0.03028118908405304,0.859236192703247,0.027656540274620056,0.55
188,0.03302895091474056,0.03212219141423702,0.9067596077919007,0.03203875571489334,0.5166666666666667
189,0.0324102899680535,0.031442380820711456,0.9679092208544413,0.026416761800646782,0.43333333333333335
190,0.03028418148557345,0.029469004894296328,0.8151764591534932,0.025196455419063568,0.525
191,0.0323454275727272,0.031433389708399775,0.9120376547177632,0.027983609586954117,0.525
192,0.03023394991954168,0.02928295371433099,0.9509960691134135,0.026971982792019844,0.475
193,0.03145540816088518,0.03047887037197749,0.9765380660692851,0.025206785649061203,0.5166666666666667
194,0.02942571466167768,0.028570413713653882,0.8553008874257405,0.032531291246414185,0.5666666666666667
195,0.03492354477445284,0.033900185177723564,1.0233596801757812,0.027639947831630707,0.4583333333333333
196,0.03782648555934429,0.03675145196417968,1.075033716360728,0.028133178129792213,0.55
197,0.03319721060494582,0.03223999800781409,0.9572125315666199,0.02785472385585308,0.5583333333333333
198,0.03188898029426734,0.030988493313392002,0.9004870851834615,0.03466469794511795,0.475
199,0.03399075493216515,0.03294222205877304,1.0485329588254293,0.026034660637378693,0.55
200,0.03039636251827081,0.029493181531627975,0.9031809449195862,0.030727438628673553,0.5583333333333333
201,0.030664390325546263,0.029696616530418395,0.9677740613619487,0.029909834265708923,0.45
202,0.032383192951480545,0.03117792010307312,1.205272881189982,0.028608132153749466,0.48333333333333334
203,0.029341666400432585,0.028411054362853367,0.9306120157241822,0.02353244461119175,0.49166666666666664
204,0.029569901525974274,0.028780409197012583,0.7894921938578288,0.028126420453190804,0.55
205,0.032708741972843805,0.031726263215144476,0.9824784715970357,0.03634234517812729,0.39166666666666666
206,0.032046893363197645,0.03109045003851255,0.956443174680074,0.03448563441634178,0.5416666666666666
207,0.03346441735823949,0.032432342196504274,1.0320752382278442,0.026849212124943733,0.425
208,0.029248994340499244,0.028420848151048023,0.8281460801760355,0.026057902723550797,0.5
209,0.030788630122939746,0.02996684821943442,0.82178186972936,0.030258921906352043,0.43333333333333335
210,0.031060520187020303,0.030172326043248175,0.8881942391395569,0.025201110169291496,0.5833333333333334
211,0.03142454947034518,0.030545681590835254,0.8788679599761963,0.02496878243982792,0.5166666666666667
212,0.029044766848285993,0.02822145198782285,0.8233143369356791,0.026281772181391716,0.4583333333333333
213,0.029090127845605215,0.02822653651237488,0.8635911623636882,0.027163777500391006,0.4666666666666667
214,0.030829170842965443,0.029975265140334766,0.8539055585861206,0.030348151922225952,0.5083333333333333
215,0.030339385941624643,0.029434952512383462,0.9044334053993225,0.023717377334833145,0.49166666666666664
216,0.030107887213428816,0.029148088643948238,0.9597985466321309,0.0317675843834877,0.5916666666666667
217,0.03121650144457817,0.030315736184517543,0.9007654507954915,0.025805972516536713,0.5666666666666667
218,0.02920157474776109,0.028363548467556635,0.8380263169606527,0.0272460225969553,0.4666666666666667
219,0.032895172387361525,0.031975202386577924,0.9199702064196269,0.026203103363513947,0.4666666666666667
220,0.03127344163755576,0.030298784002661706,0.9746576229731242,0.02961314283311367,0.5166666666666667
221,0.02952367700636387,0.02862647660076618,0.8972007234891256,0.030465450137853622,0.5666666666666667
222,0.03193275704979896,0.031019297490517298,0.913459591070811,0.035556938499212265,0.45
223,0.030074444289008778,0.02923221215605736,0.8422324935595195,0.0270584374666214,0.4166666666666667
224,0.029721844693024954,0.02885420769453049,0.8676371375719706,0.029291370883584023,0.55
225,0.03103288287917773,0.03003493696451187,0.9979458371798198,0.026271726936101913,0.525
226,0.0281386016557614,0.027306718130906422,0.8318834702173868,0.03131165727972984,0.5333333333333333
227,0.03252010457217693,0.03146366154154142,1.0564432859420776,0.025537235662341118,0.5166666666666667
228,0.03023622048397859,0.029241242880622544,0.9949772675832113,0.02983684279024601,0.55
229,0.030153835316499074,0.02911001332104206,1.0438215136528015,0.027783915400505066,0.49166666666666664
230,0.031620361904303236,0.03057167703906695,1.0486849427223206,0.02793530747294426,0.5083333333333333
231,0.031573990111549696,0.03059858034054438,0.9754098931948344,0.03550048917531967,0.525
232,0.03150269873440266,0.030523991957306863,0.9787069280942281,0.024323562160134315,0.49166666666666664
233,0.029562659561634064,0.0287245890746514,0.8380705873171489,0.02576218545436859,0.49166666666666664
234,0.02889861762523651,0.028090578565994898,0.8080392042795818,0.025675244629383087,0.43333333333333335
235,0.030574456850687663,0.02971664716800054,0.8578096071879069,0.03110826201736927,0.5333333333333333
236,0.029574529081583024,0.02872871806224187,0.8458110769589742,0.027000071480870247,0.5166666666666667
237,0.030868366236488025,0.029967123766740163,0.9012425144513448,0.029062358662486076,0.5166666666666667
238,0.033336286743481956,0.03230739297966163,1.0288937528928122,0.031158197671175003,0.425
239,0.034782159328460696,0.033701898778478304,1.08026043176651,0.028345059603452682,0.5
240,0.03060623419781526,0.029668437192837398,0.9377970655759176,0.02648058906197548,0.425
241,0.03019133855899175,0.029324558128913245,0.8667803049087525,0.03216055408120155,0.5
242,0.031758091102043785,0.03081111374000708,0.9469773928324382,0.029559878632426262,0.5333333333333333
243,0.03428827499349912,0.03332945667207241,0.9588184396425883,0.032309915870428085,0.525
244,0.030094820509354272,0.029216903696457543,0.8779168764750163,0.030654652044177055,0.525
245,0.031644894555211064,0.030714883655309676,0.9300106763839722,0.02862715907394886,0.5583333333333333
246,0.03268785923719406,0.03177136840919654,0.9164908289909363,0.02653522603213787,0.525
247,0.031238165746132533,0.030272520085175832,0.9656452576319376,0.02668771520256996,0.49166666666666664
248,0.029252345984180767,0.02839866653084755,0.8536794662475586,0.02548864111304283,0.425
249,0.030194733167688052,0.029305486381053923,0.8892466783523559,0.032797276973724365,0.425
250,0.03425400157769521,0.03327169691522916,0.9823051770528157,0.03468194231390953,0.5666666666666667
251,0.03270727756122748,0.03175089967747529,0.9563780387242635,0.03244383633136749,0.55
252,0.03153807111084461,0.030603327229619025,0.9347437421480814,0.0370793454349041,0.525
253,0.03243984319269657,0.031564740588267644,0.8751023411750793,0.02822893112897873,0.49166666666666664
254,0.032802738000949225,0.031906479597091676,0.8962584813435872,0.02553611807525158,0.5
255,0.030419960245490076,0.029537974298000334,0.8819857438405355,0.03232743963599205,0.49166666666666664
256,0.03275858052074909,0.031843129297097525,0.9154512643814087,0.02864229679107666,0.49166666666666664
257,0.029969751959045728,0.029113230854272844,0.856521221001943,0.02545742690563202,0.55
258,0.03004907158513864,0.029156279439727466,0.8927922924359639,0.026539377868175507,0.4666666666666667
259,0.029984642937779426,0.029133381818731627,0.8512611786524454,0.030469633638858795,0.4666666666666667
260,0.034400431190927824,0.03328106018404166,1.1193710287412009,0.035101745277643204,0.43333333333333335
261,0.032501021896799404,0.0314117127408584,1.089309243361155,0.03193466365337372,0.45
262,0.030214486022790272,0.029287942002216974,0.9265439311663309,0.024046778678894043,0.48333333333333334
263,0.0298193854590257,0.028994230553507805,0.8251548846562703,0.0293256975710392,0.5583333333333333
264,0.03045773021876812,0.02954822815954685,0.9095021645228069,0.026097290217876434,0.5083333333333333
265,0.029183173924684523,0.02828275387485822,0.90042009751002,0.02562774531543255,0.4583333333333333
266,0.028147732093930244,0.027335183198253312,0.8125488956769308,0.03271663188934326,0.5666666666666667
267,0.031867456063628195,0.03103136916955312,0.8360869884490967,0.03018013760447502,0.425
268,0.031651490430037184,0.030724993844827016,0.9264966487884522,0.03596416488289833,0.48333333333333334
269,0.03378612771630287,0.03276363797485828,1.0224895358085633,0.03595152497291565,0.4166666666666667
270,0.03358262479305267,0.03240275246401628,1.1798717697461447,0.035736337304115295,0.55
271,0.03557367064058781,0.034521312142411865,1.0523587385813395,0.031268730759620667,0.48333333333333334
272,0.030722118293245632,0.029789706071217854,0.9324124177296956,0.02450186014175415,0.49166666666666664
273,0.027978429943323134,0.02716233643392722,0.8160934448242188,0.026481637731194496,0.5083333333333333
274,0.02909142163892587,0.02825554522375266,0.8358765006065368,0.028368152678012848,0.48333333333333334
275,0.02976115730901559,0.028891665488481523,0.8694916645685832,0.029808904975652695,0.5333333333333333
276,0.031975414728124936,0.030990039308865864,0.9853754003842672,0.027867881581187248,0.4666666666666667
277,0.030130777756373087,0.02915237620472908,0.9784014741579692,0.028946056962013245,0.575
278,0.030687506621082623,0.02973899580538273,0.9485106746355693,0.02782309614121914,0.4583333333333333
279,0.029275962337851524,0.028426115463177363,0.8498468160629272,0.029374411329627037,0.43333333333333335
280,0.031223581234614054,0.03033226579427719,0.8913153012593588,0.03161332756280899,0.48333333333333334
281,0.03046515795091788,0.029546625912189484,0.9185322880744934,0.02379171922802925,0.48333333333333334
282,0.02993135837217172,0.029109640916188558,0.8217173337936401,0.031390827149152756,0.525
283,0.029440237457553545,0.028544722373286882,0.8955151279767354,0.026098860427737236,0.5166666666666667
284,0.029187206427256265,0.028335011502106985,0.8521949927012126,0.027480285614728928,0.55
285,0.030292250216007233,0.029398091758290928,0.8941586573918661,0.026802150532603264,0.44166666666666665
286,0.0335510199268659,0.03254979538420836,1.0012248158454895,0.03155555576086044,0.43333333333333335
287,0.03155014018217723,0.030640698100129763,0.9094425797462463,0.03328052908182144,0.5083333333333333
288,0.03184343141814073,0.030916991581519445,0.9264396031697592,0.027546105906367302,0.5416666666666666
289,0.03175602766374747,0.03080381974577904,0.9522080779075622,0.027654804289340973,0.5583333333333333
290,0.03146137669682503,0.030550204341610272,0.9111724257469177,0.02418792061507702,0.5166666666666667
291,0.029757111022869747,0.028778275474905968,0.9788355588912964,0.02613164111971855,0.5583333333333333
292,0.03195973448455334,0.031036218007405598,0.9235166072845459,0.023728298023343086,0.475
293,0.030890839671095214,0.029920624444882075,0.9702154000600179,0.026419710367918015,0.43333333333333335
294,0.029300232604146003,0.028349152331550918,0.9510799129803975,0.028428154066205025,0.5166666666666667
295,0.02972809796531995,0.028793344895044964,0.9347529371579488,0.03054203651845455,0.4666666666666667
296,0.03114687477548917,0.030152965833743415,0.9939085443814596,0.031114760786294937,0.475
297,0.03230452773471673,0.03135216198861599,0.952366026242574,0.036391861736774445,0.6083333333333333
298,0.032523096352815625,0.031559222688277565,0.9638729969660441,0.03063817322254181,0.475
299,0.03161535449326038,0.030571058765053748,1.0442951361338297,0.03087177313864231,0.4583333333333333
300,0.0332005076110363,0.03217185325920582,1.0286540706952414,0.03279179334640503,0.5583333333333333
301,0.03310588747262955,0.032162176445126534,0.9437109231948853,0.03325029835104942,0.44166666666666665
302,0.03282059468328953,0.031904942045609154,0.9156524936358134,0.025426538661122322,0.45
303,0.029907919466495514,0.0290501161168019,0.8578035235404968,0.02972310408949852,0.5083333333333333
304,0.031449474145968756,0.030552625531951587,0.8968484997749329,0.02833353914320469,0.55
305,0.02995090881983439,0.029081879059473674,0.8690298636754353,0.02844793163239956,0.49166666666666664
306,0.02961030329267184,0.028768984228372575,0.8413189768791198,0.02862687036395073,0.5
307,0.03127422407269478,0.030178488542636234,1.0957356452941895,0.028433186933398247,0.5583333333333333
308,0.030288754403591155,0.029390881831447283,0.8978726824124654,0.026973441243171692,0.4666666666666667
309,0.03034096844494343,0.029409244284033777,0.9317240436871846,0.030239835381507874,0.49166666666666664
310,0.031577819709976515,0.03056062658627828,1.0171930591265361,0.028323637321591377,0.44166666666666665
311,0.02973612795273463,0.02880935582021872,0.9267721970876058,0.028030315414071083,0.45
312,0.029670694097876548,0.028880113487442335,0.7905804355939229,0.029009316116571426,0.5166666666666667
313,0.029388056819637617,0.02846646892527739,0.9215879360834758,0.027923213317990303,0.49166666666666664
314,0.0278294092665116,0.02703322780628999,0.796181587378184,0.03211389109492302,0.5416666666666666
315,0.03197289519011974,0.031059989457329115,0.9129057248433431,0.0284853745251894,0.39166666666666666
316,0.03087613048652808,0.029997031639019647,0.879098912080129,0.027139760553836823,0.5333333333333333
317,0.02974511533975601,0.028828269615769387,0.9168454090754191,0.02916926145553589,0.48333333333333334
318,0.03375566266477108,0.03281205917398135,0.9436031619707743,0.027877280488610268,0.5083333333333333
319,0.032048094024260836,0.03107232997814814,0.9757634162902832,0.02678154781460762,0.44166666666666665
320,0.030161582678556443,0.02931672173241774,0.8448609868685405,0.027623111382126808,0.5166666666666667
321,0.029916604484121003,0.029112282395362853,0.8043220996856689,0.028525901958346367,0.5166666666666667
322,0.030265948300560317,0.02939189535876115,0.8740529338518779,0.030824383720755577,0.5666666666666667
323,0.02983652465045452,0.028912829980254174,0.9236947933832804,0.024686114862561226,0.4166666666666667
324,0.0285398347924153,0.027687000359098116,0.8528343836466471,0.030162792652845383,0.44166666666666665
325,0.028334812695781388,0.027423911914229392,0.9109009027481079,0.027266504243016243,0.5583333333333333
326,0.028126132984956104,0.027307810137669246,0.8183227260907491,0.03088865615427494,0.575
327,0.029991320396463076,0.029117654636502267,0.8736658016840617,0.03059425577521324,0.475
328,0.029720938454071682,0.028800267974535623,0.9206704417864482,0.028759244829416275,0.4666666666666667
329,0.03034782807032267,0.029504953324794768,0.8428748448689779,0.03634124621748924,0.5166666666666667
330,0.032466339071591695,0.0313764796902736,1.0898592233657838,0.028576085343956947,0.5333333333333333
331,0.03058260977268219,0.029522763192653657,1.059846580028534,0.02807522378861904,0.5333333333333333
332,0.030214509988824526,0.02929961768289407,0.9148918231328328,0.02348187193274498,0.55
333,0.028161918992797533,0.02729767623047034,0.8642425696055095,0.029711855575442314,0.5083333333333333
334,0.029807789375384648,0.028857284039258958,0.9505050381024679,0.02768193744122982,0.4666666666666667
335,0.028620624045530955,0.027774805078903834,0.8458187858263652,0.029329808428883553,0.4083333333333333
336,0.027976900711655615,0.027189438541730244,0.787462055683136,0.02682383731007576,0.49166666666666664
337,0.03044856103758017,0.029532421256105106,0.9161399284998576,0.027537718415260315,0.5666666666666667
338,0.030182402953505515,0.0291525283207496,1.0298744519551595,0.029839154332876205,0.4666666666666667
339,0.02994327979783217,0.029027680555979412,0.9155993541081746,0.030310068279504776,0.5583333333333333
340,0.029513195777932804,0.028544023757179578,0.96917192141215,0.028288740664720535,0.49166666666666664
341,0.028694117814302443,0.027835015207529068,0.8591025789578756,0.02542170323431492,0.5416666666666666
342,0.0314516702045997,0.03048654869198799,0.9651217222213745,0.030728638172149658,0.4166666666666667
343,0.029624960819880166,0.028805282463630042,0.8196780761082967,0.02715885452926159,0.5
344,0.029884761199355125,0.029041608050465583,0.8431533177693685,0.027660256251692772,0.49166666666666664
345,0.029414666816592216,0.028435120855768523,0.9795460780461629,0.03544798120856285,0.5333333333333333
346,0.032661866893370944,0.031509631375471754,1.1522350947062174,0.024792781099677086,0.43333333333333335
347,0.027854539329806964,0.02704083596666654,0.8137032826741536,0.030384479090571404,0.4666666666666667
348,0.02883348154524962,0.028047586356600127,0.7858951807022094,0.03328096866607666,0.44166666666666665
349,0.030924031138420106,0.029949342459440233,0.9746885339419047,0.029169823974370956,0.5083333333333333
350,0.030314265191555022,0.02938582400480906,0.9284410357475281,0.02653496526181698,0.5666666666666667
351,0.029481528202692668,0.028614928325017292,0.8665997187296549,0.028111344203352928,0.525
352,0.029097807283202808,0.028209276497364044,0.8885310331980387,0.02689567767083645,0.4666666666666667
353,0.02688441090285778,0.026099879915515583,0.7845308184623718,0.025767849758267403,0.43333333333333335
354,0.030537679294745126,0.02948449825247129,1.0531805992126464,0.02738831378519535,0.49166666666666664
355,0.030457185705502827,0.029383283853530884,1.0739017724990845,0.025416018441319466,0.475
356,0.027939329544703167,0.027110139653086663,0.8291900555292765,0.025396928191184998,0.55
357,0.029229862491289775,0.02830753065645695,0.9223317225774129,0.030699342489242554,0.575
358,0.02873805003861586,0.027903097122907637,0.8349529425303142,0.03046349249780178,0.425
359,0.031103129933277764,0.030160124351580938,0.943005645275116,0.03393706679344177,0.5833333333333334
360,0.03205691774686178,0.030943208063642185,1.113709565003713,0.02907099388539791,0.4583333333333333
361,0.030196596682071686,0.029230281834801038,0.9663150389989217,0.03316810354590416,0.525
362,0.030217712000012397,0.029342335214217505,0.8753770430882771,0.026828870177268982,0.5416666666666666
363,0.02833648460606734,0.027480617289741834,0.8558673977851867,0.03113691322505474,0.5666666666666667
364,0.030199245487650236,0.029323542242248854,0.8757030288378398,0.03825817257165909,0.525
365,0.03195795516173045,0.031002117693424223,0.9558376550674439,0.02597222477197647,0.49166666666666664
366,0.028217930470903714,0.02737230248749256,0.8456277489662171,0.030846355482935905,0.45
367,0.03006183368464311,0.029087601850430172,0.9742317875226338,0.026721172034740448,0.5
368,0.03128210765620073,0.030448775986830393,0.8333317995071411,0.02911309525370598,0.475
369,0.029492236798008283,0.02869255021214485,0.7996864636739095,0.0261473897844553,0.5
370,0.0272465438892444,0.026456316312154133,0.7902276555697123,0.02448672614991665,0.4583333333333333
371,0.02941790024439494,0.0286088690161705,0.8090312878290812,0.03649429976940155,0.5333333333333333
372,0.03047160729765892,0.029567088186740875,0.9045186916987101,0.02823062241077423,0.43333333333333335
373,0.02951251727839311,0.028571366891264917,0.9411501129468282,0.030433934181928635,0.4583333333333333
374,0.028953572238485017,0.02816637580593427,0.7871965050697327,0.028439490124583244,0.4666666666666667
375,0.029089903086423875,0.02825740414361159,0.832499102751414,0.026056868955492973,0.4583333333333333
376,0.028961180771390597,0.028183434903621674,0.777745787302653,0.03203616663813591,0.475
377,0.03035220168530941,0.029507372155785562,0.8448294798533121,0.027009809389710426,0.5166666666666667
378,0.029746004194021226,0.02889921230574449,0.8467920859654744,0.02609889581799507,0.4583333333333333
379,0.02939293272793293,0.028609314436713853,0.7836178580919901,0.03010289929807186,0.5583333333333333
380,0.03244628856579463,0.03157999031245708,0.8662987311681112,0.02980983816087246,0.475
381,0.03044941686093807,0.02948798400660356,0.9614331126213074,0.03447529301047325,0.43333333333333335
382,0.029577399045228957,0.028752026458581287,0.8253726124763489,0.02552698366343975,0.49166666666666664
383,0.028056234245498975,0.027155328666170438,0.9009056766827901,0.026880957186222076,0.5
384,0.02973507431646188,0.028730053827166556,1.0050206581751506,0.026519624516367912,0.475
385,0.028220428278048833,0.027377214034398398,0.8432143727938334,0.029132459312677383,0.5333333333333333
386,0.028651639074087142,0.02774504932264487,0.9065894285837809,0.02563154697418213,0.475
387,0.02667686405281226,0.02590888614455859,0.7679781556129456,0.02807878702878952,0.43333333333333335
388,0.02720179222524166,0.02646531748274962,0.73647487560908,0.024581002071499825,0.475
389,0.02788136452436447,0.027045777688423794,0.8355867505073548,0.03266728296875954,0.4583333333333333
390,0.02845663440724214,0.027598138401905694,0.8584961255391439,0.028605999425053596,0.49166666666666664
391,0.02802747761209806,0.027219167724251748,0.8083098610242208,0.02781037613749504,0.425
392,0.028682110458612443,0.027857469270626704,0.8246410727500916,0.030604179948568344,0.55
393,0.029828634609778724,0.02882180685798327,1.0068275888760885,0.028598178178071976,0.575
394,0.03275031770269076,0.03162463406721751,1.1256835341453553,0.027477599680423737,0.45
395,0.029684349273641903,0.02876933142542839,0.9150176485379536,0.026413334533572197,0.5333333333333333
396,0.03208966602881749,0.031191645562648772,0.898020577430725,0.03619344159960747,0.48333333333333334
397,0.03256626365085443,0.03165571925540765,0.9105444709459941,0.02718702144920826,0.5666666666666667
398,0.03197952869037787,0.0310585488875707,0.9209796905517578,0.03451058641076088,0.5333333333333333
399,0.03036762960255146,0.02950931079685688,0.8583189090092976,0.029577728360891342,0.525
400,0.028763930996259054,0.027975097795327506,0.7888330300649007,0.029123462736606598,0.5083333333333333
401,0.028240119914213817,0.027407886957128844,0.8322329084078471,0.02964329533278942,0.5833333333333334
402,0.0318446750442187,0.030927608037988344,0.9170671939849854,0.03092082589864731,0.5166666666666667
403,0.029221742351849874,0.028302341823776563,0.919400405883789,0.027660483494400978,0.5333333333333333
404,0.02941427876551946,0.028501234327753384,0.91304452419281,0.02736928127706051,0.43333333333333335
405,0.02966590163608392,0.028815563395619394,0.8503387173016866,0.027491385117173195,0.43333333333333335
406,0.029329469675819078,0.028479168315728505,0.8503014127413432,0.027087319642305374,0.4666666666666667
407,0.029275266205271086,0.028377833093206087,0.8974330147107442,0.025532137602567673,0.525
408,0.031072509537140528,0.030132242292165757,0.9402673562367757,0.03090711496770382,0.5666666666666667
409,0.029184336960315704,0.02820634904007117,0.9779879450798035,0.026576083153486252,0.5
410,0.027569225803017617,0.02685477609435717,0.7144498586654663,0.025905882939696312,0.5
411,0.029229033241669335,0.028336559360225996,0.8924739360809326,0.02560318261384964,0.4083333333333333
412,0.030225066964824996,0.029211594785253207,1.0134719967842103,0.0275754164904356,0.5333333333333333
413,0.028838805109262466,0.027933781097332636,0.9050240159034729,0.025441087782382965,0.48333333333333334
414,0.028801853582262994,0.027946049471696217,0.8558038671811422,0.024720357730984688,0.425
415,0.02929669333000978,0.028424148509899775,0.8725444475809733,0.031486187130212784,0.425
416,0.029756191621224084,0.028811597327391306,0.9445940176645915,0.026257935911417007,0.575
417,0.02790503464639187,0.02710446851948897,0.8005660851796468,0.033452797681093216,0.49166666666666664
418,0.02936965450644493,0.02853494870165984,0.8347056070963542,0.025220906361937523,0.475
419,0.02996789539853732,0.029055834437410038,0.9120609561602274,0.0281607024371624,0.5666666666666667
420,0.030957029511531193,0.029949640855193138,1.007388424873352,0.02839050628244877,0.5416666666666666
421,0.030126371855537095,0.029147311672568323,0.9790599584579468,0.03804022818803787,0.575
422,0.032486030956109364,0.031519888217250505,0.9661431948343913,0.030585702508687973,0.5416666666666666
423,0.030687847981850307,0.02979728492597739,0.8905626614888509,0.026799533516168594,0.4166666666666667
424,0.0316947553306818,0.030760024612148603,0.9347305496533712,0.026679938659071922,0.4083333333333333
425,0.030020220826069515,0.029175413275758424,0.8448076089223225,0.029013000428676605,0.5166666666666667
426,0.028302036970853806,0.027497682720422745,0.804353932539622,0.024732327088713646,0.5166666666666667
427,0.030380635584394137,0.02950259360174338,0.87804194688797,0.031262125819921494,0.5
428,0.029564644147952398,0.028670434032877286,0.8942099014918009,0.027089420706033707,0.575
429,0.029624247178435325,0.02869734230140845,0.9269048372904459,0.030478350818157196,0.43333333333333335
430,0.02962881016234557,0.028595969453454016,1.0328404823939006,0.0298314169049263,0.5416666666666666
431,0.02949740973611673,0.028532737245162327,0.9646722714106242,0.02931566908955574,0.48333333333333334
432,0.030662795156240465,0.02968788370490074,0.9749115467071533,0.028768684715032578,0.575
433,0.031046825647354125,0.029985690613587697,1.0611348708470663,0.028714731335639954,0.525
434,0.030098474770784377,0.029146708175539972,0.9517663478851318,0.02729259990155697,0.525
435,0.027817680314183236,0.02701693947116534,0.8007407466570536,0.031002581119537354,0.44166666666666665
436,0.028607446203629174,0.027822576463222504,0.784869905312856,0.02900165319442749,0.48333333333333334
437,0.028134700531760853,0.02734006556371848,0.7946351806322733,0.024323754012584686,0.49166666666666664
438,0.02855466033021609,0.02775427301724752,0.8003873427708944,0.025907879695296288,0.575
439,0.0287796168277661,0.02791520468890667,0.8644122123718262,0.031461864709854126,0.5333333333333333
440,0.03178805733720461,0.0308432807524999,0.944776451587677,0.029558658599853516,0.5
441,0.028982723504304884,0.028169175858298937,0.8135476231575012,0.027025191113352776,0.5333333333333333
442,0.030209610983729363,0.029472713296612104,0.7368978579839071,0.03934347629547119,0.48333333333333334
443,0.032816446075836815,0.031908992553750674,0.9074538350105286,0.031195703893899918,0.5333333333333333
444,0.03560750186443329,0.034634529426693914,0.9729726950327555,0.034405577927827835,0.55
445,0.03235290410617987,0.031463924298683804,0.888979975382487,0.02636050432920456,0.4666666666666667
446,0.029772735883792242,0.028862173731128375,0.9105619629224141,0.02649131789803505,0.5
447,0.028123391047120094,0.02722195858756701,0.9014321645100911,0.02666114643216133,0.475
448,0.02840389298895995,0.027558553715546927,0.8453392624855042,0.025383954867720604,0.5416666666666666
449,0.027023056025306382,0.026284554849068324,0.7385012388229371,0.041604578495025635,0.5583333333333333
450,0.028966739152868588,0.028177261600891748,0.7894774715105692,0.026622505858540535,0.55
451,0.02585887722671032,0.024984206755956015,0.8746705094973246,0.027163075283169746,0.44166666666666665
452,0.029067575931549072,0.028226067249973615,0.8415085593859355,0.0266500785946846,0.48333333333333334
453,0.02756169078250726,0.026687819013992944,0.8738718231519064,0.026420246809720993,0.5166666666666667
454,0.027616896480321885,0.026881542429327963,0.7353540976842244,0.026754900813102722,0.4083333333333333
455,0.029155206059416135,0.028336106364925704,0.8190997203191122,0.025376707315444946,0.43333333333333335
456,0.026853107040127118,0.026029234255353608,0.8238728562990825,0.03059140220284462,0.4083333333333333
457,0.02865607663989067,0.027750788629055022,0.9052876671155293,0.026454687118530273,0.5666666666666667
458,0.027686210970083874,0.026863311852018037,0.822899067401886,0.029030323028564453,0.5
459,0.0312839279572169,0.030410961185892423,0.8729668378829956,0.028958607465028763,0.425
460,0.03098969298104445,0.030136021847526232,0.8536710421244303,0.027981659397482872,0.5083333333333333
461,0.03189776974419753,0.030996263027191162,0.901506495475769,0.035938866436481476,0.5
462,0.03093026503920555,0.03001989002029101,0.9103748361269633,0.029022566974163055,0.525
463,0.028399520367383958,0.027528884386022887,0.8706357598304748,0.02821548655629158,0.5
464,0.02877586930990219,0.027853447074691454,0.9224221865336101,0.027225803583860397,0.5416666666666666
465,0.028227780759334565,0.027272615954279898,0.9551644364992777,0.025996051728725433,0.45
466,0.027271082624793053,0.026344238221645354,0.9268443028132121,0.028918009251356125,0.55
467,0.03070555217564106,0.029656145349144937,1.0494067152341207,0.027860091999173164,0.5333333333333333
468,0.029379226639866828,0.028522640466690063,0.8565860986709595,0.02748856507241726,0.5
469,0.029978025456269583,0.029115493098894756,0.8625323851903279,0.027530565857887268,0.5
470,0.028964612012108166,0.028091521188616752,0.8730907678604126,0.027564244344830513,0.4166666666666667
471,0.02885541630287965,0.02800064484278361,0.8547716021537781,0.02832532487809658,0.49166666666666664
472,0.029731806367635727,0.02890244113902251,0.8293659925460816,0.03596893325448036,0.5
473,0.03144692269464334,0.03057624213397503,0.8706804831822713,0.02454897202551365,0.5083333333333333
474,0.028201935067772865,0.027369963501890502,0.8319712559382121,0.02997981570661068,0.49166666666666664
475,0.0289619496713082,0.02813669964671135,0.8252498547236125,0.02773476392030716,0.5083333333333333
476,0.02800018365184466,0.027163335556785264,0.8368482788403829,0.026274316012859344,0.525
477,0.028537193189064662,0.027691412468751272,0.8457806825637817,0.025201447308063507,0.44166666666666665
478,0.026981524502237637,0.026191245391964914,0.7902785857518514,0.0358295813202858,0.4166666666666667
479,0.028428530444701512,0.02762091929713885,0.8076111714045207,0.02499282732605934,0.44166666666666665
480,0.027828816200296085,0.02698356012503306,0.8452560901641846,0.02635018900036812,0.48333333333333334
481,0.02793836568792661,0.027066507935523988,0.8718576312065125,0.028855495154857635,0.48333333333333334
482,0.028608552366495132,0.02779624511798223,0.8123069802920023,0.027119895443320274,0.5333333333333333
483,0.02815032551685969,0.027330389246344566,0.8199362397193909,0.028719021007418633,0.4666666666666667
484,0.029645044480760892,0.02875933572649956,0.8857088208198547,0.031315386295318604,0.425
485,0.031110485643148424,0.030110034967462222,1.0004512151082356,0.0349728949368,0.55
486,0.030046290655930837,0.02916903644800186,0.8772542874018351,0.03222538158297539,0.4583333333333333
487,0.02986877995232741,0.02891918768485387,0.9495924631754558,0.02635767310857773,0.45
488,0.028106050317486128,0.027251239245136578,0.85481116771698,0.02722381427884102,0.4666666666666667
489,0.03001832291483879,0.0292027714351813,0.8155514558156332,0.027616731822490692,0.45
490,0.026828508575757345,0.026063064734141033,0.7654441396395365,0.02457602322101593,0.48333333333333334
491,0.027913296967744826,0.02710624486207962,0.8070521513621013,0.0267123244702816,0.44166666666666665
492,0.0280287088205417,0.027227077260613443,0.8016313870747884,0.02901826612651348,0.5
493,0.02860931729276975,0.027781524136662482,0.8277933756510417,0.026176484301686287,0.5416666666666666
494,0.027443603177865348,0.026672954360644024,0.7706489801406861,0.02592737413942814,0.475
495,0.02713951381544272,0.026362716530760128,0.7767970164616903,0.025255896151065826,0.575
496,0.028389118115107217,0.027578416963418326,0.8107010881106059,0.025123167783021927,0.525
497,0.026995552952090898,0.02626766450703144,0.7278882066408793,0.0302621740847826,0.5083333333333333
498,0.027407464881738026,0.02662774845957756,0.7797162969907124,0.026436319574713707,0.49166666666666664
499,0.027298584952950476,0.026444325720270476,0.8542593439420064,0.027611879631876945,0.475
500,0.027302084987362227,0.026485407973329225,0.8166767557462057,0.029914645478129387,0.48333333333333334
