epoch,train_loss,rmse_loss,trend_loss,val_rmse,val_trend_acc
0,0.19862440278132756,0.1895849640170733,9.039436610539754,0.12637008726596832,0.475
1,0.07540139009555182,0.07216041882832845,3.2409711201985676,0.08189348131418228,0.5083333333333333
2,0.04930610532561938,0.04755883390704791,1.7472707668940226,0.074839286506176,0.4666666666666667
3,0.04491202061374982,0.043477795521418255,1.4342251857121786,0.07328423112630844,0.5
4,0.046146209041277565,0.0448044831554095,1.3417255481084187,0.07145106047391891,0.48333333333333334
5,0.04234435111284256,0.04112721433242162,1.217137352625529,0.0791744738817215,0.5416666666666666
6,0.045189595719178514,0.043742321679989496,1.4472742120424906,0.07295853644609451,0.4583333333333333
7,0.04281905740499496,0.04152152761816978,1.2975294192632039,0.0787615031003952,0.5
8,0.044737779845794044,0.043507817387580874,1.2299628059069316,0.07426832616329193,0.525
9,0.04547254492839178,0.04403918211658796,1.4333632747332254,0.06933911144733429,0.55
10,0.0444612962504228,0.0432819535334905,1.1793423573176065,0.08562169969081879,0.475
11,0.04942218909660975,0.048059190064668654,1.362999180952708,0.08825839310884476,0.4666666666666667
12,0.0563697616259257,0.05481187552213669,1.5578867673873902,0.07700195908546448,0.48333333333333334
13,0.04395242954293887,0.04258248855670293,1.3699408570925395,0.07358312606811523,0.5333333333333333
14,0.043964317937692,0.04274017487963041,1.2241426984469095,0.08375860005617142,0.48333333333333334
15,0.0460474560658137,0.04459393868843715,1.4535173098246257,0.08110253512859344,0.5416666666666666
16,0.04693309764067332,0.04543347284197807,1.499625058968862,0.07664373517036438,0.475
17,0.04305426652232806,0.04195670112967491,1.0975656588872273,0.0689634457230568,0.5333333333333333
18,0.04173522939284643,0.04054354839026928,1.1916802525520325,0.08020666241645813,0.475
19,0.04214370052019755,0.04091862899561723,1.225071136156718,0.07376213371753693,0.43333333333333335
20,0.04093263496955236,0.03977336386839549,1.1592713197072346,0.07312918454408646,0.5166666666666667
21,0.039354956895112994,0.03824780595799287,1.1071503480275473,0.07200115919113159,0.49166666666666664
22,0.041800406326850253,0.04063251515229543,1.1678908586502075,0.07527381181716919,0.525
23,0.04082227994998296,0.03966859467327595,1.1536854306856792,0.07420430332422256,0.5083333333333333
24,0.040946040054162344,0.03986836497982343,1.0776750763257346,0.06969976425170898,0.5333333333333333
25,0.04412139107783635,0.04295145235955715,1.1699387232462566,0.07684821635484695,0.475
26,0.040255492304762205,0.03913162002960841,1.1238726735115052,0.06992363184690475,0.48333333333333334
27,0.04104743239780267,0.040002738560239476,1.044693938891093,0.08230758458375931,0.475
28,0.04658124670386314,0.045400423308213554,1.1808228890101116,0.07439855486154556,0.475
29,0.04321158205469449,0.041863955184817316,1.3476268966992697,0.07580489665269852,0.5416666666666666
30,0.03971657355626424,0.03851947685082754,1.1970969597498575,0.07652914524078369,0.525
31,0.03940415730079015,0.038292396316925686,1.111761172612508,0.07149774581193924,0.475
32,0.038936321685711546,0.03792313411831856,1.0131869196891785,0.07522883266210556,0.5
33,0.04321455483635266,0.041959194093942644,1.25536052385966,0.07467761635780334,0.4583333333333333
34,0.04424001350998878,0.0429669680694739,1.2730456113815307,0.07585665583610535,0.5166666666666667
35,0.04172814786434174,0.040562119086583456,1.1660286466280618,0.0744621679186821,0.45
36,0.042139147967100145,0.040902857979138695,1.236289954185486,0.07333903759717941,0.5
37,0.04365557755033175,0.0423458198706309,1.3097574909528096,0.07141286134719849,0.5166666666666667
38,0.04312240605552991,0.041934855033953986,1.1875511169433595,0.07362222671508789,0.4583333333333333
39,0.04204457824428876,0.04064846932888031,1.3961085279782612,0.07110430300235748,0.5083333333333333
40,0.04323342318336169,0.0419202096760273,1.313213316599528,0.07336797565221786,0.5333333333333333
41,0.043277627478043236,0.0417772151529789,1.5004119952519734,0.07168248295783997,0.5333333333333333
42,0.04065566211938858,0.03944007654984792,1.2155859152475992,0.07343309372663498,0.5
43,0.038429020717740056,0.03736472502350807,1.0642953634262085,0.07150454819202423,0.4583333333333333
44,0.04096747909982999,0.0398918155580759,1.0756633877754211,0.0697159692645073,0.5416666666666666
45,0.038307324548562366,0.037332505981127424,0.9748181064923604,0.07114381343126297,0.48333333333333334
46,0.03965270482003689,0.03872722027202447,0.9254843393961588,0.07313358038663864,0.49166666666666664
47,0.03957243735591571,0.038628964126110076,0.9434732913970947,0.07019399851560593,0.48333333333333334
48,0.038017587115367256,0.03699857803682486,1.0190088907877604,0.07096334546804428,0.5
49,0.03950586567322413,0.038475194076697035,1.0306711634000143,0.06976805627346039,0.49166666666666664
50,0.04061691164970398,0.03957809483011564,1.0388167421023051,0.07189367711544037,0.525
51,0.03726832469304402,0.03625505144397418,1.0132731835047404,0.07640392333269119,0.48333333333333334
52,0.042704941953221956,0.041547740002473195,1.157201604048411,0.07578123360872269,0.525
53,0.046082622309525804,0.04476432899634043,1.318293539683024,0.07836258411407471,0.48333333333333334
54,0.041448169574141505,0.04038086496293545,1.0673044761021933,0.07033958286046982,0.475
55,0.03796215790013472,0.03689461636046568,1.0675415555636087,0.06945924460887909,0.475
56,0.040455472593506174,0.03933184097210566,1.1236316283543906,0.07292059063911438,0.45
57,0.039264315366744997,0.038310158004363375,0.9541571617126465,0.07379241287708282,0.525
58,0.03733395288387934,0.0363610511024793,0.9729015986124675,0.07028332352638245,0.4666666666666667
59,0.036625350390871364,0.03577871347467105,0.8466365933418274,0.07050975412130356,0.5333333333333333
60,0.04035945857564608,0.03928587759534518,1.0735810995101929,0.0709892064332962,0.5333333333333333
61,0.04312911729017894,0.04197432498137156,1.1547921339670817,0.08530998229980469,0.4666666666666667
62,0.04390362128615379,0.04244463046391805,1.4589907010396321,0.07450105249881744,0.475
63,0.048796816170215605,0.04729925071199735,1.4975651065508524,0.07877855002880096,0.48333333333333334
64,0.0432441050807635,0.041799695789814,1.4444093028704326,0.073372982442379,0.55
65,0.04281794751683871,0.041440173114339514,1.3777748982111613,0.07345042377710342,0.475
66,0.041968351850907006,0.04037888410190741,1.5894673983256022,0.07080650329589844,0.5166666666666667
67,0.03807775105039279,0.03698376143972079,1.0939892093340555,0.07275742292404175,0.525
68,0.03886866892377536,0.03789206569393476,0.9766032020250957,0.06588990241289139,0.475
69,0.04577190081278483,0.044769878437121706,1.0020223220189413,0.07319439947605133,0.5083333333333333
70,0.038628545900185905,0.037601036950945854,1.0275091171264648,0.06992585211992264,0.48333333333333334
71,0.036926596984267236,0.035995849221944806,0.930747656027476,0.07339988648891449,0.4583333333333333
72,0.041010706375042595,0.03979555716117223,1.2151488542556763,0.07081963866949081,0.5
73,0.04080764477451642,0.03968782176574071,1.1198233644167581,0.07513786107301712,0.49166666666666664
74,0.041352601970235506,0.039893219619989394,1.459381930033366,0.07096315920352936,0.48333333333333334
75,0.039191968242327374,0.03811701188484828,1.0749566872914633,0.07085264474153519,0.475
76,0.04264380261301994,0.041145588457584384,1.4982139269510906,0.07960930466651917,0.4666666666666667
77,0.039537234356005986,0.03843084797263145,1.1063861012458802,0.06889452040195465,0.475
78,0.03782244970401128,0.0368514450887839,0.971004601319631,0.07272174209356308,0.49166666666666664
79,0.038385003060102466,0.03740610852837563,0.978894837697347,0.07255379855632782,0.4583333333333333
80,0.03745117882887523,0.03633898558715979,1.1121931513150534,0.07158836722373962,0.5166666666666667
81,0.039471816768248874,0.038178146133820215,1.2936706066131591,0.07606721669435501,0.48333333333333334
82,0.03942243034640948,0.038327873374025025,1.094556983311971,0.07121625542640686,0.48333333333333334
83,0.038792473077774045,0.03779088792701562,1.0015852530797322,0.07056169956922531,0.475
84,0.03769700080156326,0.03662957400083542,1.0674267212549846,0.07060439139604568,0.5166666666666667
85,0.03813672351340453,0.03710797304908434,1.028750216960907,0.07416366785764694,0.5083333333333333
86,0.04010542184114456,0.03888471735020479,1.2207040945688883,0.06710953265428543,0.5166666666666667
87,0.03618573049704234,0.0352740199615558,0.9117103020350138,0.07350330799818039,0.5
88,0.03722173993786176,0.036263230443000796,0.9585097908973694,0.06878984719514847,0.48333333333333334
89,0.03651869098345439,0.03567611649632454,0.842574938138326,0.06655783206224442,0.5166666666666667
90,0.037020585313439366,0.03607643420497576,0.9441512624422709,0.07617991417646408,0.5
91,0.03880050318936507,0.0377944632122914,1.0060394446055094,0.06835974007844925,0.5416666666666666
92,0.0412714218099912,0.04034969781835874,0.9217236955960592,0.06666656583547592,0.49166666666666664
93,0.03729495940109094,0.03632090874016285,0.9740509788195292,0.06856018304824829,0.4666666666666667
94,0.03988627294699351,0.038851146772503856,1.0351259152094523,0.07003412395715714,0.5166666666666667
95,0.0381520780424277,0.03713187475999196,1.020203451315562,0.06960213929414749,0.43333333333333335
96,0.03754275143146515,0.036643288532892865,0.8994625806808472,0.07369913905858994,0.4666666666666667
97,0.03704582874973615,0.03592357710003853,1.1222517649332682,0.06938468664884567,0.525
98,0.04131848104298115,0.04026414516071478,1.054335645834605,0.07268953323364258,0.4583333333333333
99,0.03885514413317045,0.037777507677674294,1.0776363452275595,0.0728829950094223,0.48333333333333334
100,0.03915000694493453,0.038213374589880306,0.936631993452708,0.07184489071369171,0.44166666666666665
101,0.03767577335238457,0.03685313339034716,0.8226394375165303,0.0728306770324707,0.5166666666666667
102,0.03864853059252103,0.03759713694453239,1.0513932744661967,0.07051178067922592,0.44166666666666665
103,0.036626501381397246,0.035692356651028,0.9341451088587444,0.07591722160577774,0.5
104,0.039735597123702365,0.038731424137949944,1.004173215230306,0.07097570598125458,0.49166666666666664
105,0.03598407283425331,0.0351001371939977,0.8839353044827779,0.06777516007423401,0.4666666666666667
106,0.03712794768313567,0.03612006915112336,1.0078779101371764,0.07209502905607224,0.4666666666666667
107,0.04041271110375722,0.03928035249312719,1.1323585152626037,0.07057517021894455,0.45
108,0.03776536223789056,0.03672220160563787,1.043160823980967,0.07819878309965134,0.44166666666666665
109,0.03954478278756142,0.03840046947201093,1.144313681125641,0.07246161997318268,0.475
110,0.037476978326837225,0.036586216340462364,0.8907620310783386,0.06779719889163971,0.4666666666666667
111,0.03671084083616734,0.03580677385131518,0.9040672063827515,0.07149235159158707,0.4583333333333333
112,0.03863118415077527,0.037638225903113685,0.9929582079251608,0.07422541826963425,0.49166666666666664
113,0.041068176925182345,0.04000231921672821,1.0658574024836223,0.07270430773496628,0.5083333333333333
114,0.03979048257072767,0.03867964968085289,1.110832683245341,0.07359986752271652,0.4666666666666667
115,0.04007066786289215,0.03889767962197463,1.172988204161326,0.07050808519124985,0.5083333333333333
116,0.038523144523302716,0.03740353944400946,1.1196048418680826,0.07216013222932816,0.475
117,0.03948119605580966,0.03855694817999999,0.9242481033007304,0.07926209270954132,0.4583333333333333
118,0.04173813834786415,0.04061613641679287,1.122002077102661,0.07003716379404068,0.5
119,0.04124557636678219,0.04028025455772877,0.9653213143348693,0.07730115205049515,0.48333333333333334
120,0.03995353591938813,0.03894706219434738,1.0064735889434815,0.07166893035173416,0.5166666666666667
121,0.03653090037405491,0.035632855941851935,0.8980441451072693,0.07202478498220444,0.5333333333333333
122,0.038168323164184885,0.0373252892245849,0.8430344939231873,0.07077541202306747,0.4583333333333333
123,0.03822769398490588,0.03730142489075661,0.9262688040733338,0.07407724112272263,0.5333333333333333
124,0.04135458456973235,0.04041893184185028,0.9356526136398315,0.08359600603580475,0.49166666666666664
125,0.04445506098369757,0.0434956181794405,0.9594425678253173,0.08312185853719711,0.5
126,0.04860892072319985,0.04753515496850014,1.0737661242485046,0.07046312838792801,0.5
127,0.037420623128612836,0.03647228007515271,0.9483425696690877,0.07434267550706863,0.475
128,0.037720554818709694,0.03686278300980727,0.857771627108256,0.07255392521619797,0.48333333333333334
129,0.035347296545902886,0.03448009317119916,0.8672034978866577,0.07337784767150879,0.49166666666666664
130,0.03615948644777139,0.03529310648639997,0.8663798689842224,0.07002855092287064,0.525
131,0.03995430668195089,0.038995454708735146,0.9588519732157389,0.0737675279378891,0.44166666666666665
132,0.0373281301309665,0.036399633685747786,0.9284963409105936,0.07303590327501297,0.45
133,0.036696218078335126,0.03586450256407261,0.8317158301671346,0.0715918242931366,0.475
134,0.03569679856300354,0.03488398852447669,0.8128101507822673,0.07622534036636353,0.475
135,0.037994320318102834,0.03705557708938916,0.9387432336807251,0.07025870680809021,0.4583333333333333
136,0.03520636186003685,0.03436484957734744,0.8415122747421264,0.07064638286828995,0.55
137,0.03596700939039389,0.03513540190955003,0.831607190767924,0.07238556444644928,0.475
138,0.03896526942650477,0.03778750896453857,1.1777604381243387,0.07321459800004959,0.525
139,0.03869334484140078,0.037447617823878926,1.24572700659434,0.07082454115152359,0.4666666666666667
140,0.044352282459537186,0.043082737177610395,1.2695455074310302,0.07083786278963089,0.49166666666666664
141,0.0365352285405,0.03567436995605628,0.8608589251836141,0.07249549776315689,0.5083333333333333
142,0.03921226734916369,0.03818964287638664,1.0226244409879048,0.07394077628850937,0.5083333333333333
143,0.03646198560794194,0.035421332468589146,1.0406530221303305,0.07284020632505417,0.525
144,0.036408860236406326,0.03534054681658745,1.0683135708173117,0.0715174451470375,0.48333333333333334
145,0.03757022718588511,0.0365507793923219,1.019447918732961,0.06855714321136475,0.475
146,0.03668812848627567,0.03572959726055463,0.9585317095120748,0.07133355736732483,0.475
147,0.036540816475947695,0.03570587659875552,0.834939976533254,0.07488933205604553,0.5083333333333333
148,0.03764463799695174,0.03672248708705107,0.9221506794293721,0.07312848418951035,0.43333333333333335
149,0.037220700706044836,0.03617015294730663,1.0505472977956136,0.0786357894539833,0.4666666666666667
150,0.039888787517944974,0.038886224230130516,1.0025635441144307,0.07659891247749329,0.5
151,0.037092890590429306,0.03617596328258514,0.9169272383054098,0.07363277673721313,0.4583333333333333
152,0.038590153927604356,0.03749363422393799,1.0965198397636413,0.07921556383371353,0.4583333333333333
153,0.039871463427941005,0.03881951943039894,1.0519436399141948,0.07169944047927856,0.4666666666666667
154,0.03603692029913266,0.03524157255887985,0.7953473250071208,0.06759798526763916,0.5
155,0.03621663426359494,0.03538709034522374,0.8295442700386048,0.07660692185163498,0.45
156,0.039311606685320535,0.03837788887321949,0.9337177753448487,0.07218961417675018,0.5333333333333333
157,0.03952451298634211,0.038420928393801054,1.1035847107569376,0.0726851299405098,0.48333333333333334
158,0.038949324190616606,0.03777270838618278,1.176615571975708,0.07439874112606049,0.5416666666666666
159,0.040684425334135695,0.03943981466193994,1.244610889752706,0.0798562690615654,0.49166666666666664
160,0.041034740830461186,0.03995637136201064,1.078369152545929,0.07538072019815445,0.49166666666666664
161,0.03552878685295582,0.03466820232570171,0.8605839053789774,0.06787310540676117,0.48333333333333334
162,0.03579081768790881,0.03492971075077852,0.8611067692438762,0.07149792462587357,0.5
163,0.037052653605739276,0.03605228376885255,1.0003693540891012,0.07266874611377716,0.475
164,0.03630276086429755,0.03537876717746258,0.9239936033884685,0.06999733299016953,0.49166666666666664
165,0.03709304705262184,0.036065580199162166,1.0274669567743937,0.07252522557973862,0.5166666666666667
166,0.03687780785063902,0.0358754842231671,1.0023236274719238,0.06909028440713882,0.525
167,0.036866941551367445,0.03592818826436996,0.9387530446052551,0.071761354804039,0.5
168,0.036883417144417764,0.035883176450928055,1.000241208076477,0.06786685436964035,0.525
169,0.03716835305094719,0.03620447019735972,0.963883105913798,0.07585201412439346,0.4583333333333333
170,0.03719593534866969,0.03631512808303038,0.8808071772257487,0.06854475289583206,0.48333333333333334
171,0.03661667903264364,0.03565346201260885,0.963217035929362,0.07052025198936462,0.48333333333333334
172,0.03586088915665944,0.034914034977555276,0.9468538721402486,0.06887922435998917,0.5
173,0.03713583971063296,0.036206677183508874,0.929162613550822,0.06731239706277847,0.49166666666666664
174,0.03495739003022512,0.034126522143681844,0.8308676640192668,0.07370179146528244,0.49166666666666664
175,0.035092461730043094,0.034164017687241234,0.9284435232480367,0.07036297023296356,0.5
176,0.03870059959590435,0.037712759772936505,0.9878404339154562,0.0714474767446518,0.48333333333333334
177,0.03858667848010858,0.037499865020314854,1.0868133068084718,0.07341605424880981,0.5166666666666667
178,0.03701532930135727,0.03612318250040213,0.8921467582384746,0.07097962498664856,0.5333333333333333
179,0.03684521913528442,0.035848548139135045,0.9966709534327189,0.06943327188491821,0.5083333333333333
180,0.03649142310023308,0.03563446303208669,0.8569603482882182,0.08225174993276596,0.525
181,0.03930110608537992,0.0384267112861077,0.8743950128555298,0.06743404269218445,0.5416666666666666
182,0.03596711630622546,0.035083396981159844,0.8837193012237549,0.06962563842535019,0.5333333333333333
183,0.03947706545392672,0.03853308508793513,0.9439804156621298,0.07014961540699005,0.5166666666666667
184,0.0384781854848067,0.037543612470229464,0.9345727324485779,0.07083545625209808,0.48333333333333334
185,0.0348331481218338,0.03396417585512002,0.8689723372459411,0.06851711124181747,0.5083333333333333
186,0.035064100101590154,0.034274157509207724,0.7899426221847534,0.073619544506073,0.5333333333333333
187,0.0352241317431132,0.03437291570007801,0.8512163281440734,0.0694483071565628,0.5333333333333333
188,0.036350331952174506,0.03541860866049926,0.9317230939865112,0.07075730711221695,0.525
189,0.03819850484530131,0.037206287930409115,0.9922168612480163,0.07134851068258286,0.5
190,0.042154636979103086,0.040708583096663156,1.4460537672042846,0.07046054303646088,0.5916666666666667
191,0.03751608741780122,0.03651438057422638,1.0017066597938538,0.07125046104192734,0.49166666666666664
192,0.03659404118855794,0.03559557534754276,0.9984656174977621,0.07585545629262924,0.49166666666666664
193,0.03805124312639237,0.03699495407442252,1.05628875096639,0.07100213319063187,0.4666666666666667
194,0.03670724319914977,0.03566329764823119,1.043945558865865,0.0695580318570137,0.5083333333333333
195,0.03558453433215618,0.03467981480062008,0.9047202030817668,0.07386597245931625,0.4583333333333333
196,0.03921671311060588,0.03827513977885246,0.9415726661682129,0.07007809728384018,0.4583333333333333
197,0.03755633185307185,0.03638451981047789,1.1718119184176128,0.07062458246946335,0.5
198,0.037810068329175314,0.03654927040139834,1.2607974886894227,0.07157958298921585,0.5333333333333333
199,0.039037556201219556,0.03801754216353099,1.0200141509373983,0.07193689793348312,0.4666666666666667
200,0.03419727943837643,0.033169231936335565,1.0280474225680034,0.07143285125494003,0.5333333333333333
201,0.038641948252916336,0.03764028636117776,1.0016612609227498,0.07547607272863388,0.45
202,0.03922274187207222,0.03825537761052449,0.9673645297686259,0.07365522533655167,0.4583333333333333
203,0.03514607151349385,0.034292041013638176,0.8540305892626444,0.07340835779905319,0.45
204,0.03764551393687725,0.03674683744708697,0.8986764232317607,0.07541101425886154,0.49166666666666664
205,0.03977194999655088,0.03891855838398139,0.8533914526303609,0.07178980112075806,0.5
206,0.039941446483135225,0.0388213907678922,1.1200556357701619,0.07272184640169144,0.5083333333333333
207,0.03802566975355148,0.036945826311906176,1.0798432946205139,0.06672299653291702,0.48333333333333334
208,0.03618605708082517,0.035135622570912045,1.0504343072573343,0.07655325531959534,0.5
209,0.03857544288039207,0.03756638467311859,1.0090578595797222,0.07066668570041656,0.49166666666666664
210,0.03503618538379669,0.03408890292048454,0.9472823699315389,0.0713839903473854,0.5
211,0.0372444702933232,0.03627820884188016,0.9662610093752543,0.07108733803033829,0.4666666666666667
212,0.036885594949126244,0.03600721980134646,0.8783751527468363,0.06547687947750092,0.48333333333333334
213,0.03532904013991356,0.034503632535537086,0.8254074692726135,0.07492762058973312,0.44166666666666665
214,0.03862093860904376,0.0376537977407376,0.9671407063802083,0.06629429757595062,0.475
215,0.03753414750099182,0.03650353153546651,1.0306162317593892,0.07175300270318985,0.425
216,0.03909009446700414,0.03819443409641584,0.8956604878107707,0.0718078687787056,0.5
217,0.03505684621632099,0.03407803922891617,0.9788064122200012,0.06630396097898483,0.48333333333333334
218,0.0373318400233984,0.03639529508848985,0.9365453203519185,0.0698842704296112,0.5
219,0.0456330676873525,0.044673263529936474,0.9598040421803792,0.06706643849611282,0.49166666666666664
220,0.04185145671168963,0.04095069952309131,0.9007577617963155,0.06649176776409149,0.4666666666666667
221,0.044484854737917585,0.04327270363767942,1.212151579062144,0.06938544660806656,0.48333333333333334
222,0.03752367409567038,0.036627055456240974,0.8966187477111817,0.069070003926754,0.475
223,0.03428405101100604,0.03342595795790355,0.8580931981404623,0.07134521752595901,0.5333333333333333
224,0.035249348854025205,0.03423180244863033,1.0175459106763205,0.06914912164211273,0.5083333333333333
225,0.03614850069085757,0.03522924805680911,0.9192522128423055,0.07328082621097565,0.5
226,0.03578101508319378,0.034816155582666396,0.9648600498835246,0.07209296524524689,0.475
227,0.03712875979642073,0.03618530035018921,0.9434594988822937,0.06766718626022339,0.5
228,0.03642416472236316,0.03547554463148117,0.9486199140548706,0.07239054143428802,0.5083333333333333
229,0.03814079836010933,0.037165945023298265,0.9748532811800639,0.0799761489033699,0.475
230,0.038225863501429556,0.03739327825605869,0.8325852473576864,0.07318612188100815,0.5416666666666666
231,0.03851238451898098,0.037609257052342096,0.9031274795532227,0.07522589713335037,0.5
232,0.04139166499177615,0.04044151703516642,0.9501483003298442,0.0754154622554779,0.49166666666666664
233,0.03857977564136187,0.037604399894674616,0.9753757158915202,0.06852037459611893,0.525
234,0.03468701255818208,0.03380021328727404,0.8867989500363668,0.07083337008953094,0.49166666666666664
235,0.03277039031187693,0.03196789026260376,0.8025001446406047,0.0695214718580246,0.4666666666666667
236,0.03803751381735007,0.03714295700192451,0.8945566097895304,0.07209956645965576,0.525
237,0.03842548442383607,0.037351806585987406,1.0736775875091553,0.07115630060434341,0.43333333333333335
238,0.03581160691877206,0.034905946875611944,0.905659814675649,0.07056952267885208,0.5166666666666667
239,0.037684764216343564,0.03678847799698512,0.8962863802909851,0.07269349694252014,0.49166666666666664
240,0.034723766272266705,0.033908445636431375,0.815320614973704,0.06817416846752167,0.4666666666666667
241,0.035698078324397406,0.03486424448589484,0.8338335990905762,0.06916853040456772,0.5
242,0.036565397928158445,0.03552018006642659,1.0452176133791606,0.07479672878980637,0.5
243,0.03605590462684631,0.034998058279355364,1.057846438884735,0.07384255528450012,0.5333333333333333
244,0.03621339611709118,0.03522796978553136,0.9854257861773174,0.06629086285829544,0.475
245,0.03814060563842456,0.03730694701274236,0.8336585601170857,0.07566005736589432,0.5
246,0.036885895083347955,0.03601354484756788,0.8723503351211548,0.06863375753164291,0.475
247,0.035788321991761525,0.03490999266505242,0.8783291935920715,0.07287947833538055,0.5083333333333333
248,0.034946059435606004,0.033992869406938554,0.9531898260116577,0.07744557410478592,0.48333333333333334
249,0.0417722242573897,0.04075778176387151,1.0144428253173827,0.07015275955200195,0.5
250,0.03527727425098419,0.034397450958689055,0.8798236529032389,0.06837896257638931,0.44166666666666665
251,0.034856176500519115,0.03394470736384392,0.9114688793818156,0.07397071272134781,0.4583333333333333
252,0.03733457165459792,0.03637551553547382,0.9590556899706523,0.0751897394657135,0.525
253,0.042529721309741336,0.04138252648214499,1.1471945921579996,0.06719542294740677,0.44166666666666665
254,0.03902194872498512,0.03801293621460597,1.0090123573939005,0.06945248693227768,0.525
255,0.03510251007974148,0.03400905951857567,1.0934501131375631,0.0667610913515091,0.5166666666666667
256,0.036893519262472786,0.03580440493921439,1.089114240805308,0.06709893047809601,0.48333333333333334
257,0.03379411945740382,0.03289548891286055,0.8986306309700012,0.0756443664431572,0.475
258,0.03657165865103404,0.035746751725673674,0.8249070048332214,0.06752562522888184,0.5166666666666667
259,0.03469320088624954,0.0338440208385388,0.8491799434026083,0.07186168432235718,0.5666666666666667
260,0.03566587008535862,0.034755714361866315,0.9101556102434795,0.06724691390991211,0.475
261,0.03510231673717499,0.03421570745607217,0.8866093556086222,0.07001236081123352,0.5166666666666667
262,0.03438384433587392,0.03354716040194035,0.8366840561230977,0.07170935720205307,0.49166666666666664
263,0.03761466120680173,0.03661970260242621,0.9949591318766277,0.07120278477668762,0.5
264,0.041499033321936926,0.04025680422782898,1.242228893438975,0.06732521951198578,0.5083333333333333
265,0.03833725030223529,0.03719010204076767,1.1471485058466593,0.06875526905059814,0.525
266,0.03881260690589746,0.03788835095862548,0.9242552876472473,0.06897374242544174,0.475
267,0.03438025712966919,0.03340558869143327,0.9746683080991109,0.0696319043636322,0.5083333333333333
268,0.034426953022678695,0.033505612363417946,0.9213405410448711,0.07503275573253632,0.5166666666666667
269,0.04079343924919764,0.039789773523807526,1.0036657333374024,0.07504571974277496,0.5083333333333333
270,0.035287068535884224,0.03436416598657767,0.9229029536247253,0.0729152038693428,0.48333333333333334
271,0.03412923129896323,0.03323535534242789,0.8938762704531352,0.06733150780200958,0.5
272,0.0359197948127985,0.03502821860214075,0.8915766954421998,0.07076305896043777,0.48333333333333334
273,0.035004136214653654,0.034071300427118936,0.9328357378641764,0.06598902493715286,0.5166666666666667
274,0.0350850818057855,0.03424066590766112,0.844416073958079,0.07790298759937286,0.49166666666666664
275,0.037683056419094405,0.03663138784468174,1.05166867574056,0.06970109790563583,0.5166666666666667
276,0.03561178209880988,0.03481401354074478,0.7977682590484619,0.06872116774320602,0.525
277,0.036606282244126,0.03572996680935224,0.8763154586156209,0.06799136847257614,0.5166666666666667
278,0.03369841935733954,0.032917006562153496,0.7814124862353007,0.0788113996386528,0.5083333333333333
279,0.03711080228288968,0.03613532036542892,0.975481649239858,0.07658305764198303,0.5166666666666667
280,0.038077483202020326,0.03697667469580968,1.1008085171381632,0.07170102745294571,0.48333333333333334
281,0.03587755039334297,0.03489297591149807,0.9845744212468465,0.0713181272149086,0.4666666666666667
282,0.03493611998856068,0.03396723084151745,0.9688889344533285,0.0770229622721672,0.525
283,0.03820961763461431,0.037224162742495535,0.9854548732439677,0.06967692077159882,0.45
284,0.034112394973635676,0.033218788107236226,0.8936067303021749,0.06902162730693817,0.5166666666666667
285,0.035938502351442976,0.035024561608831085,0.913940167427063,0.07002978026866913,0.525
286,0.03558498484392961,0.034690364201863604,0.894620954990387,0.069888174533844,0.4666666666666667
287,0.033481320614616075,0.03262393064796924,0.8573899626731872,0.07054466754198074,0.5083333333333333
288,0.034455240269502,0.03357189744710922,0.8833428978919983,0.07004085183143616,0.45
289,0.03417080889145533,0.0333557258049647,0.8150830547014872,0.06974157691001892,0.525
290,0.03389138616621494,0.03299470307926337,0.8966823856035868,0.06964971125125885,0.5083333333333333
291,0.03483453343311946,0.033999910950660704,0.8346224864323933,0.0720386803150177,0.44166666666666665
292,0.038419505457083385,0.0375170739988486,0.9024311423301696,0.06822800636291504,0.49166666666666664
293,0.03305844043691953,0.03220366016030311,0.8547803401947022,0.0720093846321106,0.5
294,0.03232023902237415,0.03153597625593344,0.7842626571655273,0.0705505982041359,0.4583333333333333
295,0.036964483186602594,0.03599599103132884,0.9684925357500712,0.06662800163030624,0.44166666666666665
296,0.03790113429228465,0.03682218988736471,1.07894477446874,0.07457689195871353,0.5083333333333333
297,0.03542330823838711,0.034634613121549286,0.7886948347091675,0.07161771506071091,0.5
298,0.03297551100452741,0.032151004299521446,0.8245062033335367,0.06648234277963638,0.475
299,0.033492384602626164,0.03259493423004945,0.8974496761957804,0.07174978405237198,0.475
300,0.035075759142637254,0.03404825900991758,1.0274999856948852,0.0716528594493866,0.45
301,0.03424424355228742,0.033254009361068405,0.9902343511581421,0.06795233488082886,0.49166666666666664
302,0.034961267560720447,0.03397061787545681,0.9906501730283102,0.06561301648616791,0.45
303,0.034907225519418716,0.033794527500867845,1.1126979827880858,0.07150816917419434,0.5083333333333333
304,0.03384288921952248,0.03278851633270582,1.054372755686442,0.06993356347084045,0.5083333333333333
305,0.033243735507130626,0.03236229109267394,0.8814442833264668,0.0695955827832222,0.4166666666666667
306,0.03512737043201923,0.03420791054765383,0.9194599111874898,0.07647647708654404,0.45
307,0.03869326387842496,0.03756959997117519,1.1236634572347006,0.06740343570709229,0.4583333333333333
308,0.03475967322786649,0.033798867091536525,0.9608055075009664,0.07304409146308899,0.48333333333333334
309,0.04147764990727107,0.04028570254643758,1.1919471422831218,0.07033985108137131,0.5166666666666667
310,0.038668467476963994,0.03756180219352245,1.1066654880841573,0.06905338168144226,0.5166666666666667
311,0.03349402310947577,0.03271431848406792,0.7797041813532511,0.06902922689914703,0.49166666666666664
312,0.03597105865677198,0.0350728802382946,0.8981781005859375,0.07214038819074631,0.5
313,0.03610820497075717,0.03510296456515789,1.0052400747934978,0.07500211149454117,0.49166666666666664
314,0.03607869657377402,0.03498221238454183,1.0964839180310568,0.06549887359142303,0.48333333333333334
315,0.03413666635751724,0.03322728089988232,0.9093854109446208,0.0713498517870903,0.4666666666666667
316,0.03551010402540366,0.0346034391472737,0.9066645860671997,0.07130178064107895,0.5166666666666667
317,0.037553180505832034,0.03638993203639984,1.1632484674453736,0.07384777069091797,0.475
318,0.03444156671563784,0.03346651419997215,0.9750522971153259,0.06732138246297836,0.48333333333333334
319,0.03441320806741714,0.0335994968811671,0.813711138566335,0.0673140436410904,0.48333333333333334
320,0.03316034637391567,0.032284169519941015,0.8761766950289408,0.06848113238811493,0.5166666666666667
321,0.03643985179563363,0.03548600561916828,0.9538462042808533,0.06880166381597519,0.48333333333333334
322,0.034523880233367284,0.03365392833948135,0.8699520548184713,0.07205616682767868,0.5166666666666667
323,0.03373226746916771,0.03286783459285895,0.8644328236579895,0.06891423463821411,0.49166666666666664
324,0.03326424906651179,0.03243710932632287,0.8271395007769267,0.0677184909582138,0.5416666666666666
325,0.033774097760518394,0.03289582418898741,0.878273606300354,0.06821852177381516,0.5
326,0.0325794251014789,0.03175674763818582,0.8226775844891866,0.06936090439558029,0.5416666666666666
327,0.03394014934698741,0.03311771452426911,0.8224348783493042,0.06475116312503815,0.5
328,0.03458061839143435,0.03368884511291981,0.8917736172676086,0.07134843617677689,0.5166666666666667
329,0.040034959092736244,0.039095852772394815,0.9391061345736186,0.07495898008346558,0.475
330,0.037973030284047124,0.036881378789742784,1.0916513601938884,0.07451864331960678,0.48333333333333334
331,0.03700425463418166,0.03599584239224593,1.0084126234054565,0.07262124121189117,0.5416666666666666
332,0.0384005706757307,0.03745549557109674,0.9450749238332112,0.07024366408586502,0.5083333333333333
333,0.03624178419510524,0.03528244843085607,0.95933571656545,0.07314523309469223,0.49166666666666664
334,0.03518221117556095,0.0343115221709013,0.8706890185674031,0.06860684603452682,0.48333333333333334
335,0.03254122758905093,0.03162753420571486,0.9136932373046875,0.06811458617448807,0.48333333333333334
336,0.03303530104458332,0.032178244243065514,0.8570566415786743,0.06970787793397903,0.475
337,0.03506132947901885,0.03403584746023019,1.0254822770754497,0.07021867483854294,0.5083333333333333
338,0.036456580460071566,0.03554272751013438,0.9138528227806091,0.07171691954135895,0.5083333333333333
339,0.034503606458505,0.03364619066317876,0.8574159502983093,0.06901323795318604,0.5166666666666667
340,0.03251893309255441,0.031676122546195985,0.8428106983502706,0.07134583592414856,0.5583333333333333
341,0.03298971951007843,0.032142078255613646,0.8476409475008647,0.07289063930511475,0.5083333333333333
342,0.03326875666777293,0.03232092832525571,0.9478281418482463,0.06947203725576401,0.5083333333333333
343,0.03514958806335926,0.03426065656046073,0.8889320611953735,0.07416719943284988,0.525
344,0.03824229141076406,0.037324723228812216,0.9175679246584575,0.06863347440958023,0.4666666666666667
345,0.03469050029913585,0.0336924875775973,0.9980128010114034,0.06813386082649231,0.5
346,0.032222459589441615,0.03135749573508898,0.8649638175964356,0.07325500249862671,0.525
347,0.03378563957909743,0.03293190710246563,0.8537320335706075,0.06941472738981247,0.49166666666666664
348,0.033342644944787024,0.03251928177972634,0.8233635306358338,0.07491197437047958,0.5166666666666667
349,0.033496396616101265,0.032697896286845204,0.7985001921653747,0.0716654434800148,0.48333333333333334
350,0.035063021009167035,0.03418325260281563,0.8797683080037435,0.07048659026622772,0.5166666666666667
351,0.03368114742139975,0.03266950945059458,1.0116379261016846,0.06929075717926025,0.5083333333333333
352,0.03536543622612953,0.034273193155725794,1.0922426899274191,0.06821844726800919,0.475
353,0.03342092794676622,0.03250842740138372,0.9125003099441529,0.06917054206132889,0.45
354,0.033121172214547794,0.03224301772813002,0.8781540671984355,0.07325274497270584,0.5
355,0.03620749215284983,0.035157267625133194,1.0502242207527162,0.07181393355131149,0.4583333333333333
356,0.03563126598795255,0.03454703552027543,1.0842301011085511,0.06583146750926971,0.475
357,0.0334299282481273,0.032584950079520544,0.8449781656265258,0.07405398041009903,0.5083333333333333
358,0.034924187883734706,0.03388263347248236,1.0415539582570394,0.07300731539726257,0.44166666666666665
359,0.03649097283681234,0.03556701987981796,0.9239533702532451,0.06915880739688873,0.49166666666666664
360,0.03503308246533076,0.034041371941566465,0.9917104601860046,0.07025923579931259,0.4666666666666667
361,0.03675472574929396,0.03582264681657155,0.9320790568987528,0.07018570601940155,0.48333333333333334
362,0.04047479455669721,0.039463791996240616,1.0110027988751729,0.07313288748264313,0.525
363,0.039085539802908895,0.037814461564024286,1.2710781574249268,0.07297885417938232,0.5083333333333333
364,0.03639134975771109,0.03539894583324591,0.9924040198326111,0.06928481161594391,0.5
365,0.03293147372702757,0.03206457483271758,0.8668989578882853,0.06922426074743271,0.5083333333333333
366,0.032945151627063754,0.03204005708297094,0.9050944765408834,0.06555916368961334,0.5083333333333333
367,0.03569812352458636,0.03462341415385405,1.0747092723846436,0.07105167955160141,0.5166666666666667
368,0.036392587795853616,0.03505422497789065,1.3383624792098998,0.0669950395822525,0.5083333333333333
369,0.03340459068616231,0.03247610380252202,0.9284869074821472,0.06922267377376556,0.475
370,0.03374018433193366,0.03280632334450881,0.9338611801465352,0.06951046735048294,0.48333333333333334
371,0.03290511245528857,0.03215654380619526,0.7485683043797811,0.06798866391181946,0.4666666666666667
372,0.033590770636995636,0.032756026710073154,0.8347440640131633,0.07060901075601578,0.55
373,0.032288597399989766,0.03144809330503146,0.8405038436253865,0.06854495406150818,0.5
374,0.031979872410496074,0.03114748721321424,0.8323854088783265,0.06722225993871689,0.48333333333333334
375,0.031360753004749616,0.030529589330156644,0.8311641097068787,0.07119964063167572,0.48333333333333334
376,0.03357009080549081,0.03274212094644705,0.8279699325561524,0.06769924610853195,0.5
377,0.03577161493400733,0.03493099734187126,0.840617569287618,0.07523881644010544,0.5083333333333333
378,0.037721792608499526,0.036562990148862204,1.1588023543357848,0.0711461529135704,0.48333333333333334
379,0.03378465510904789,0.032907822355628016,0.8768327077229817,0.07239893078804016,0.4666666666666667
380,0.03522935062646866,0.03425135811169942,0.9779922485351562,0.0738607794046402,0.5083333333333333
381,0.03467868616183599,0.03372450011471907,0.9541862924893697,0.0730273649096489,0.49166666666666664
382,0.039018674691518145,0.03812555149197579,0.8931235233942668,0.07333085685968399,0.49166666666666664
383,0.03523549189170202,0.03431412652134895,0.9213651816050211,0.07474256306886673,0.5166666666666667
384,0.03562152249117692,0.03478368545571963,0.8378368894259135,0.06633491814136505,0.48333333333333334
385,0.03510352708399296,0.034216662868857384,0.8868637800216674,0.06441978365182877,0.48333333333333334
386,0.03242423931757609,0.03158378625909487,0.8404530247052511,0.07125452905893326,0.475
387,0.03933431096374988,0.038362859686215715,0.9714514096577962,0.06919003278017044,0.49166666666666664
388,0.03618398308753967,0.035114482914408045,1.0694998224576315,0.06717915832996368,0.49166666666666664
389,0.03373575024306774,0.0327342864125967,1.0014639496803284,0.0682009607553482,0.44166666666666665
390,0.03466764787832896,0.0336983110755682,0.9693371256192526,0.07562915980815887,0.475
391,0.03404710715015729,0.03308868085344632,0.9584264636039734,0.06830870360136032,0.475
392,0.03322562426328659,0.032343234245975815,0.8823897401491801,0.06646962463855743,0.5083333333333333
393,0.031082107002536455,0.030322011684377988,0.7600948572158813,0.07357396185398102,0.5666666666666667
394,0.033492187162240346,0.032643945142626765,0.8482423543930053,0.0665648803114891,0.425
395,0.0331453966597716,0.03231932496031125,0.8260711868604024,0.06620655953884125,0.4583333333333333
396,0.03343009340266387,0.032552322993675865,0.877770201365153,0.06326071918010712,0.48333333333333334
397,0.03373681865632534,0.032808876037597655,0.9279423872629802,0.06585343927145004,0.5416666666666666
398,0.033811130871375404,0.032849077383677164,0.9620533148447673,0.06802782416343689,0.48333333333333334
399,0.03329792755345504,0.03240132592618465,0.8966015934944153,0.07266153395175934,0.48333333333333334
400,0.03539534360170364,0.03428940884768963,1.1059343417485554,0.07268126308917999,0.5083333333333333
401,0.03756585940718651,0.036459600925445555,1.1062580188115438,0.06534163653850555,0.5416666666666666
402,0.03588475572566192,0.03488592145343621,0.9988344271977743,0.06746744364500046,0.4583333333333333
403,0.033106791973114016,0.03228809473415216,0.8186971505482992,0.07433153688907623,0.5333333333333333
404,0.03658245715002219,0.03561353211601575,0.9689247012138367,0.07294575870037079,0.5416666666666666
405,0.037848937511444095,0.036882343143224715,0.9665941079457601,0.07365945726633072,0.525
406,0.03394063673913479,0.032989204054077466,0.9514327605565389,0.07060454785823822,0.525
407,0.031507112955053644,0.030664811034997304,0.8423022468884785,0.07084080576896667,0.45
408,0.03299006323019663,0.03209152234097322,0.8985407948493958,0.06720786541700363,0.5
409,0.03225932903587818,0.03147987785438697,0.7794513543446858,0.07018481194972992,0.5083333333333333
410,0.0340761070450147,0.03315461712578933,0.9214903235435485,0.06831721216440201,0.5
411,0.032311395307381946,0.03137236498296261,0.9390302499135336,0.07173407822847366,0.5166666666666667
412,0.03302246270080408,0.032193916663527486,0.8285457452138265,0.0716460719704628,0.48333333333333334
413,0.03294252852598826,0.03212112560868263,0.8214028080304464,0.06807484477758408,0.4583333333333333
414,0.03401182840267817,0.03316276557743549,0.8490628560384115,0.0713166669011116,0.475
415,0.034230211128791176,0.03329022563993931,0.939985469977061,0.071090929210186,0.5
416,0.03562574572861195,0.03469628654420376,0.9294591228167216,0.07224374264478683,0.48333333333333334
417,0.03373235675195853,0.03288799139360587,0.8443651636441548,0.06884907931089401,0.5083333333333333
418,0.031385560830434166,0.03059006966650486,0.7954911669095357,0.07163260132074356,0.6166666666666667
419,0.030394851292173067,0.02965907889107863,0.735772697130839,0.06959499418735504,0.5
420,0.031230122347672782,0.03048643742998441,0.7436848640441894,0.07487336546182632,0.5083333333333333
421,0.030980811392267545,0.030202391371130944,0.7784197847048442,0.06728656589984894,0.48333333333333334
422,0.031911425789197284,0.030962337677677473,0.9490877072016398,0.06972379982471466,0.5083333333333333
423,0.034187810495495796,0.03327334684630235,0.9144630392392477,0.07096577435731888,0.45
424,0.03678508897622426,0.03582711070775986,0.9579783002535502,0.06883417069911957,0.5166666666666667
425,0.03479898311197758,0.03395103067159653,0.8479525725046794,0.06682852655649185,0.55
426,0.0327430073171854,0.03185491487383842,0.8880922794342041,0.07231100648641586,0.55
427,0.030980035911003748,0.030174380540847777,0.8056552688280741,0.07164600491523743,0.5166666666666667
428,0.03187165930867195,0.031057368218898772,0.8142905354499816,0.06901559233665466,0.5166666666666667
429,0.03398610713581244,0.033072942246993385,0.913165028889974,0.06645527482032776,0.5333333333333333
430,0.03533179797232151,0.03447072754303614,0.8610706090927124,0.07794798165559769,0.5
431,0.04052429000536601,0.039402784779667854,1.1215053478876749,0.07067809253931046,0.525
432,0.033654263243079185,0.03267362589637438,0.9806376735369364,0.06904838979244232,0.525
433,0.03399844852586587,0.03304923139512539,0.9492171764373779,0.07148979604244232,0.5
434,0.03151761181652546,0.030675141140818596,0.8424708048502604,0.07074031978845596,0.5416666666666666
435,0.03326130385200183,0.03244372432430585,0.8175795396169027,0.06868152320384979,0.49166666666666664
436,0.03328320061167081,0.03233906713624795,0.9441336313883464,0.07095572352409363,0.525
437,0.031993227327863374,0.03122159776588281,0.7716296593348185,0.06839777529239655,0.4666666666666667
438,0.0330847404897213,0.03216243411103884,0.9223062713940938,0.07025633752346039,0.5166666666666667
439,0.0349068163583676,0.03387840042511622,1.0284160415331522,0.07336315512657166,0.49166666666666664
440,0.03174904771149158,0.030852777635057768,0.8962698181470236,0.06575778126716614,0.5166666666666667
441,0.030360546832283338,0.02953356256087621,0.826984171072642,0.07310034334659576,0.49166666666666664
442,0.03236913358171781,0.03148146520058314,0.8876684188842774,0.06522556394338608,0.475
443,0.035132654507954914,0.03398763226966063,1.1450226306915283,0.0690314844250679,0.4666666666666667
444,0.031585323189695674,0.030692928408583006,0.8923949519793193,0.07091230154037476,0.5166666666666667
445,0.033299844215313595,0.03242086035509904,0.8789839267730712,0.06867583096027374,0.5166666666666667
446,0.03309180239836375,0.032160576432943344,0.9312257687250773,0.06791184097528458,0.5333333333333333
447,0.034043587371706964,0.03304112901290258,1.0024584690729776,0.07118041068315506,0.49166666666666664
448,0.03326192970077197,0.032380323857069016,0.8816057125727336,0.06756177544593811,0.5083333333333333
449,0.03220973089337349,0.0313488236318032,0.8609070658683777,0.07115758210420609,0.48333333333333334
450,0.032500808437665306,0.031587247550487516,0.9135609149932862,0.0688481554389,0.5916666666666667
451,0.03111694330970446,0.030343613773584365,0.7733296036720276,0.07207723706960678,0.475
452,0.03434284304579099,0.03340794319907824,0.9349001169204711,0.0681455209851265,0.5
453,0.032892781247695284,0.03206971945861976,0.8230619907379151,0.0685449168086052,0.48333333333333334
454,0.029996894796689353,0.02926935503880183,0.727539885044098,0.07018161565065384,0.5333333333333333
455,0.030775375912586847,0.029967368145783744,0.8080078760782877,0.07695504277944565,0.44166666666666665
456,0.03386474152406057,0.03289534499247869,0.969396436214447,0.07075800746679306,0.5416666666666666
457,0.03572295655806859,0.0347962848842144,0.9266712745030721,0.07120554149150848,0.525
458,0.0323220061759154,0.03142142705619335,0.9005789677302043,0.07802208513021469,0.5
459,0.03299749804039796,0.03210585589210192,0.8916417439778646,0.07052832841873169,0.49166666666666664
460,0.031121221308906873,0.03020807777841886,0.9131432771682739,0.07141458243131638,0.425
461,0.03243694504102071,0.031499529754122096,0.9374153256416321,0.06813371926546097,0.49166666666666664
462,0.03479645575086276,0.03367410811285178,1.1223472992579142,0.07085930556058884,0.5
463,0.03563812846938769,0.03473374856015046,0.9043797810872396,0.07734829932451248,0.5
464,0.03591391692558924,0.0349613876392444,0.9525293986002604,0.06767050176858902,0.4583333333333333
465,0.03515651399890582,0.03413244684537252,1.0240671992301942,0.07031257450580597,0.5083333333333333
466,0.0333977368970712,0.03237998560070991,1.0177513321240743,0.07287240773439407,0.5333333333333333
467,0.0321657769382,0.031294627984364824,0.8711487412452698,0.06648828834295273,0.5166666666666667
468,0.03132790550589561,0.030546168610453606,0.7817370057106018,0.07387454062700272,0.475
469,0.031891292954484625,0.031044756869475047,0.8465359846750895,0.07397884130477905,0.5
470,0.03333965130150318,0.032469247778256737,0.8704031149546305,0.07131659239530563,0.4666666666666667
471,0.032478037476539615,0.031679241359233855,0.7987955053647359,0.07185970991849899,0.4583333333333333
472,0.033098401377598445,0.03226626440882683,0.8321368257204692,0.0705554261803627,0.5416666666666666
473,0.034371839339534443,0.033357962717612585,1.0138766249020894,0.06909122318029404,0.5166666666666667
474,0.03129379724462827,0.03040674130121867,0.8870558540026346,0.07223856449127197,0.5416666666666666
475,0.03227220078309377,0.03142942065993945,0.8427798469861348,0.06905420869588852,0.5416666666666666
476,0.03140888959169388,0.030595359578728675,0.8135299166043599,0.07164420187473297,0.55
477,0.031621553003787994,0.030792940283815066,0.8286132494608561,0.06973043084144592,0.5166666666666667
478,0.03305262960493564,0.03219491218527158,0.8577174464861552,0.069588303565979,0.5
479,0.03264008760452271,0.031765413905183476,0.8746736923853556,0.06730034202337265,0.5166666666666667
480,0.03012181743979454,0.02931639105081558,0.8054262042045593,0.07160551100969315,0.475
481,0.03598864587644736,0.03500880387922128,0.9798420230547588,0.07203508168458939,0.48333333333333334
482,0.036028744528690974,0.03513741071025531,0.8913338979085287,0.07058069854974747,0.5333333333333333
483,0.03314774508277575,0.03229812358816465,0.849621609846751,0.07068778574466705,0.5
484,0.034041897083322205,0.0330510351806879,0.9908619085947673,0.06799212098121643,0.55
485,0.0312955046693484,0.03044175679485003,0.8537476539611817,0.07132740318775177,0.55
486,0.03225539301832517,0.03128350029389063,0.9718925356864929,0.07052203267812729,0.5083333333333333
487,0.032598375156521794,0.03174431485434373,0.8540608485539755,0.07210760563611984,0.4583333333333333
488,0.03385826883216699,0.03300973263879617,0.8485361774762471,0.07063988596200943,0.48333333333333334
489,0.03151930073897044,0.030659891168276467,0.859408974647522,0.06946802884340286,0.5083333333333333
490,0.03508541074891885,0.0341925007601579,0.8929096937179566,0.0703497976064682,0.5083333333333333
491,0.03527502194046974,0.034332712491353355,0.9423095107078552,0.07901783287525177,0.525
492,0.035493168110648794,0.03457265223066012,0.9205154617627461,0.07201194763183594,0.475
493,0.03233243487775326,0.031515067194898924,0.8173676411310832,0.07452152669429779,0.49166666666666664
494,0.03335875136156877,0.032373644039034845,0.9851072549819946,0.07067044079303741,0.5
495,0.03183654559155305,0.030849962805708248,0.9865826964378357,0.07354051619768143,0.475
496,0.034982868904868764,0.033934153616428375,1.0487154126167297,0.07088839262723923,0.5583333333333333
497,0.03359314426779747,0.032693752398093544,0.8993916591008504,0.07447393983602524,0.49166666666666664
498,0.0328942025701205,0.032028262689709666,0.8659398357073466,0.07431840896606445,0.44166666666666665
499,0.033792931213974954,0.032798361778259275,0.9945694963137309,0.07459582388401031,0.4666666666666667
500,0.03164477360745271,0.030768397202094396,0.8763764460881551,0.07072031497955322,0.49166666666666664
