epoch,train_loss,mse_loss,trend_loss,val_mse,val_mae,val_trend_acc
0,0.15666644896070162,0.13935259990394117,17.313846397399903,0.11408994346857071,0.26277095079421997,0.45
1,0.0188536969323953,0.013950360131760438,4.903336874643961,0.05235213041305542,0.18037042021751404,0.6166666666666667
2,0.008936580022176106,0.006069871659080187,2.866708183288574,0.01933552883565426,0.11108963191509247,0.5
3,0.005986112977067629,0.004043581507479151,1.942531402905782,0.01131463423371315,0.08293934911489487,0.5
4,0.005413315600405136,0.003689427503074209,1.7238880316416423,0.011186132207512856,0.08013718575239182,0.48333333333333334
5,0.005234183976426721,0.003593361595024665,1.6408222993214925,0.008590166456997395,0.07401561737060547,0.48333333333333334
6,0.004828338790684938,0.0032256284030154347,1.6027103106180827,0.007810122799128294,0.06999393552541733,0.45
7,0.0049031033180654045,0.0033621194927642745,1.5409836928049723,0.009827599860727787,0.07907668501138687,0.48333333333333334
8,0.004705714341253042,0.003346567538877328,1.359146777788798,0.006941176950931549,0.06761570274829865,0.43333333333333335
9,0.004686253610998392,0.0032835267794628937,1.4027267297108967,0.007445077411830425,0.0688234344124794,0.48333333333333334
10,0.004669457798202833,0.0031832234002649785,1.4862343708674113,0.005046622361987829,0.061474572867155075,0.48333333333333334
11,0.004737128922715783,0.003265250660479069,1.4718781948089599,0.005683119408786297,0.057611119002103806,0.55
12,0.004783008775363366,0.0034382873214781283,1.3447213649749756,0.005372927524149418,0.05884913355112076,0.45
13,0.004633200059955319,0.003338080598041415,1.2951193730036417,0.007040213327854872,0.07168318331241608,0.5833333333333334
14,0.004414066020399332,0.0031849942170083523,1.2290717283884685,0.00980923231691122,0.08656948059797287,0.5666666666666667
15,0.0044299292533348,0.0032212192735945186,1.2087099234263101,0.005267861764878035,0.05979127809405327,0.5166666666666667
16,0.004359769929821292,0.003083444464330872,1.2763254006703695,0.003913396969437599,0.05174138769507408,0.48333333333333334
17,0.004588244824359814,0.003181736341988047,1.4065084060033162,0.005727811250835657,0.05830835551023483,0.55
18,0.004421278430769841,0.0030664375284686685,1.3548408110936483,0.004387999884784222,0.058341655880212784,0.5333333333333333
19,0.004621050056690971,0.0032993475906550884,1.3217023332913718,0.005532854236662388,0.05978896841406822,0.45
20,0.004657703917473555,0.0033394906514634688,1.318213168780009,0.003782700514420867,0.05290047079324722,0.5166666666666667
21,0.004110685254757603,0.0028584806869427362,1.2522045135498048,0.00398449320346117,0.048263635486364365,0.5833333333333334
22,0.003905561954403917,0.0028632530011236668,1.0423089583714804,0.0036206217482686043,0.05253211781382561,0.5833333333333334
23,0.004257431859150529,0.003164552850648761,1.0928789973258972,0.004831535276025534,0.056507356464862823,0.55
24,0.003971396215880911,0.0028784228954464195,1.0929732243220012,0.0036971005611121655,0.05400824546813965,0.55
25,0.00431269354497393,0.0029637873327980437,1.3489061355590821,0.003052942454814911,0.04250745102763176,0.6
26,0.004275312492003043,0.0029956853793313104,1.2796270688374838,0.012061971239745617,0.08643703907728195,0.38333333333333336
27,0.004060756741091609,0.0029304573545232415,1.1302993456522623,0.003453893819823861,0.04558735340833664,0.6166666666666667
28,0.0037445940698186556,0.0027291021620233853,1.0154918948809306,0.004682430997490883,0.05050508305430412,0.48333333333333334
29,0.00401058685965836,0.002862507322182258,1.1480794628461202,0.004013161640614271,0.050488099455833435,0.5333333333333333
30,0.00400828211568296,0.0029359421615178386,1.0723398884137472,0.0030829107854515314,0.04781037196516991,0.5333333333333333
31,0.00372967265235881,0.0027384762341777485,0.9911963661511739,0.005244919564574957,0.05817635357379913,0.5833333333333334
32,0.004153947221736113,0.0030155185144394637,1.1384286204973857,0.0059696221724152565,0.06181560084223747,0.55
33,0.003968760169421633,0.002844537328928709,1.1242228825887044,0.005106728989630938,0.05816878005862236,0.5666666666666667
34,0.004096998165672024,0.0029055522056296466,1.1914458711942038,0.00531368562951684,0.06051964312791824,0.5
35,0.0042853550830235084,0.003018279590954383,1.2670754432678222,0.0075555178336799145,0.072755828499794,0.65
36,0.004317157948389649,0.003267514690135916,1.0496432026227316,0.004681897349655628,0.05693512409925461,0.6333333333333333
37,0.0038663959751526517,0.002761087520048022,1.1053084214528401,0.005107947625219822,0.0580863431096077,0.55
38,0.004043031173447768,0.0027907788132627803,1.2522523045539855,0.0071601239033043385,0.0668020024895668,0.5166666666666667
39,0.0037660269687573114,0.0026427957306926447,1.1232311566670736,0.004223261494189501,0.054979149252176285,0.6166666666666667
40,0.003669546234110991,0.002575853063414494,1.0936931093533835,0.004308934789150953,0.05604696273803711,0.55
41,0.0037071982864290477,0.0026889711773643893,1.0182270407676697,0.007603293284773827,0.07029951363801956,0.5833333333333334
42,0.0037098868905256193,0.00265750284306705,1.0523840268452962,0.0053924755193293095,0.0645504891872406,0.6166666666666667
43,0.0038339197790871063,0.0028284600547825297,1.0054597059885662,0.004685026593506336,0.05821764096617699,0.5833333333333334
44,0.0038096217749019464,0.0028117422868187227,0.9978793899218241,0.0061170365661382675,0.06741968542337418,0.48333333333333334
45,0.003922955241675178,0.002799910291408499,1.1230449000994365,0.005593272857367992,0.06128671392798424,0.5833333333333334
46,0.0036447457503527405,0.0026568957526857655,0.9878499269485473,0.004231850616633892,0.05330750718712807,0.5666666666666667
47,0.0038808655925095083,0.002763166915004452,1.1176986535390219,0.004290806129574776,0.04820645600557327,0.6
48,0.0038024445374806723,0.002721885583984355,1.0805589437484742,0.004967696964740753,0.05742265284061432,0.6
49,0.004077298504610857,0.0028443817204485337,1.2329167524973552,0.0037691062316298485,0.052826330065727234,0.5833333333333334
50,0.00380560204697152,0.002678062370978296,1.1275396426518758,0.009069129824638367,0.07263851910829544,0.55
51,0.004212208976969123,0.0029439377520854276,1.2682712038358053,0.0052674803882837296,0.05832428112626076,0.48333333333333334
52,0.004256319627165795,0.002873628749512136,1.3826908191045126,0.004746058024466038,0.055913932621479034,0.5833333333333334
53,0.004034855465094248,0.002854528968843321,1.1803264021873474,0.005939116235822439,0.061117954552173615,0.65
54,0.004291427135467529,0.0029341996802637973,1.357227357228597,0.003943223040550947,0.04818452149629593,0.4
55,0.0038521222149332365,0.0026688811524460715,1.1832410216331481,0.005235748831182718,0.061042703688144684,0.5166666666666667
56,0.0041258689947426316,0.002848164993338287,1.2777039448420207,0.010676959529519081,0.09233810007572174,0.55
57,0.004408604744821787,0.003073303936980665,1.3353007435798645,0.009291616268455982,0.08158383518457413,0.5833333333333334
58,0.004104721747959654,0.003025451209396124,1.0792704383532206,0.003611560445278883,0.04658346623182297,0.38333333333333336
59,0.00443426794372499,0.0030674714284638564,1.3667964776357016,0.004581420682370663,0.05528557300567627,0.5666666666666667
60,0.004691962711513042,0.0031998193667580684,1.4921432813008626,0.006151764187961817,0.06078837066888809,0.65
61,0.003987089280659954,0.0027755833696573974,1.2115058779716492,0.005689019337296486,0.05791318044066429,0.5833333333333334
62,0.0036078739833707613,0.0025671920894334713,1.0406818350156148,0.008718986064195633,0.08046028763055801,0.6333333333333333
63,0.0035831391035268706,0.0026449198136106133,0.9382191975911458,0.011221027933061123,0.08435329794883728,0.5
64,0.004390313848853111,0.0031125737897430856,1.2777400016784668,0.007524274755269289,0.06905710697174072,0.5833333333333334
65,0.0044083445488164825,0.0032104899485905967,1.1978545387585957,0.0070251887664198875,0.0635940432548523,0.5333333333333333
66,0.004575276017809908,0.003096707413593928,1.4785685578982035,0.008092102594673634,0.07351171225309372,0.6166666666666667
67,0.00400103183152775,0.0030063317079717915,0.9947000861167907,0.006499655544757843,0.06691242009401321,0.6
68,0.004179719059417645,0.003056365507654846,1.1233535250027975,0.0067064776085317135,0.07225112617015839,0.55
69,0.0039078349247574804,0.0029276191567381223,0.9802157600720723,0.005211423151195049,0.06089066341519356,0.5666666666666667
70,0.0042128505340466894,0.0031872907420620322,1.0255597352981567,0.005002075806260109,0.05699849873781204,0.6166666666666667
71,0.003620979841798544,0.0026026821695268156,1.0182976206143697,0.008729726076126099,0.07824181765317917,0.55
72,0.0035066242795437574,0.0026182960718870163,0.8883281985918681,0.0041033923625946045,0.04971148073673248,0.6833333333333333
73,0.0035285606514662503,0.002525539641889433,1.003020977973938,0.0032494214829057455,0.049443718045949936,0.7
74,0.003330032868931691,0.00246045704310139,0.8695757945378622,0.003296170150861144,0.04901505634188652,0.65
75,0.003503642976284027,0.0025460144194463887,0.9576284885406494,0.007705777883529663,0.06924750655889511,0.65
76,0.0037252935270468395,0.0026730793373038373,1.0522140820821126,0.011206468567252159,0.0848197489976883,0.6
77,0.0033272527158260345,0.002416637159573535,0.9106154998143514,0.0037739616818726063,0.04909227415919304,0.5833333333333334
78,0.003521418214465181,0.002573763602413237,0.9476545572280883,0.007253007963299751,0.07175691425800323,0.6333333333333333
79,0.003557971150924762,0.0026210447462896506,0.9369263688723246,0.006692720577120781,0.06484390050172806,0.5166666666666667
80,0.0035632407292723657,0.002538671965400378,1.0245686769485474,0.005882426165044308,0.06380986422300339,0.6
81,0.004011027918507656,0.0028709211153909566,1.1401066899299621,0.008594880811870098,0.07743771374225616,0.6166666666666667
82,0.004077413988610109,0.002818076483284434,1.2593374689420065,0.005064737517386675,0.05663653463125229,0.6
83,0.003525040422876676,0.0025576396379619836,0.9674007256825765,0.004194510634988546,0.055890701711177826,0.5666666666666667
84,0.0035187897582848867,0.0025083066274722418,1.0104830582936606,0.007463293150067329,0.07090402394533157,0.5333333333333333
85,0.0033757478774835664,0.0024224631565933426,0.9532846530278524,0.00487181544303894,0.05367002636194229,0.6166666666666667
86,0.00347399761279424,0.0023780514408523836,1.0959461450576782,0.005133053287863731,0.057719890028238297,0.5333333333333333
87,0.003826449594149987,0.0026479257581134637,1.1785237987836201,0.007532547228038311,0.07049167901277542,0.6333333333333333
88,0.0036657951461772126,0.002610793376031021,1.05500172773997,0.005095579195767641,0.05452617257833481,0.6666666666666666
89,0.0037777446520825225,0.002564350313817461,1.2133942723274231,0.004795127082616091,0.05711871758103371,0.5833333333333334
90,0.0039341187104582785,0.0026045959908515214,1.329522693157196,0.006040945649147034,0.06451337784528732,0.6166666666666667
91,0.004342701844871044,0.003162869236742457,1.1798325419425963,0.008268656209111214,0.07551966607570648,0.5666666666666667
92,0.004467721547310551,0.0031003589741885663,1.3673624992370605,0.009152848273515701,0.07716444879770279,0.5666666666666667
93,0.0036211059351141254,0.0026562520768493416,0.9648538589477539,0.005772816948592663,0.06682562828063965,0.5833333333333334
94,0.0034082943263153234,0.0024611651121328273,0.9471291542053223,0.004666603170335293,0.05612974986433983,0.6333333333333333
95,0.0039001749673237404,0.00294171255081892,0.958462385336558,0.010203326120972633,0.087619848549366,0.6
96,0.003901030449196696,0.002800218388438225,1.1008119940757752,0.005815468728542328,0.06204153969883919,0.5666666666666667
97,0.0037445456720888613,0.0027178160302961866,1.0267296155293784,0.003833054332062602,0.05014168843626976,0.5166666666666667
98,0.0033301869252075752,0.002346380582700173,0.9838062683741252,0.0066591715440154076,0.06798991560935974,0.6
99,0.003460174985229969,0.0024409524941196043,1.0192224224408468,0.004817525390535593,0.05619809776544571,0.5833333333333334
100,0.00323810080687205,0.002247550121198098,0.9905506372451782,0.008157757110893726,0.06945241242647171,0.6166666666666667
101,0.0038286282525708277,0.0025959150632843377,1.2327131668726603,0.004541945643723011,0.052579306066036224,0.5666666666666667
102,0.003556806733831763,0.0025189378454039493,1.037868857383728,0.006347550079226494,0.06562672555446625,0.6
103,0.0034214073015997807,0.002364316745661199,1.0570905129114787,0.008580831810832024,0.07667489349842072,0.6666666666666666
104,0.003303973733757933,0.0024064854873965184,0.8974882205327351,0.0075570265762507915,0.06989125162363052,0.5833333333333334
105,0.003514202730730176,0.002558845755023261,0.9553569396336873,0.006114233750849962,0.0615435466170311,0.5666666666666667
106,0.0036873317168404657,0.0027271688682958483,0.9601628144582113,0.0034274186473339796,0.04658304527401924,0.5
107,0.0035654497798532246,0.0024388882719601195,1.1265614708264668,0.00851498544216156,0.07005152851343155,0.43333333333333335
108,0.0043538013938814405,0.0030003258337577185,1.3534754951794943,0.013792688027024269,0.1011543944478035,0.55
109,0.0041846598343302805,0.0029588024131953715,1.2258573492368063,0.007023701444268227,0.06770392507314682,0.5833333333333334
110,0.003804443528254827,0.0027880990644916894,1.016344432036082,0.006005150731652975,0.06165808066725731,0.6333333333333333
111,0.004085566351811091,0.003043578239157796,1.0419880588849386,0.005679943133145571,0.05941341817378998,0.5833333333333334
112,0.003577852202579379,0.002578745107166469,0.9991070548693339,0.004813528619706631,0.05403181537985802,0.6166666666666667
113,0.003435143688693643,0.002436809497885406,0.9983341336250305,0.005288922693580389,0.05775251239538193,0.5833333333333334
114,0.003534063836559653,0.0024092246933529776,1.1248390634854635,0.006863657850772142,0.0699153020977974,0.45
115,0.003059670546402534,0.002254997349033753,0.804673171043396,0.007136180996894836,0.06960421055555344,0.6166666666666667
116,0.0033742631630351147,0.002412668289616704,0.9615948478380839,0.004938165191560984,0.05636149272322655,0.5333333333333333
117,0.003532892900208632,0.002483042989236613,1.049849847952525,0.008353947661817074,0.08172259479761124,0.6333333333333333
118,0.003858546338354548,0.0025928223505616186,1.265723995367686,0.005709544289857149,0.06008021906018257,0.6166666666666667
119,0.0037539946225782234,0.0026000094677632053,1.1539851109186807,0.007588847540318966,0.0756533220410347,0.6
120,0.0035722637083381416,0.0023771255044266583,1.195138156414032,0.00691679771989584,0.06747076660394669,0.5
121,0.0036500939323256413,0.0025021840119734406,1.1479098796844482,0.007710202131420374,0.07005287706851959,0.6
122,0.0033958505373448133,0.0024688094621524216,0.9270410537719727,0.004819393623620272,0.05615543946623802,0.45
123,0.0036391918702671925,0.002726075503354271,0.9131163040796916,0.004823501221835613,0.055824827402830124,0.5666666666666667
124,0.003508797489727537,0.0025480742333456874,0.9607232491175334,0.00824896339327097,0.07472953200340271,0.6333333333333333
125,0.0032092974831660587,0.0023184302806233364,0.8908671458562215,0.006477910093963146,0.06661330163478851,0.6166666666666667
126,0.003009090789904197,0.0021440646533543864,0.8650260845820109,0.01293555460870266,0.08910549432039261,0.5666666666666667
127,0.0032391735042134923,0.002359667373821139,0.8795061190923055,0.007148322183638811,0.0601925291121006,0.6
128,0.0035071372985839844,0.002493281414111455,1.013855795065562,0.01045759953558445,0.09040476381778717,0.5333333333333333
129,0.00367114613763988,0.0024637501453980805,1.2073959231376648,0.0058156647719442844,0.06449057906866074,0.5333333333333333
130,0.0036074033938348292,0.0023675804880137247,1.2398228724797566,0.006250625941902399,0.06704676896333694,0.5833333333333334
131,0.0038625420536845924,0.002581657888367772,1.2808841109275817,0.005602044519037008,0.06499399244785309,0.65
132,0.0034874454761544865,0.0023579291921729845,1.1295162200927735,0.004073111340403557,0.04816967993974686,0.65
133,0.0033914851024746894,0.002331276579449574,1.0602084835370382,0.006574392318725586,0.06477361172437668,0.6166666666666667
134,0.0036791944410651924,0.0026746103928113976,1.0045840303103128,0.005439250264316797,0.05969111621379852,0.5666666666666667
135,0.004170990455895663,0.0030157908253992598,1.1551996111869811,0.011010047979652882,0.0842714011669159,0.6166666666666667
136,0.0035169862986852724,0.0023473959571371477,1.1695902307828268,0.007103035692125559,0.06844291090965271,0.6
137,0.003740213718265295,0.0026637775047371787,1.0764361421267192,0.00711614778265357,0.0640837699174881,0.6333333333333333
138,0.003511410423864921,0.002484556621251007,1.0268537680308023,0.006871492601931095,0.06658188998699188,0.6333333333333333
139,0.003435686370357871,0.002329608891159296,1.106077456474304,0.008761347271502018,0.07561899721622467,0.6333333333333333
140,0.003426331824933489,0.0023754771798849108,1.0508546392122904,0.003421518485993147,0.04637696593999863,0.7
141,0.0034036032389849423,0.0023324660335977874,1.0711371699968975,0.007119461428374052,0.06539104133844376,0.5333333333333333
142,0.004128730793793996,0.002704931826641162,1.42379895846049,0.011240565218031406,0.08718284964561462,0.6333333333333333
143,0.003995492914691567,0.0028136345945919553,1.181858233610789,0.006814993917942047,0.06585605442523956,0.6166666666666667
144,0.0036416108720004558,0.002514179291514059,1.1274315237998962,0.010295537300407887,0.07873086631298065,0.5666666666666667
145,0.003338268833855788,0.002369434324403604,0.9688344478607178,0.009763066656887531,0.08140553534030914,0.55
146,0.002904558771600326,0.0021309116079161563,0.7736471056938171,0.004260856192559004,0.05588448792695999,0.6333333333333333
147,0.0030966049525886774,0.0022374876076355576,0.8591172893842062,0.004779931623488665,0.054179586470127106,0.5833333333333334
148,0.003061017704506715,0.0021784745700036486,0.8825430989265441,0.00457271421328187,0.05875539407134056,0.6333333333333333
149,0.0030146060201028985,0.002164461370557547,0.85014462073644,0.012631133198738098,0.079857237637043,0.6333333333333333
150,0.0029990564100444315,0.0021191936684772372,0.8798626899719239,0.009206256829202175,0.07566984742879868,0.6166666666666667
151,0.003731295233592391,0.0025529091556866965,1.1783860206604004,0.008125425316393375,0.07508860528469086,0.6166666666666667
152,0.0033197248975435894,0.0022375733281175298,1.0821515162785849,0.007331718225032091,0.06463207304477692,0.5666666666666667
153,0.003088098516066869,0.002242121162513892,0.8459773103396098,0.006067960988730192,0.05871489271521568,0.6666666666666666
154,0.0032749963613847894,0.002395991305820644,0.8790050268173217,0.006224888376891613,0.06696000695228577,0.6166666666666667
155,0.0032442322466522456,0.002321626851335168,0.9226052920023601,0.007834842428565025,0.07074261456727982,0.6166666666666667
156,0.003300144352639715,0.0024712538889919717,0.8288904070854187,0.005117103457450867,0.05173885077238083,0.65
157,0.0034064965167393286,0.0024132865403468412,0.9932099143664043,0.007627358194440603,0.07175249606370926,0.6333333333333333
158,0.003639711020514369,0.0025632676125193635,1.076443370183309,0.008179601281881332,0.07771739363670349,0.6333333333333333
159,0.003519149466107289,0.002507772537258764,1.0113768855730692,0.007766286376863718,0.06501021236181259,0.55
160,0.0041332674523194635,0.0030344283518691857,1.0988390922546387,0.005646339152008295,0.060576021671295166,0.55
161,0.0037464062372843427,0.0027551687244946757,0.991237465540568,0.008811422623693943,0.07795988768339157,0.6166666666666667
162,0.0039240716180453696,0.00274371390696615,1.1803576509157816,0.0066148703917860985,0.06438189744949341,0.5333333333333333
163,0.0036054407556851704,0.0025406554030875366,1.0647853056589762,0.00821333471685648,0.07752487808465958,0.6333333333333333
164,0.0032844077485303085,0.0022465864894911647,1.0378211816151937,0.004879530053585768,0.05972465127706528,0.5333333333333333
165,0.0034443586754302185,0.002338119076254467,1.1062395652135213,0.009213540703058243,0.0792962834239006,0.6166666666666667
166,0.0033914296887814998,0.0022475298649321,1.1438997546831766,0.007056041620671749,0.0717301294207573,0.6166666666666667
167,0.003884376073256135,0.002564516143562893,1.3198598663012187,0.006215100176632404,0.06343385577201843,0.65
168,0.00420990379837652,0.002762998493077854,1.446905247370402,0.010355962440371513,0.08129888027906418,0.5666666666666667
169,0.003477457957342267,0.0023689321940764787,1.1085257450739543,0.006389831658452749,0.06790413707494736,0.6333333333333333
170,0.003243091128145655,0.0022199737140908837,1.0231173793474833,0.0051508499309420586,0.05539831146597862,0.5666666666666667
171,0.0032526345768322546,0.002337389897244672,0.9152446309725444,0.003962637856602669,0.05206708982586861,0.6
172,0.0033714425129195056,0.002351496174621085,1.0199462612469992,0.008746964856982231,0.07206188887357712,0.5166666666666667
173,0.003612066231047114,0.002544747130014002,1.0673190395037333,0.008369600400328636,0.07322539389133453,0.65
174,0.0032642685653020936,0.0023027420431996387,0.9615264773368836,0.005005338229238987,0.054638758301734924,0.6166666666666667
175,0.0034418086521327495,0.002376597615269323,1.0652109702428183,0.005345140118151903,0.05609459802508354,0.5666666666666667
176,0.0036760174203664064,0.0025309855040783684,1.1450318257013956,0.007884930819272995,0.07600262016057968,0.6333333333333333
177,0.003438937400157253,0.0023290627403184773,1.1098745663960774,0.006287748459726572,0.06145355477929115,0.55
178,0.002967411745339632,0.0019938747010504205,0.9735369841257732,0.004827399272471666,0.05525775998830795,0.55
179,0.003161074516053001,0.002209689018006126,0.9513854742050171,0.008406372740864754,0.07717950642108917,0.6166666666666667
180,0.0038709485282500586,0.0027221609527866048,1.1487874945004781,0.008594471961259842,0.06745652854442596,0.4666666666666667
181,0.0036805300352474053,0.002636391188328465,1.0441388249397279,0.005645542871206999,0.0634438693523407,0.65
182,0.003686356296141942,0.002647177129983902,1.0391790946324666,0.004881642758846283,0.05947235971689224,0.6
183,0.0033223089451591176,0.0023415445117279886,0.9807643532752991,0.005765282548964024,0.06426296383142471,0.6
184,0.002900417319809397,0.002066245574193696,0.8341717044512431,0.004362972918897867,0.05051533877849579,0.5666666666666667
185,0.0032059684085349242,0.0021645333229874573,1.0414350430170696,0.004097451455891132,0.05103069543838501,0.6
186,0.0030788601841777565,0.0022131558895731964,0.8657042702039083,0.005405582021921873,0.060110852122306824,0.5666666666666667
187,0.0034503217320889235,0.0023008938568333786,1.1494277954101562,0.004101361148059368,0.04932261258363724,0.55
188,0.003874406187484662,0.0025142628699541094,1.360143248240153,0.003940642811357975,0.047617632895708084,0.6333333333333333
189,0.0033222343927870194,0.0022170247898126642,1.1052095770835877,0.004946550354361534,0.05607236921787262,0.6
190,0.003424816687280933,0.0024479802542676527,0.9768363912900289,0.005954076070338488,0.061011381447315216,0.6333333333333333
191,0.003082050026083986,0.0022103420613954466,0.8717079401016236,0.008093643002212048,0.07149100303649902,0.55
192,0.0029396837732444205,0.002142156179373463,0.797527551651001,0.007742033805698156,0.07439730316400528,0.5166666666666667
193,0.003445476604004701,0.002493242577960094,0.9522339463233948,0.00451218755915761,0.05531879514455795,0.6333333333333333
194,0.0032850748393684626,0.002392393924916784,0.8926808476448059,0.004948079120367765,0.05814150720834732,0.6166666666666667
195,0.0032115656106422347,0.002201977069489658,1.0095884442329406,0.006077631842344999,0.06715256720781326,0.55
196,0.0039325135294348,0.0024693806733315188,1.4631327708562216,0.009379422292113304,0.07597678154706955,0.6
197,0.003641869407147169,0.0023374036808187764,1.30446568330129,0.005998896434903145,0.06036965921521187,0.65
198,0.003153313339377443,0.0021951942122541367,0.9581190983454386,0.007353822235018015,0.06900431215763092,0.5833333333333334
199,0.003634151102354129,0.0023807790285597244,1.2533720016479493,0.004849311895668507,0.05179582163691521,0.6666666666666666
200,0.0032842987217009067,0.002303777386744817,0.9805212696393331,0.004501038230955601,0.05686543509364128,0.5333333333333333
201,0.0032760785271724064,0.0022489398096998533,1.0271386901537578,0.005562311038374901,0.0637488067150116,0.6
202,0.003104621466870109,0.0021002548824374874,1.0043665091196696,0.0037889289669692516,0.050333838909864426,0.65
203,0.002825642361616095,0.002042519417591393,0.7831228574117025,0.006442776415497065,0.06775736063718796,0.6
204,0.002711618629594644,0.0018771325432074568,0.8344860514005025,0.007510252762585878,0.06805150210857391,0.65
205,0.0028707447772224745,0.002105186724414428,0.7655580202738445,0.005660125520080328,0.0605449452996254,0.65
206,0.0027879081200808285,0.0019324037246406078,0.8555043697357178,0.004938760306686163,0.058991361409425735,0.6166666666666667
207,0.002979298448190093,0.0020687331445515154,0.9105652570724487,0.005362197756767273,0.06063259765505791,0.6166666666666667
208,0.003448002164562543,0.0024938313057646156,0.9541708350181579,0.0058364057913422585,0.06372622400522232,0.5666666666666667
209,0.0031730652631570895,0.0022324787840868037,0.9405864437421163,0.005843238905072212,0.06362643092870712,0.6166666666666667
210,0.0031583336647599937,0.002114804896215598,1.0435287237167359,0.007201014086604118,0.06748104095458984,0.5166666666666667
211,0.003080056126539906,0.0021098303142935036,0.9702257911364237,0.006252326536923647,0.06740502268075943,0.6166666666666667
212,0.0030424941175927716,0.0019886304236327607,1.0538636644681294,0.005767925176769495,0.06180413439869881,0.6
213,0.0026980398921296,0.0018800652818754316,0.817974587281545,0.004873966798186302,0.0531906932592392,0.5833333333333334
214,0.002937684829036395,0.0020818154017130533,0.8558693945407867,0.008219335228204727,0.07669173181056976,0.6333333333333333
215,0.0028907970835765203,0.0019531179452314973,0.9376790841420491,0.00624755909666419,0.06561829894781113,0.55
216,0.0029586551710963247,0.002089417764606575,0.8692373792330425,0.005706991534680128,0.0602276548743248,0.6333333333333333
217,0.0027929399938633045,0.0019000986979032556,0.8928412556648254,0.005196021404117346,0.05647487938404083,0.6166666666666667
218,0.00300243462746342,0.002001289922433595,1.0011446754137674,0.005318982992321253,0.05676093325018883,0.5833333333333334
219,0.0032593398975829285,0.002231003033618132,1.0283368190129598,0.005565847735852003,0.06244530528783798,0.6166666666666667
220,0.0031014057031522194,0.002190318750217557,0.911086889108022,0.007706937845796347,0.07125811278820038,0.5333333333333333
221,0.0030539276233563823,0.0021158261379847923,0.9381014307339987,0.007652475964277983,0.06695981323719025,0.5833333333333334
222,0.0031212569680064916,0.002141165011562407,0.980091905593872,0.005449200514703989,0.06148933619260788,0.5666666666666667
223,0.0028903506230562926,0.001969855255447328,0.920495335261027,0.006918162107467651,0.06611811369657516,0.6166666666666667
224,0.0032805540288488072,0.002247979942088326,1.0325740297635397,0.006337821949273348,0.06385833024978638,0.65
225,0.002898242138326168,0.0019399823931356272,0.9582597096761067,0.00672601442784071,0.0653783529996872,0.4666666666666667
226,0.0030200248894592125,0.0020831140611941618,0.9369108001391093,0.008178774267435074,0.0719907283782959,0.65
227,0.003001411724835634,0.0020259488684435684,0.975462814172109,0.006638715509325266,0.06620807200670242,0.6
228,0.0029782093906154236,0.0020130284285793704,0.9651808977127075,0.007534132804721594,0.06971512734889984,0.6
229,0.002624603779986501,0.0018158937493960063,0.808709994951884,0.008298619650304317,0.07773348689079285,0.6166666666666667
230,0.002956881358598669,0.0018502909690141678,1.1065903226534526,0.004687895067036152,0.05445623770356178,0.5833333333333334
231,0.0030569263578703004,0.0020276227965950965,1.029303495089213,0.004271493759006262,0.052598245441913605,0.65
232,0.002895182891127964,0.0020196876721456647,0.875495187441508,0.009203197434544563,0.07535573840141296,0.5666666666666667
233,0.002913760533556342,0.0020733811426907776,0.8403793931007385,0.006452224217355251,0.06882407516241074,0.5666666666666667
234,0.0028437731554731725,0.0020651416930680473,0.7786314050356548,0.005457492079585791,0.057908762246370316,0.6
235,0.0027183033836384613,0.0019457917738084991,0.7725115974744161,0.008516507223248482,0.07058490812778473,0.6166666666666667
236,0.00275446439627558,0.001885977682347099,0.8684866825739542,0.010494672693312168,0.082376629114151,0.55
237,0.0028966000924507775,0.0019782495607311525,0.9183504899342855,0.007830820046365261,0.07115146517753601,0.6166666666666667
238,0.0031170477624982594,0.0020987636720140776,1.0182839949925742,0.008441139943897724,0.0772128775715828,0.4666666666666667
239,0.003671679412946105,0.0026447350780169168,1.0269442399342854,0.008014808408915997,0.07148107141256332,0.6166666666666667
240,0.0029723184648901223,0.002000774683741232,0.9715437531471253,0.0055524869821965694,0.06065952777862549,0.6
241,0.002903538290411234,0.0020342066806430617,0.8693315267562867,0.006607507821172476,0.06460516154766083,0.65
242,0.002811512319991986,0.002054086700081825,0.757425594329834,0.004424743819981813,0.05464637652039528,0.65
243,0.0027842222712934016,0.0019826015302290517,0.8016206979751587,0.00579342246055603,0.058181032538414,0.55
244,0.0026226067915558816,0.0018040037558724484,0.818602999051412,0.009946772828698158,0.08068351447582245,0.6166666666666667
245,0.0029140665040661893,0.002009554432394604,0.9045120636622112,0.006242005620151758,0.06324799358844757,0.48333333333333334
246,0.00253346535221984,0.0017215857980772853,0.8118795315424602,0.005208227317780256,0.058015573769807816,0.43333333333333335
247,0.002850301517173648,0.0018301118087644377,1.0201896945635478,0.0056347777135670185,0.061529599130153656,0.5666666666666667
248,0.003427457499007384,0.002284606103785336,1.1428513526916504,0.005824694875627756,0.06090231612324715,0.6166666666666667
249,0.002740592835471034,0.001818908347437779,0.9216844399770101,0.007863440550863743,0.06689189374446869,0.65
250,0.0027376667285958925,0.0017930434085428714,0.9446232835451762,0.009850243106484413,0.07693517953157425,0.65
251,0.002811704234530528,0.0018222296222423515,0.9894745628039042,0.007756524253636599,0.06701800972223282,0.6333333333333333
252,0.0025415304504955807,0.0017368019403268893,0.8047285079956055,0.006877085659652948,0.07008210569620132,0.65
253,0.002532512058193485,0.0016766451337995628,0.8558668851852417,0.005198283586651087,0.05901108309626579,0.38333333333333336
254,0.002490641176700592,0.001635098496141533,0.8555426001548767,0.008487238548696041,0.07503335177898407,0.6
255,0.0023878904059529303,0.001628269744105637,0.7596206108729044,0.006119887810200453,0.06038287654519081,0.6
256,0.002270073109927277,0.0015213053983946642,0.7487676541010538,0.005710231605917215,0.05632559955120087,0.5166666666666667
257,0.002356062891582648,0.001501289405860007,0.8547734340031942,0.008447256870567799,0.07656248658895493,0.6
258,0.0026612982619553804,0.0017477272544056178,0.9135709524154663,0.006859397049993277,0.06280384957790375,0.55
259,0.0028657593143483003,0.0020131958726172646,0.8525634249051411,0.005110219586640596,0.05753101035952568,0.5166666666666667
260,0.002942225895822048,0.0019711224362254144,0.9711034059524536,0.009713885374367237,0.07602952420711517,0.5333333333333333
261,0.0028584071745475135,0.0020307870387720564,0.8276200771331788,0.01310758013278246,0.08576161414384842,0.5166666666666667
262,0.0026217514959474405,0.0016802308731712402,0.9415205915768942,0.005518824327737093,0.059923648834228516,0.5333333333333333
263,0.002864154412721594,0.0019250613171607257,0.9390930851300557,0.006163045298308134,0.060513511300086975,0.6333333333333333
264,0.0026895542008181414,0.0017308753682300448,0.9586788018544515,0.010922756977379322,0.0863833948969841,0.5333333333333333
265,0.0028712185565382244,0.001845758183238407,1.0254603385925294,0.008665322326123714,0.07274334877729416,0.6166666666666667
266,0.002776760421693325,0.0017571554946092269,1.0196048418680828,0.008812839165329933,0.07862842828035355,0.5333333333333333
267,0.0027608677434424558,0.0018181597348302602,0.9427079916000366,0.006386253517121077,0.06437715142965317,0.6166666666666667
268,0.002949573844671249,0.0019707828992977738,0.9787909150123596,0.006138024386018515,0.06041397154331207,0.5833333333333334
269,0.002641243999823928,0.0017821909006064138,0.8590530673662822,0.008170810528099537,0.07232401520013809,0.5
270,0.002578592261609932,0.0017261267018814882,0.8524655183156331,0.008370636962354183,0.07723676413297653,0.6166666666666667
271,0.002553459342258672,0.0017189368644418815,0.8345224579175313,0.014827551320195198,0.09419628977775574,0.5833333333333334
272,0.0028317895562698443,0.0018740475798646608,0.9577419201533,0.0072133527137339115,0.06534741818904877,0.6333333333333333
273,0.0028977522316078344,0.0019933429430238903,0.9044092377026876,0.007680550217628479,0.07186225056648254,0.6166666666666667
274,0.0026992176038523517,0.001796384109184146,0.9028334856033325,0.005466269329190254,0.058807555586099625,0.5833333333333334
275,0.0029819090229769546,0.0020646237690622607,0.9172851880391438,0.007245766930282116,0.06417682021856308,0.5666666666666667
276,0.002701224604000648,0.001846747457360228,0.8544771353403727,0.006621704436838627,0.0679333359003067,0.6333333333333333
277,0.003168703941628337,0.002143025848393639,1.0256780505180358,0.007754364050924778,0.07125557959079742,0.5833333333333334
278,0.00308967634725074,0.0021192337774361175,0.970442525545756,0.007821391336619854,0.0683133527636528,0.6
279,0.0025392588848869007,0.0017025349816928307,0.8367238322893779,0.011215358041226864,0.0891890674829483,0.5833333333333334
280,0.0024533952896793683,0.0015556933901583155,0.8977018276850383,0.010063422843813896,0.07773999124765396,0.65
281,0.0026141584229966005,0.0017638296044121186,0.850328783194224,0.00518104387447238,0.06043664738535881,0.4166666666666667
282,0.0024376034503802656,0.001638989542455723,0.7986138582229614,0.006898232735693455,0.06660783290863037,0.6166666666666667
283,0.0025781690143048762,0.0016273575679709514,0.9508114298184712,0.009556093253195286,0.0803227499127388,0.5666666666666667
284,0.002624134672805667,0.0017907413654029368,0.8333932956059774,0.006674517877399921,0.06522467732429504,0.6333333333333333
285,0.0025680764423062405,0.0017662412719801068,0.8018351594607035,0.005370122846215963,0.05656851455569267,0.6166666666666667
286,0.0024843735465159018,0.0017336583696305752,0.7507151206334431,0.006541323848068714,0.06629205495119095,0.5333333333333333
287,0.002779365424066782,0.001960544295919438,0.818821108341217,0.0068731000646948814,0.06605944037437439,0.5666666666666667
288,0.0021658848971128465,0.0014399583878306052,0.7259264866511027,0.007387659512460232,0.06591617316007614,0.55
289,0.0023138826014474033,0.00156283526836584,0.7510473052660624,0.006466894876211882,0.06209990009665489,0.6333333333333333
290,0.002930073409030835,0.0018581612889344494,1.0719121019045512,0.008337978273630142,0.07224440574645996,0.55
291,0.0027196789470811684,0.0018080249545164406,0.9116539319356283,0.0075285364873707294,0.0674218237400055,0.6166666666666667
292,0.00272736307233572,0.0018233228552465637,0.9040401538213094,0.006679213605821133,0.06208807975053787,0.45
293,0.002675094393392404,0.001796158100478351,0.8789362192153931,0.007429957389831543,0.07013324648141861,0.6166666666666667
294,0.002470130007714033,0.0016619622358120978,0.8081677317619324,0.00603625038638711,0.06381355971097946,0.5666666666666667
295,0.002517936999599139,0.0017230362088109057,0.7949006915092468,0.005181283224374056,0.055015016347169876,0.6166666666666667
296,0.002531006249288718,0.001730663391451041,0.8003427863121033,0.006933317985385656,0.0681961327791214,0.5166666666666667
297,0.002591483985694746,0.001699859726553162,0.8916242003440857,0.011313406750559807,0.08675166964530945,0.65
298,0.003065467424069842,0.0020333374462400875,1.032129947344462,0.007956746965646744,0.07254619151353836,0.36666666666666664
299,0.0030832793563604355,0.0019472004923348626,1.1360788226127625,0.007599047850817442,0.07179312407970428,0.6
300,0.002565479418262839,0.0016124430733422438,0.9530362685521444,0.00655809510499239,0.06322456151247025,0.6333333333333333
301,0.0026136344609161218,0.0017283311036104957,0.8853033185005188,0.010966813191771507,0.08043621480464935,0.6166666666666667
302,0.002985056101654967,0.002099388767965138,0.8856672962506612,0.006947552785277367,0.06553903967142105,0.6833333333333333
303,0.0026916752258936564,0.0017480282733837763,0.9436468958854676,0.01197771541774273,0.09070710837841034,0.6333333333333333
304,0.0023230833544706305,0.0014816969633102417,0.841386346022288,0.006900458596646786,0.06406648457050323,0.6333333333333333
305,0.0022712248377501965,0.0013754839543253182,0.8957408666610718,0.009943234734237194,0.0786951407790184,0.6333333333333333
306,0.0022690174790720146,0.0014509108538428943,0.8181065678596496,0.007276035845279694,0.06652380526065826,0.5666666666666667
307,0.0025671334316333134,0.0015850502609585722,0.9820830980936687,0.009062087163329124,0.07891881465911865,0.5666666666666667
308,0.0021357859562461576,0.0013963551415751378,0.7394307891527812,0.009066015481948853,0.0763479620218277,0.5166666666666667
309,0.002232222872165342,0.0014986523427069187,0.7335705041885376,0.005955704487860203,0.0593821182847023,0.5666666666666667
310,0.002300823852419853,0.0015088750825574002,0.7919487198193867,0.006044067442417145,0.060632333159446716,0.55
311,0.0022529224554697675,0.0014796022636195023,0.7733201424280802,0.010261910036206245,0.07966908812522888,0.6
312,0.002257589514677723,0.001454792412308355,0.8027970472971598,0.011756744235754013,0.08329960703849792,0.55
313,0.002336803583117823,0.001525716468070944,0.8110870639483134,0.011731969192624092,0.08832342177629471,0.48333333333333334
314,0.0021132482293372353,0.001371683180332184,0.7415650089581808,0.009119831956923008,0.0736832395195961,0.5
315,0.0022846876410767434,0.0015256820324187478,0.7590055624643962,0.009977291338145733,0.07595952600240707,0.6
316,0.002112350038563212,0.0013254890800453722,0.7868608991305034,0.00959158968180418,0.07487230002880096,0.5833333333333334
317,0.002302171243354678,0.0014168547039541104,0.8853164831797282,0.009457594715058804,0.07586094737052917,0.45
318,0.0023372094612568615,0.0014273494365625084,0.9098600228627522,0.009908384643495083,0.07928749918937683,0.55
319,0.002494827510478596,0.0016405097829798856,0.8543176690737406,0.009541804902255535,0.07453511655330658,0.5333333333333333
320,0.0024630923600246508,0.0016683247949307164,0.7947675387064616,0.008714600466191769,0.07187000662088394,0.55
321,0.0022922572136546177,0.0015374637364099423,0.7547934571901957,0.017907563596963882,0.10013791918754578,0.6
322,0.0020783012888083855,0.00137004970262448,0.7082515597343445,0.015221387147903442,0.09728744626045227,0.4666666666666667
323,0.002226519064667324,0.0014189801877364516,0.8075388709704081,0.011979342438280582,0.08736195415258408,0.6
324,0.0022165030241012573,0.0014813277870416642,0.7351752042770385,0.009971991181373596,0.07592950016260147,0.5666666666666667
325,0.0020359702485923965,0.0013106366153806449,0.725333591302236,0.008325450122356415,0.06903428584337234,0.6
326,0.002098747133277357,0.0013520748587325215,0.7466722249984741,0.0115501182153821,0.08146646618843079,0.6166666666666667
327,0.002143529709428549,0.001412059599533677,0.7314700682957967,0.009092086926102638,0.07404042780399323,0.5
328,0.0022104277818774183,0.0014595661351146797,0.7508616407712301,0.012283435091376305,0.08587682247161865,0.5666666666666667
329,0.002347714143494765,0.001569136589144667,0.7785775144894918,0.008142600767314434,0.0703958049416542,0.43333333333333335
330,0.002480556396767497,0.0015427635905022423,0.9377927859624227,0.006658767815679312,0.06746473163366318,0.65
331,0.0024063371665154895,0.0015787219861522316,0.8276151458422343,0.01018019299954176,0.07865685969591141,0.5333333333333333
332,0.0021913120911146206,0.0013935860362835229,0.7977260152498881,0.010444176383316517,0.0845157727599144,0.5166666666666667
333,0.0025022746141379077,0.001707101403735578,0.7951731642087301,0.010454571805894375,0.08016256242990494,0.5666666666666667
334,0.0021487369434908033,0.0014545834545666972,0.6941534558931987,0.00782131776213646,0.06877463310956955,0.5666666666666667
335,0.0020649265420312683,0.0014095854285794,0.6553410847981771,0.00995491910725832,0.07825615257024765,0.5833333333333334
336,0.002290050095568101,0.001476103370077908,0.8139466921488444,0.01280809473246336,0.08791360259056091,0.55
337,0.002189952414482832,0.001402842637617141,0.7871097564697266,0.008668093010783195,0.07407280057668686,0.6166666666666667
338,0.0023861754375199477,0.0015148708868461351,0.8713045358657837,0.0156300887465477,0.09316080063581467,0.45
339,0.0024483553133904934,0.0015493133260558048,0.8990419109662374,0.016450779512524605,0.10288050025701523,0.5166666666666667
340,0.0029640833226342997,0.0017886704299598932,1.1754127780596415,0.007264704443514347,0.06777762621641159,0.45
341,0.002587064541876316,0.0016513720775643984,0.9356924295425415,0.018771464005112648,0.10600118339061737,0.6
342,0.0021471032484744984,0.0014498345437459648,0.6972686648368835,0.010906980372965336,0.08046547323465347,0.45
343,0.002367751051982244,0.0015281219501048326,0.8396290302276611,0.008837061934173107,0.07757343351840973,0.5333333333333333
344,0.002545955606425802,0.0015868415396350125,0.9591139992078145,0.012157321907579899,0.08729056268930435,0.5833333333333334
345,0.0022022265552853544,0.001422794225315253,0.7794322768847147,0.01048224326223135,0.0772152841091156,0.6333333333333333
346,0.001942472377171119,0.0012207759505448242,0.7216964364051819,0.012760461308062077,0.08407357335090637,0.5
347,0.0021696988337983687,0.001378858155415704,0.7908406337102254,0.010020161978900433,0.077549509704113,0.65
348,0.0024200549737239878,0.0015539026198287805,0.8661523540814717,0.009354599751532078,0.07350841164588928,0.5166666666666667
349,0.0024232307992254694,0.0015336591207111875,0.8895716468493143,0.009634295478463173,0.07413694262504578,0.5666666666666667
350,0.0025953549891710283,0.0016444473682592313,0.950907564163208,0.010104977525770664,0.07624758034944534,0.5666666666666667
351,0.002362323272973299,0.001512708025984466,0.8496152281761169,0.014758381992578506,0.09341751784086227,0.4666666666666667
352,0.0027966153342276812,0.0017910279023150603,1.005587379137675,0.012759356759488583,0.08377960324287415,0.5833333333333334
353,0.002433250076137483,0.0015320119719641903,0.9012380679448445,0.017550216987729073,0.10500326007604599,0.4666666666666667
354,0.0021506621036678553,0.0013684725815740725,0.7821894665559133,0.009162778034806252,0.0741678774356842,0.4
355,0.002055906473348538,0.0012487000126081209,0.8072064359982808,0.013704238459467888,0.0878373384475708,0.48333333333333334
356,0.00245835455134511,0.0015442078855509558,0.9141465942064921,0.010139995254576206,0.07901521772146225,0.5833333333333334
357,0.002483340484711031,0.0015490136652564009,0.9343267877896627,0.01351800188422203,0.08777555078268051,0.48333333333333334
358,0.002170472025560836,0.0013506068343607089,0.8198651750882466,0.01273677684366703,0.08382780849933624,0.5333333333333333
359,0.0021446889421592157,0.0013411608679840962,0.8035280426343282,0.013447494246065617,0.08647273480892181,0.5166666666666667
360,0.002242040967879196,0.001406983332708478,0.8350576003392537,0.015382587909698486,0.09424563497304916,0.5166666666666667
361,0.0025104902995129424,0.0015705581599225601,0.9399320840835571,0.015510022640228271,0.09704995155334473,0.43333333333333335
362,0.0024960136661926905,0.0015255610963019232,0.9704525311787923,0.010512545704841614,0.07984357327222824,0.45
363,0.002391528741767009,0.0014196779889365037,0.9718507329622904,0.009423120878636837,0.07672122865915298,0.5666666666666667
364,0.002488994939873616,0.0015641286076667408,0.9248662988344828,0.009323506616055965,0.07876335829496384,0.55
365,0.0021366071964924534,0.0014098862574125329,0.726720913251241,0.007893200032413006,0.06912637501955032,0.4166666666666667
366,0.002300868129047255,0.0013833441499931118,0.9175239721934001,0.013638949021697044,0.09244789928197861,0.48333333333333334
367,0.0023006597223381203,0.001446893415413797,0.8537662744522094,0.010569172911345959,0.08090213686227798,0.55
368,0.0021971691865473987,0.001413424111281832,0.7837450345357259,0.010979476384818554,0.07996057718992233,0.5
369,0.0020111490273848178,0.0012981263765444357,0.7130226294199625,0.011203691363334656,0.08270937949419022,0.5
370,0.0020099571673199536,0.001297674161226799,0.7122829675674438,0.007575842551887035,0.07091784477233887,0.43333333333333335
371,0.0021817171325286227,0.001494414060531805,0.6873030523459117,0.007734647020697594,0.06978628039360046,0.5333333333333333
372,0.0019500103235865632,0.0012327646914248665,0.7172455946604411,0.009299357421696186,0.07525912672281265,0.5333333333333333
373,0.0023184617593263587,0.0014325023628771305,0.8859593272209167,0.0075377835892140865,0.06664809584617615,0.55
374,0.002051845914684236,0.0012482491205446423,0.8035967508951823,0.011275401338934898,0.08110883831977844,0.5333333333333333
375,0.0019727847538888454,0.0012488544297715029,0.7239302714665731,0.010825453326106071,0.08657999336719513,0.35
376,0.002279185821923117,0.0014605442450071374,0.8186415115992228,0.011152545921504498,0.0836954340338707,0.5833333333333334
377,0.0021394587121903895,0.001367594658707579,0.7718640128771465,0.00894773006439209,0.07238776236772537,0.6
378,0.0022824822614590325,0.0013360859515766303,0.946396287282308,0.008129057474434376,0.07209675759077072,0.6
379,0.0023739299659306804,0.0015233679790981115,0.8505619406700134,0.009120834991335869,0.07372303307056427,0.5
380,0.001915748200068871,0.0012419174037252864,0.6738307515780131,0.019660992547869682,0.10524798929691315,0.5666666666666667
381,0.0026409728452563286,0.001539057462165753,1.1019153277079263,0.007621746975928545,0.06799502670764923,0.43333333333333335
382,0.00218564352641503,0.0012994898677182694,0.8861536145210266,0.00936942920088768,0.07682833820581436,0.4
383,0.002209814451634884,0.0013065564834202328,0.903257938226064,0.017309535294771194,0.09733153134584427,0.5833333333333334
384,0.0022256623022258283,0.0013016686309129,0.9239935994148254,0.008369699120521545,0.06995013356208801,0.5333333333333333
385,0.0018676460798208911,0.0011351535562425853,0.7324924906094868,0.008116217330098152,0.06706154346466064,0.55
386,0.002019603946246207,0.0012179579314154883,0.8016459743181864,0.011508269235491753,0.08120102435350418,0.5333333333333333
387,0.0018945737819497785,0.001230099176367124,0.6644745945930481,0.009437833912670612,0.07399370521306992,0.5666666666666667
388,0.0018441033161555728,0.0011795107973739504,0.66459246079127,0.011222959496080875,0.08022401481866837,0.5
389,0.0019813266427566607,0.0013197249926937124,0.6616016328334808,0.015385817736387253,0.09134863317012787,0.6
390,0.001806373397509257,0.0011014343161756793,0.7049390554428101,0.018062371760606766,0.10150248557329178,0.5833333333333334
391,0.0018182299720744292,0.001117416665268441,0.7008132616678874,0.007532721851021051,0.07102136313915253,0.6
392,0.0018697465614726145,0.0011458361016896863,0.7239104151725769,0.0076942662708461285,0.06680212169885635,0.6166666666666667
393,0.002157252149966856,0.0013033108126061657,0.853941281636556,0.011358420364558697,0.0832025334239006,0.5833333333333334
394,0.0021560737552742165,0.0013612736171732347,0.7948001146316528,0.009326253086328506,0.07877638936042786,0.5166666666666667
395,0.0020754893387978277,0.0013059682562015951,0.7695210297902425,0.009005767293274403,0.07223392277956009,0.5166666666666667
396,0.0026994038994113605,0.0017451163614168764,0.9542874813079834,0.010631763376295567,0.0764615386724472,0.55
397,0.002226931229233742,0.001336864661425352,0.8900665442148844,0.011809011921286583,0.07945337146520615,0.6166666666666667
398,0.002067101707992454,0.0011974806625706454,0.8696209867795308,0.009730604477226734,0.0742049589753151,0.5166666666666667
399,0.0020825529005378484,0.0012677319852324824,0.8148208737373352,0.010133175179362297,0.0726974681019783,0.48333333333333334
400,0.001981540909036994,0.0012961938239944477,0.6853470365206401,0.013503745198249817,0.08777929097414017,0.6
401,0.0018784759799018503,0.0011525362147949635,0.7259397387504578,0.01192117016762495,0.0832822173833847,0.5
402,0.0017312516768773396,0.0011177280102856457,0.6135236382484436,0.011043657548725605,0.07949934899806976,0.5
403,0.0017182022876416644,0.001107356456729273,0.6108458002408346,0.014202713966369629,0.09031478315591812,0.45
404,0.001796611080256601,0.0011700421222485603,0.6265689055124919,0.00896376557648182,0.07049043476581573,0.6166666666666667
405,0.001932974625378847,0.0012900503197064003,0.6429243087768555,0.01039541233330965,0.0738179162144661,0.5833333333333334
406,0.0019750926333169144,0.001352137583307922,0.6229550381501515,0.011961727403104305,0.0814082995057106,0.5
407,0.0022854352835565807,0.0013585684937424958,0.9268667737642924,0.011392349377274513,0.0811692327260971,0.5166666666666667
408,0.002019925167163213,0.0013024284814794858,0.717496641476949,0.020128173753619194,0.12007008492946625,0.38333333333333336
409,0.0020265184342861176,0.0013114715150247017,0.7150468866030375,0.011475912295281887,0.0831238329410553,0.55
410,0.0019811858345444005,0.0012916600642104944,0.6895257512728373,0.012393034063279629,0.08325237780809402,0.6333333333333333
411,0.0019318338949233294,0.0012702173048940797,0.661616591612498,0.015628354623913765,0.09540081769227982,0.55
412,0.001847617281600833,0.0011227644863538444,0.7248527646064759,0.01002186443656683,0.07812123000621796,0.5166666666666667
413,0.00196520295770218,0.0012080350968365868,0.7571678280830383,0.010368346236646175,0.07672370970249176,0.6333333333333333
414,0.0021967034010837477,0.0012955467527111372,0.9011565883954366,0.010382669977843761,0.07833147048950195,0.5166666666666667
415,0.0019516488304361702,0.0011500846012495458,0.8015641927719116,0.015921255573630333,0.0988965779542923,0.4166666666666667
416,0.0022273693000897767,0.001228940145423015,0.9984291513760885,0.01019367203116417,0.07688485085964203,0.5666666666666667
417,0.001918634974087278,0.00119889973429963,0.7197351892789204,0.00864857342094183,0.07409338653087616,0.5166666666666667
418,0.0016559918799127142,0.0010031907741601268,0.6528010884920756,0.012771730311214924,0.08634279668331146,0.6
419,0.001794794046630462,0.0011212648629831772,0.6735291282335917,0.010218045674264431,0.0766228660941124,0.5666666666666667
420,0.0018168777072181304,0.0011964677522579828,0.6204099078973134,0.011807499453425407,0.08661646395921707,0.2833333333333333
421,0.0020113161221767466,0.0012486479051100712,0.7626681566238404,0.013886100612580776,0.08978917449712753,0.5
422,0.002084740553982556,0.0012472673513305684,0.8374731699625652,0.01748592220246792,0.1022610291838646,0.4666666666666667
423,0.0021557630815853676,0.0013628003691943983,0.7929627140363057,0.01548681128770113,0.09777709096670151,0.4666666666666667
424,0.002265440789051354,0.0014920402434654533,0.7734005252520243,0.016145123168826103,0.09674854576587677,0.5333333333333333
425,0.002044278212512533,0.00136508506257087,0.679193119208018,0.014584953896701336,0.089220330119133,0.5666666666666667
426,0.0018786102766171098,0.0012724069451602797,0.6062033037344615,0.011306285858154297,0.07872509211301804,0.55
427,0.0016090982515985766,0.0009947201935574413,0.6143780370553334,0.010635484009981155,0.0750068947672844,0.5666666666666667
428,0.0016704092733561993,0.0010381893875698249,0.6322198649247487,0.013899939134716988,0.08916935324668884,0.48333333333333334
429,0.0019262333788598576,0.0011149999918416142,0.8112333615620931,0.013321937993168831,0.08273487538099289,0.6
430,0.0021624333147580426,0.001224877250691255,0.9375560283660889,0.011953424662351608,0.07875923812389374,0.5
431,0.002416940956997375,0.0014012418764953812,1.0156990528106689,0.01691378839313984,0.10055578500032425,0.4666666666666667
432,0.00228713514128079,0.0013648207454631726,0.9223143339157105,0.018760863691568375,0.101955346763134,0.55
433,0.0017503399479513366,0.0010882600753878554,0.6620798468589782,0.01568949595093727,0.09343843907117844,0.5166666666666667
434,0.001594743326616784,0.0009802313172258437,0.6145119706789652,0.012323594652116299,0.08453430980443954,0.4
435,0.0016006718544910351,0.0009937392237285773,0.6069325983524323,0.014004142954945564,0.08898377418518066,0.55
436,0.002145797216023008,0.0012995294411666692,0.8462677518526713,0.011765425093472004,0.08024609833955765,0.5833333333333334
437,0.0018623578129336239,0.001160053388836483,0.7023043990135193,0.0129184415563941,0.08363009244203568,0.5166666666666667
438,0.0017323295508200923,0.0011306254270796975,0.6017041027545929,0.014551625587046146,0.08872080594301224,0.55
439,0.0016527277107040088,0.0010362168968034288,0.6165107826391856,0.015507182106375694,0.09297625720500946,0.5333333333333333
440,0.001817750030507644,0.0010881442887087664,0.7296057065327962,0.014967604540288448,0.09417077153921127,0.5833333333333334
441,0.0017662420325602094,0.0010780325663896897,0.6882094422976176,0.012035650201141834,0.08141438663005829,0.5333333333333333
442,0.0016989942407235504,0.0010298147797584533,0.6691794176896413,0.014920597895979881,0.091576486825943,0.6
443,0.0015627366490662097,0.0009558894050618013,0.606847200791041,0.009079075418412685,0.06976234912872314,0.45
444,0.001716120021107296,0.001095052897774925,0.6210670987764995,0.012844694778323174,0.08476641029119492,0.55
445,0.0018330149042109648,0.001107640479070445,0.7253743608792623,0.015368944965302944,0.09401970356702805,0.5166666666666667
446,0.0019240686825166145,0.0011390907689929008,0.7849778652191162,0.021936094388365746,0.11040899902582169,0.5166666666666667
447,0.002496314514428377,0.0014169035091375311,1.0794109423955283,0.010986643843352795,0.07870252430438995,0.5166666666666667
448,0.0025627399794757367,0.0014352081576362251,1.1275317549705506,0.009963799268007278,0.07472056895494461,0.5333333333333333
449,0.002258668824409445,0.0012778423260897398,0.9808264454205831,0.01795623078942299,0.09707851707935333,0.5166666666666667
450,0.002125201335487266,0.0012858587084338068,0.8393426020940145,0.015578336082398891,0.09191415458917618,0.5666666666666667
451,0.002336704909491042,0.0015499279834330082,0.7867769042650858,0.016206044703722,0.09836674481630325,0.4666666666666667
452,0.002092427907822033,0.0013200521391505996,0.77237575451533,0.015857575461268425,0.09431758522987366,0.55
453,0.0021974197744081417,0.0013023128927064438,0.895106828212738,0.011447877623140812,0.07768777012825012,0.48333333333333334
454,0.0023649019189178945,0.0013481028960086404,1.0167989691098531,0.02289804257452488,0.11794230341911316,0.48333333333333334
455,0.0019754611887037752,0.0012067227934797605,0.7687383492787679,0.014898744411766529,0.09124109894037247,0.4666666666666667
456,0.002179151556144158,0.0013670633624618253,0.812088151772817,0.01470651850104332,0.09045721590518951,0.5666666666666667
457,0.002063457326342662,0.0012701846659183501,0.7932726303736369,0.014877859503030777,0.09318806976079941,0.5333333333333333
458,0.0019247941517581543,0.0012407276003311078,0.6840664982795716,0.01240850891917944,0.08115233480930328,0.5333333333333333
459,0.0018272982095368206,0.0012500512219655016,0.5772469401359558,0.009906294755637646,0.0731564313173294,0.5333333333333333
460,0.001983959957336386,0.0012912226685633263,0.6927372515201569,0.013703796081244946,0.08903373777866364,0.55
461,0.002221917655939857,0.0013505212768601875,0.8713963429133097,0.01948521099984646,0.10920056700706482,0.5833333333333334
462,0.0016800836116696398,0.001070748595520854,0.6093349655469259,0.010688005946576595,0.07810289412736893,0.5
463,0.0016052138836433491,0.0009829631734949848,0.6222506781419118,0.01368008553981781,0.08678840845823288,0.55
464,0.0018104046893616518,0.001096693267269681,0.7137113968531291,0.014325338415801525,0.09093889594078064,0.5833333333333334
465,0.0019623236265033485,0.00118985742640992,0.7724661568800608,0.012222076766192913,0.08448705077171326,0.4666666666666667
466,0.0018962626966337363,0.001096891425549984,0.7993712504704793,0.013696457259356976,0.08737189322710037,0.48333333333333334
467,0.0016278419721250732,0.0009861472683648268,0.6416946788628896,0.014440154656767845,0.09349222481250763,0.5333333333333333
468,0.0018121453312536081,0.001082075220377495,0.7300700743993124,0.013691713102161884,0.08891946822404861,0.5666666666666667
469,0.001689439647210141,0.0010871225851587952,0.6023170451323191,0.01302479300647974,0.08420217782258987,0.43333333333333335
470,0.001633451091280828,0.0010296889347955584,0.603762149810791,0.011852031573653221,0.08017899096012115,0.5333333333333333
471,0.001667292951606214,0.0010519347464044888,0.6153581937154134,0.010369735769927502,0.07556085288524628,0.5
472,0.0018478048034012318,0.0011646642116829753,0.6831405719121297,0.017637940123677254,0.10107864439487457,0.5333333333333333
473,0.0018978207682569823,0.0011490536116374036,0.748767097791036,0.021512683480978012,0.11509248614311218,0.43333333333333335
474,0.0016575034474954008,0.0010800237068906426,0.5774797221024831,0.016760211437940598,0.10277089476585388,0.43333333333333335
475,0.0015828128438442946,0.0010049271474902829,0.5778856794039409,0.016208773478865623,0.09486643224954605,0.5
476,0.0016653507404650251,0.0010416019358672202,0.623748763402303,0.017517102882266045,0.10045640915632248,0.48333333333333334
477,0.0019150663632899524,0.0011624189636980494,0.7526473681131999,0.016767654567956924,0.09885068982839584,0.5166666666666667
478,0.0019874441747864085,0.0012129326661427817,0.774511472384135,0.01997438259422779,0.1103760153055191,0.4666666666666667
479,0.0023925766892110307,0.0013792207813821734,1.0133558233579,0.014618652872741222,0.09017538279294968,0.5
480,0.0018809231308599312,0.0010854068134600917,0.7955162604649861,0.010958915576338768,0.07592745125293732,0.5
481,0.0018079984855527678,0.00110975195808957,0.6982464869817098,0.019087912514805794,0.10412811487913132,0.5333333333333333
482,0.0016940525034442543,0.0010786791681312025,0.615373303492864,0.014853259548544884,0.09464876353740692,0.5166666666666667
483,0.001722778775729239,0.001120569227108111,0.6022095203399658,0.011903118342161179,0.0829862579703331,0.55
484,0.0018113170051947236,0.0011549303967816134,0.6563865939776102,0.016056446358561516,0.09574604034423828,0.4666666666666667
485,0.0018058985316505036,0.0011562068558608493,0.649691657225291,0.017562149092555046,0.10586707293987274,0.4666666666666667
486,0.0016878159328674277,0.0010055707806410888,0.6822451035181681,0.014626297168433666,0.09048990905284882,0.5
487,0.0014906705512354771,0.000948759300323824,0.5419112245241801,0.019119221717119217,0.10594639927148819,0.5666666666666667
488,0.0014261656751235327,0.0008532226434908807,0.572942998011907,0.012842231430113316,0.0852213203907013,0.55
489,0.001563993205005924,0.0009678163507487625,0.596176811059316,0.01184060238301754,0.07949566841125488,0.5166666666666667
490,0.001413682980152468,0.0008801380133566757,0.5335449238618215,0.015808437019586563,0.09509487450122833,0.48333333333333334
491,0.001984428078867495,0.0012187957763671875,0.7656322360038758,0.012572604231536388,0.083274707198143,0.5166666666666667
492,0.002104326399664084,0.0014083621518996856,0.6959642330805461,0.013765692710876465,0.08689316362142563,0.5333333333333333
493,0.0020835515422125655,0.0013233264636558792,0.7602250277996063,0.02159491367638111,0.11430776864290237,0.5333333333333333
494,0.001578331715427339,0.0010125366350015005,0.5657950441042582,0.016130711883306503,0.0961470827460289,0.5166666666666667
495,0.0015718385965252915,0.00098037588953351,0.5914626916249593,0.011230554431676865,0.07920141518115997,0.5
496,0.0016155675907308857,0.0009517114066208402,0.663856158653895,0.015555248595774174,0.09383603185415268,0.5666666666666667
497,0.0018716825249915322,0.0012074116074169674,0.6642709076404572,0.015857750549912453,0.09479463845491409,0.5166666666666667
498,0.0015881790469090143,0.0009296336094848812,0.6585454185803731,0.011825991794466972,0.08314879238605499,0.5333333333333333
499,0.0015901774711286028,0.0009118934899258117,0.6782839715480804,0.01707889698445797,0.10100608319044113,0.5833333333333334
500,0.0014989712353174886,0.0009080906631425024,0.590880544980367,0.020812740549445152,0.10987308621406555,0.5666666666666667
