epoch,train_loss,rmse_loss,trend_loss,val_rmse,val_trend_acc
0,0.1753019616007805,0.16602328767379124,9.278676827748617,0.09803638607263565,0.5666666666666667
1,0.06573204671343168,0.06270585159460704,3.026194922129313,0.09283047169446945,0.5416666666666666
2,0.05024165684978167,0.04851583068569501,1.7258261601130167,0.08070313930511475,0.48333333333333334
3,0.04834664314985275,0.046680667499701185,1.66597584883372,0.07188630104064941,0.48333333333333334
4,0.04289018735289574,0.04159369220336278,1.2964948972066244,0.06856203824281693,0.4583333333333333
5,0.0460671417415142,0.04462973823149999,1.4374033053716024,0.08003345876932144,0.475
6,0.04898978074391683,0.047068619479735695,1.9211609760920207,0.078023761510849,0.45
7,0.04367871209979057,0.04223893756667773,1.4397740523020426,0.07211075723171234,0.4666666666666667
8,0.04346342658003171,0.04216466248035431,1.2987638076146444,0.07394228130578995,0.44166666666666665
9,0.0425681638220946,0.04126872792840004,1.2994352380434673,0.07090499252080917,0.44166666666666665
10,0.041574501991271974,0.040390046189228694,1.1844557444254558,0.07211015373468399,0.49166666666666664
11,0.046091350416342415,0.044913074001669884,1.1782768487930297,0.07167843729257584,0.4666666666666667
12,0.04219449882706006,0.04113986790180206,1.0546310623486836,0.0725880041718483,0.49166666666666664
13,0.04648791973789533,0.04530512094497681,1.1827986677487692,0.0801110714673996,0.44166666666666665
14,0.04497782761851946,0.04381065840522448,1.167169491449992,0.07281766831874847,0.43333333333333335
15,0.038986764724055926,0.037949746226270994,1.0370187203089396,0.07409247756004333,0.475
16,0.03976510837674141,0.038750359788537025,1.014748454093933,0.07410149276256561,0.49166666666666664
17,0.03971393232544263,0.038530394062399866,1.1835386514663697,0.07546981424093246,0.5083333333333333
18,0.04142610679070155,0.040274411936601,1.151694659392039,0.07300840318202972,0.44166666666666665
19,0.041024433573087056,0.03990471785267194,1.1197154998779297,0.07611066102981567,0.48333333333333334
20,0.04113481342792511,0.04007876664400101,1.0560467759768168,0.07208381593227386,0.43333333333333335
21,0.03964745787282785,0.03867383686204751,0.9736204822858174,0.07649202644824982,0.5166666666666667
22,0.04163453976313273,0.04054080794254939,1.0937315026919048,0.06994084268808365,0.475
23,0.037627310305833814,0.03668418005108833,0.943130366007487,0.07668104022741318,0.5
24,0.04163077572981517,0.04065225819746653,0.9785173376401265,0.07616768777370453,0.5
25,0.03950043407579263,0.038525742540756865,0.9746912678082784,0.07096590101718903,0.4583333333333333
26,0.041304343442122145,0.04032296240329743,0.9813809196154276,0.06966869533061981,0.45
27,0.04050987822314103,0.039495559657613435,1.014318573474884,0.0755620226264,0.49166666666666664
28,0.04138587887088458,0.04028908958037694,1.0967897494633994,0.07757507264614105,0.5
29,0.04183335813383261,0.04058614981671174,1.2472082058588663,0.07962934672832489,0.5416666666666666
30,0.048202262322107954,0.04683890168865522,1.3633606990178426,0.07956386357545853,0.4666666666666667
31,0.04361466442545255,0.04250823482871056,1.1064294497172038,0.06983575224876404,0.5083333333333333
32,0.038531194627285006,0.037600747247536974,0.9304474194844564,0.0717892199754715,0.475
33,0.043675098940730094,0.042676276589433355,0.9988224665323894,0.0724211260676384,0.5
34,0.04550120607018471,0.0444144847492377,1.0867212732632956,0.07304735481739044,0.48333333333333334
35,0.04743967205286026,0.04628681689500809,1.1528553207715353,0.08564931899309158,0.4666666666666667
36,0.043344919880231224,0.04210968787471454,1.2352318604787191,0.07389278709888458,0.5083333333333333
37,0.039839866757392886,0.03877668318649133,1.063183359305064,0.07013493031263351,0.5333333333333333
38,0.03987380241354307,0.038771161685387294,1.102640430132548,0.07519853115081787,0.4583333333333333
39,0.040029112497965494,0.03899875655770302,1.0303562005360922,0.07176452875137329,0.43333333333333335
40,0.04010988548398018,0.03913799561560154,0.971889861424764,0.06886967271566391,0.525
41,0.040879354377587634,0.03953178115189075,1.3475730935732524,0.07305625081062317,0.48333333333333334
42,0.042786765346924466,0.041703615834315616,1.0831494212150574,0.06929036974906921,0.5166666666666667
43,0.039254925151666,0.03828542244931062,0.9695027589797973,0.07727287709712982,0.5166666666666667
44,0.04480622385938962,0.043644208709398905,1.1620151082674661,0.07696530967950821,0.4666666666666667
45,0.04496125827232997,0.04374522467454275,1.216033939520518,0.07286520302295685,0.48333333333333334
46,0.038092848658561704,0.03722097662587961,0.8718720555305481,0.07695624232292175,0.5
47,0.0403897225856781,0.03940758481621742,0.9821378548940023,0.068125419318676,0.475
48,0.038445349285999936,0.03747113284965356,0.9742166876792908,0.0738150104880333,0.48333333333333334
49,0.03925862101217111,0.03833068199455738,0.9279392480850219,0.08008093386888504,0.48333333333333334
50,0.03900190306206544,0.03807666910191377,0.9252342502276103,0.07114299386739731,0.4666666666666667
51,0.03976695400973161,0.03870712382098039,1.059829866886139,0.07018425315618515,0.48333333333333334
52,0.043513441209991774,0.042395820717016856,1.117620015144348,0.07272971421480179,0.49166666666666664
53,0.03934986554086208,0.038398289928833644,0.951575760046641,0.07182017713785172,0.475
54,0.03731972264746825,0.0364836573600769,0.8360649943351746,0.0726657509803772,0.5166666666666667
55,0.04291551373898983,0.04171813217302164,1.1973812659581502,0.07027681171894073,0.5083333333333333
56,0.042033369466662404,0.04098697155714035,1.046398123105367,0.07201451808214188,0.49166666666666664
57,0.04085524429877599,0.03987871656815211,0.9765281319618225,0.07415784895420074,0.49166666666666664
58,0.04000656406084697,0.03894266796608766,1.0638959685961404,0.07439950853586197,0.475
59,0.03966176447769006,0.038591717928647996,1.0700460473696392,0.07370346784591675,0.4666666666666667
60,0.040133447075883545,0.03908212905128797,1.051318621635437,0.07179469615221024,0.4583333333333333
61,0.03784788300593694,0.036991482103864354,0.8564009865125021,0.07448849827051163,0.5083333333333333
62,0.03747545381387075,0.03662876076996326,0.8466928919156392,0.06997797638177872,0.49166666666666664
63,0.036829518526792525,0.035981310283144316,0.8482083837191264,0.074459008872509,0.4583333333333333
64,0.03850586141149203,0.03760320792595546,0.902653431892395,0.07238753885030746,0.5166666666666667
65,0.04125180641810099,0.040111544479926424,1.1402615308761597,0.08107227087020874,0.49166666666666664
66,0.0402096401900053,0.03923072603841623,0.9789139787356059,0.07262459397315979,0.48333333333333334
67,0.0419301504890124,0.04098074237505595,0.9494079788525899,0.07620978355407715,0.4666666666666667
68,0.04050923337539037,0.039553283154964446,0.9559500853220622,0.0712682455778122,0.45
69,0.04150517582893372,0.04043621681630612,1.0689596017201741,0.07259732484817505,0.5166666666666667
70,0.04149866451819738,0.04056193456053734,0.9367301265398661,0.07151540368795395,0.475
71,0.03720582276582718,0.03630105766157309,0.9047649502754211,0.08295067399740219,0.4583333333333333
72,0.044083951786160466,0.043087485680977505,0.9964662472407023,0.07945434749126434,0.49166666666666664
73,0.047318934152523674,0.04608339369297028,1.2355400999387105,0.0757938101887703,0.49166666666666664
74,0.0430818942685922,0.04191844090819359,1.1634535789489746,0.07018319517374039,0.49166666666666664
75,0.042218507081270215,0.041152362277110416,1.066145165761312,0.0710592269897461,0.49166666666666664
76,0.04421636139353116,0.043101641535758975,1.1147199948628743,0.06986308842897415,0.5166666666666667
77,0.040856661399205525,0.03974145762622357,1.115204107761383,0.07989753782749176,0.475
78,0.04463026126225789,0.04327005768815676,1.3602036158243815,0.07555703818798065,0.5083333333333333
79,0.04077419564127922,0.039580681423346205,1.1935140013694763,0.076319620013237,0.5
80,0.04190402378638585,0.04087418615818024,1.029837691783905,0.07393889874219894,0.5
81,0.03914892785251141,0.03799407854676247,1.1548490007718404,0.07082781940698624,0.475
82,0.038210178911685946,0.037102894857525826,1.1072844982147216,0.07258851826190948,0.45
83,0.037965202952424684,0.03692652272681395,1.0386806011199952,0.07184429466724396,0.55
84,0.03725187008579572,0.03618463762104511,1.067232084274292,0.07018188387155533,0.4666666666666667
85,0.036574524268507956,0.03568658865988254,0.8879355033238728,0.07847020030021667,0.4666666666666667
86,0.038261148954431216,0.03733772213260333,0.9234268069267273,0.07205214351415634,0.49166666666666664
87,0.03857771754264831,0.0376345332711935,0.9431843320528667,0.07386494427919388,0.475
88,0.04176904931664467,0.040562429030736286,1.2066204746564229,0.06778058409690857,0.475
89,0.04084913184245428,0.03969848739604155,1.1506442189216615,0.06864113360643387,0.5166666666666667
90,0.0421518474817276,0.04093979199727376,1.212055512269338,0.07533077150583267,0.4583333333333333
91,0.043605616440375645,0.04248960887392362,1.1160077611605326,0.07137148082256317,0.5083333333333333
92,0.04085807477434476,0.039698394884665804,1.1596796631813049,0.07142238318920135,0.5166666666666667
93,0.03693213363488515,0.03607751503586769,0.8546188592910766,0.07532626390457153,0.475
94,0.0399645874897639,0.038934265822172166,1.0303217967351277,0.07073264569044113,0.49166666666666664
95,0.03596103402475516,0.035007036725680035,0.9539971073468526,0.07215511053800583,0.49166666666666664
96,0.037632306168476744,0.03665934850772222,0.9729573488235473,0.07125488668680191,0.4583333333333333
97,0.03559688925743103,0.03469987660646438,0.8970129052797954,0.0690295621752739,0.525
98,0.03813565547267596,0.0372105432053407,0.9251123905181885,0.07238420844078064,0.4666666666666667
99,0.04217815697193146,0.04115606397390366,1.0220927715301513,0.07276198267936707,0.4666666666666667
100,0.0379858560860157,0.03689610796670119,1.0897481123606363,0.06892071664333344,0.5166666666666667
101,0.03941203765571118,0.03851844867070516,0.8935890475908915,0.08329445868730545,0.5166666666666667
102,0.041613327463467915,0.04061455267171065,0.9987748980522155,0.08126360177993774,0.475
103,0.043071613957484566,0.04208557481567065,0.986039650440216,0.06820482760667801,0.5416666666666666
104,0.03656720332801342,0.03572210172812144,0.8451012571652731,0.07567529380321503,0.45
105,0.04129196740686893,0.04032877571880818,0.9631911635398864,0.07315070927143097,0.45
106,0.04515014017621676,0.044269471615552905,0.8806679368019104,0.07391569763422012,0.49166666666666664
107,0.04203286518653234,0.04096774061520894,1.0651249408721923,0.07823263853788376,0.5666666666666667
108,0.03844679954151312,0.03758760318160057,0.8591960390408834,0.07475803792476654,0.5166666666666667
109,0.037192044655481975,0.03622732236981392,0.9647223512331645,0.07772168517112732,0.4666666666666667
110,0.03652081154286861,0.03562316447496414,0.8976469715436299,0.06955384463071823,0.43333333333333335
111,0.036959657445549965,0.036022163555026056,0.9374937693277995,0.07891103625297546,0.44166666666666665
112,0.04159997416039308,0.04063915051519871,0.960823369026184,0.07219352573156357,0.4583333333333333
113,0.04293299950659275,0.04194907521208127,0.9839241862297058,0.07517289370298386,0.48333333333333334
114,0.039573326831062634,0.03852481270829836,1.0485146363576254,0.0810149684548378,0.5166666666666667
115,0.03868907938400904,0.037732293953498204,0.9567856351534526,0.06740830093622208,0.5083333333333333
116,0.03718418950835864,0.03613509771724542,1.0490914781888325,0.07350242882966995,0.43333333333333335
117,0.03974134561916192,0.03864046682914098,1.1008785049120584,0.07235638052225113,0.5
118,0.03747740921874841,0.03652345513304075,0.9539538184801738,0.07171743363142014,0.4583333333333333
119,0.03983787894248962,0.03879368590811889,1.0441933592160544,0.0709758847951889,0.525
120,0.04128646962344647,0.040335981920361516,0.950487510363261,0.07470382004976273,0.525
121,0.038078154996037485,0.037113870431979494,0.9642842133839925,0.06776563078165054,0.5333333333333333
122,0.038385220989584926,0.03745895822842916,0.9262624184290568,0.07052326202392578,0.5
123,0.03820867786804835,0.037306084483861926,0.9025934298833211,0.07687794417142868,0.49166666666666664
124,0.03985128179192543,0.0388209027548631,1.0303792357444763,0.0721818208694458,0.475
125,0.038024513175090154,0.03709941307703654,0.9251005291938782,0.07427483052015305,0.49166666666666664
126,0.040449474255243936,0.039397847404082614,1.0516268332799277,0.07048541307449341,0.5
127,0.040126770610610644,0.038963974267244336,1.1627961119016013,0.07471226900815964,0.5083333333333333
128,0.04018499106168747,0.03910112418234348,1.0838666598002116,0.06790903955698013,0.48333333333333334
129,0.03809947222471237,0.037012542908390365,1.0869296272595723,0.06936155259609222,0.5083333333333333
130,0.03680717051029205,0.035777822509407996,1.0293475349744161,0.07396571338176727,0.5083333333333333
131,0.03613455928862095,0.035311374440789224,0.823184867699941,0.07005539536476135,0.5416666666666666
132,0.037441038091977435,0.03648763795693715,0.9533999999364217,0.07082215696573257,0.49166666666666664
133,0.038048167650898294,0.03693853827814261,1.1096295833587646,0.07531508058309555,0.5
134,0.041777760287125904,0.040780314803123476,0.9974458972613017,0.07576848566532135,0.45
135,0.03934470365444819,0.03817256825665633,1.1721352616945901,0.07134266197681427,0.5166666666666667
136,0.03631257625917594,0.03529222868382931,1.0203473885854086,0.07063097506761551,0.5416666666666666
137,0.0387793426712354,0.03759601078927517,1.1833323558171591,0.07227420806884766,0.525
138,0.039477515344818435,0.03838230147957802,1.095214072863261,0.07115805894136429,0.5166666666666667
139,0.03591875173151493,0.03503399131198724,0.8847603480021159,0.07135286927223206,0.48333333333333334
140,0.03863832155863444,0.037590184186895685,1.0481369018554687,0.07110096514225006,0.55
141,0.045289767036835356,0.0442520722746849,1.0376944025357564,0.06924771517515182,0.525
142,0.03531810206671556,0.03447055071592331,0.8475510199864705,0.07309834659099579,0.49166666666666664
143,0.03886641040444374,0.03792019188404083,0.9462187091509501,0.06992611289024353,0.45
144,0.03763825595378876,0.036569051817059516,1.0692044734954833,0.06992577761411667,0.48333333333333334
145,0.035251217583815254,0.034319817150632544,0.9314004103342692,0.07407979667186737,0.48333333333333334
146,0.037016113226612406,0.03588992096483708,1.1261917352676392,0.0688202828168869,0.525
147,0.037512605140606566,0.03638018680115541,1.1324182589848837,0.07243769615888596,0.475
148,0.03899240978062153,0.03805305436253548,0.939355178674062,0.07229822874069214,0.5083333333333333
149,0.036937298253178596,0.03588092066347599,1.0563776969909668,0.0722510814666748,0.5166666666666667
150,0.03593715106447538,0.03502894937992096,0.9082015752792358,0.07117243111133575,0.4666666666666667
151,0.03721251686414083,0.03631293537716071,0.89958123366038,0.07030364871025085,0.525
152,0.03826811909675598,0.03724649858971437,1.0216203808784485,0.07269745320081711,0.5416666666666666
153,0.037143239130576454,0.0361727690945069,0.970469864209493,0.0714903324842453,0.4583333333333333
154,0.03794441608091195,0.037028305356701215,0.9161103049914042,0.0728493183851242,0.48333333333333334
155,0.037364478781819345,0.03642144439121087,0.9430341204007466,0.07574527710676193,0.525
156,0.036038451517621674,0.03513898216187954,0.89946924050649,0.074550099670887,0.475
157,0.035495357339580855,0.03460231473048528,0.8930425842603048,0.07162528485059738,0.5166666666666667
158,0.03785817275444667,0.03691704844435056,0.9411245663960774,0.06820590794086456,0.5583333333333333
159,0.03708490605155627,0.03621134075025718,0.8735656499862671,0.06761490553617477,0.4666666666666667
160,0.036959679797291756,0.0359706627825896,0.9890165448188781,0.07436048984527588,0.5083333333333333
161,0.03919846837719281,0.038170489172140755,1.0279791712760926,0.0731704905629158,0.475
162,0.03715403564274311,0.036250480885306996,0.9035549561182658,0.07381527125835419,0.475
163,0.03551538561781247,0.03454297507802646,0.9724103689193726,0.07330778986215591,0.45
164,0.040139636397361754,0.03911886761585871,1.020768896738688,0.07847926020622253,0.48333333333333334
165,0.04074360529581706,0.03961916714906692,1.1244382778803508,0.07321691513061523,0.5333333333333333
166,0.036984849969546,0.036054026583830515,0.9308227260907491,0.07653574645519257,0.48333333333333334
167,0.0346243513127168,0.033723253011703494,0.9010980208714803,0.07396654784679413,0.49166666666666664
168,0.03552552089095116,0.03451018345852693,1.0153378009796143,0.07290560752153397,0.48333333333333334
169,0.03504773812989394,0.03412186242640018,0.925875473022461,0.06874416768550873,0.5666666666666667
170,0.038995724419752756,0.03803589716553688,0.9598271727561951,0.07159068435430527,0.5166666666666667
171,0.039917095998922986,0.038726649805903436,1.1904463291168212,0.07362059503793716,0.48333333333333334
172,0.041044910252094266,0.03993247449398041,1.1124361038208008,0.07479875534772873,0.5
173,0.03717920829852422,0.036096057916680975,1.0831501126289367,0.07498595863580704,0.4666666666666667
174,0.03923632775743802,0.038232864687840144,1.003463343779246,0.0731758177280426,0.525
175,0.03989995593825976,0.03889143181343873,1.0085241715113322,0.07864375412464142,0.5
176,0.03785082213580608,0.0367773350328207,1.0734870155652365,0.07207794487476349,0.5333333333333333
177,0.036527978256344795,0.03547589195271333,1.0520864605903626,0.0773279070854187,0.49166666666666664
178,0.03963086878259977,0.038403681665658954,1.2271874705950419,0.07342593371868134,0.48333333333333334
179,0.039839018632968265,0.03864772766828537,1.1912907322247823,0.07291959971189499,0.48333333333333334
180,0.03813357092440128,0.037131480996807416,1.0020891666412353,0.07666702568531036,0.49166666666666664
181,0.03788174092769623,0.03680160269141197,1.0801377137502035,0.07530459016561508,0.5083333333333333
182,0.041603214542071026,0.04039918954173724,1.2040250142415365,0.07228851318359375,0.5166666666666667
183,0.039371050894260406,0.03820436472694079,1.1666860699653625,0.07487104088068008,0.425
184,0.036578146864970525,0.03561461182932059,0.9635348677635193,0.07547623664140701,0.49166666666666664
185,0.03482914542158445,0.033881866931915285,0.9472780307133992,0.07230184227228165,0.475
186,0.035784819473822914,0.03468003210922082,1.104787528514862,0.07432771474123001,0.4666666666666667
187,0.03548289587100347,0.03449894798298677,0.9839482466379802,0.07488641887903214,0.5416666666666666
188,0.035853372017542524,0.03498444693783919,0.8689249118169149,0.08200834691524506,0.475
189,0.03431258350610733,0.033455107857783634,0.8574756900469462,0.07369054108858109,0.5083333333333333
190,0.03615513754387697,0.03530197242895762,0.8531647721926371,0.07506363093852997,0.5
191,0.035942307114601134,0.034948259219527246,0.9940477689107259,0.07080694288015366,0.5083333333333333
192,0.034470373888810475,0.033586433778206505,0.8839407404263814,0.08248069882392883,0.48333333333333334
193,0.03833081920941671,0.03721097807089488,1.1198415160179138,0.06989534199237823,0.5166666666666667
194,0.035234563052654266,0.03439729983607928,0.8372631748517354,0.0722464919090271,0.5166666666666667
195,0.03568413443863392,0.03478093308707078,0.9032012899716695,0.07469172775745392,0.5
196,0.03678263376156489,0.03563468543191751,1.1479480504989623,0.07877535372972488,0.5333333333333333
197,0.03838532343506813,0.03738072166840235,1.0046014467875162,0.07190103828907013,0.4583333333333333
198,0.03858291680614154,0.03725150699416797,1.331410030523936,0.06950418651103973,0.5
199,0.03759836765627066,0.036350707958141965,1.2476589957873025,0.0825294554233551,0.4666666666666667
200,0.04483568072319031,0.04346098800500234,1.374692972501119,0.06968878954648972,0.5
201,0.03529415987432003,0.0343402061611414,0.9539535284042359,0.07146463543176651,0.5
202,0.035903143137693404,0.034970520064234734,0.9326232115427653,0.07623659074306488,0.525
203,0.032316179821888606,0.03155892851452033,0.7572510441144308,0.07455373555421829,0.48333333333333334
204,0.03629642588396867,0.03525616837044557,1.0402571002642313,0.07306167483329773,0.5083333333333333
205,0.040123025824626284,0.03903469170133273,1.0883339484532675,0.07513493299484253,0.49166666666666664
206,0.03679448962211609,0.03579355739057064,1.0009321729342142,0.07244531810283661,0.49166666666666664
207,0.035685446485877036,0.03472675022979577,0.9586958328882853,0.07486815005540848,0.5
208,0.03650609701871872,0.03550557593504588,1.00052090883255,0.0744829997420311,0.5166666666666667
209,0.037002900739510854,0.03605471923947334,0.9481818874677023,0.06942176818847656,0.5333333333333333
210,0.03546516758700212,0.03451102040708065,0.9541473468144734,0.07427278906106949,0.525
211,0.03368287558356921,0.032876291498541835,0.806583821773529,0.07575486600399017,0.5083333333333333
212,0.03417873904109001,0.03331267808874448,0.866060749689738,0.07391966879367828,0.475
213,0.036179566259185475,0.0351818369080623,0.9977294762929281,0.07619786262512207,0.475
214,0.03560825263460477,0.034754107768336935,0.8541449348131815,0.07749402523040771,0.4666666666666667
215,0.034628989174962044,0.033788144836823145,0.8408445119857788,0.0775759145617485,0.5
216,0.0357260387390852,0.03478884485860666,0.9371934453646342,0.07167463004589081,0.525
217,0.033963318044940634,0.0330630815277497,0.9002365986506145,0.07382937520742416,0.5666666666666667
218,0.03499270007014275,0.03395939941207568,1.033300236860911,0.07891745865345001,0.525
219,0.03455904958148797,0.0335958007723093,0.9632486502329508,0.0762583389878273,0.5
220,0.03299220266441504,0.032135103022058804,0.8570994695027669,0.08043790608644485,0.49166666666666664
221,0.0368302841981252,0.03593829907476902,0.8919850786526998,0.07848894596099854,0.475
222,0.03662852471073468,0.03569535091519356,0.9331736922264099,0.07814309000968933,0.5416666666666666
223,0.03639542435606321,0.03547400857011477,0.9214160561561584,0.08295092731714249,0.475
224,0.03591163071493308,0.034861961007118226,1.0496698379516602,0.07825499773025513,0.44166666666666665
225,0.03563767808179061,0.03474882369240125,0.8888545393943786,0.07628121972084045,0.475
226,0.03583703748881817,0.03474905900657177,1.087977910041809,0.07785645127296448,0.5
227,0.036973975226283075,0.03583671860396862,1.1372561812400819,0.07694966346025467,0.5083333333333333
228,0.038826936235030494,0.03785164728760719,0.975289249420166,0.07495830953121185,0.55
229,0.035650712251663205,0.03471736547847589,0.9333467562993367,0.07548771053552628,0.5333333333333333
230,0.03671221807599068,0.03586469975610574,0.8475178122520447,0.07867395132780075,0.525
231,0.036100393161177635,0.035101665928959844,0.9987267414728801,0.0798807293176651,0.575
232,0.03521201498806477,0.034316329285502434,0.8956854065259298,0.07666315883398056,0.5583333333333333
233,0.03580472668011983,0.03478431068360806,1.0204159021377563,0.07595311850309372,0.48333333333333334
234,0.033909011632204056,0.03304240691165129,0.8666051308314006,0.06765303015708923,0.48333333333333334
235,0.03514460623264313,0.034330645700295766,0.8139601945877075,0.0749489814043045,0.5166666666666667
236,0.038297700509428975,0.03740213414033254,0.8955664515495301,0.07772582769393921,0.5
237,0.037371007104714714,0.036405859018365544,0.9651479601860047,0.07484561204910278,0.525
238,0.03526305506626765,0.034373324488600095,0.8897302230199178,0.0771341472864151,0.475
239,0.040413229167461394,0.03917249528070291,1.2407344460487366,0.07444894313812256,0.525
240,0.043093060702085496,0.042113558202981946,0.9795024991035461,0.0808231309056282,0.49166666666666664
241,0.043786507472395896,0.04253791483740012,1.2485923806826273,0.08076636493206024,0.49166666666666664
242,0.03505130385359128,0.0341369112332662,0.9143929719924927,0.07356765121221542,0.55
243,0.03355197670559088,0.032726656273007394,0.8253202517827352,0.07389949262142181,0.45
244,0.03240412088731925,0.03156906329095364,0.8350572228431702,0.072879359126091,0.475
245,0.034143665060400966,0.03328796848654747,0.8556965907414754,0.0755695253610611,0.5083333333333333
246,0.03498156170050303,0.033966484541694326,1.015077543258667,0.07315298914909363,0.5
247,0.036729388311505316,0.0358031626790762,0.9262254357337951,0.07684709131717682,0.48333333333333334
248,0.03560744449496269,0.03465387038886547,0.9535741806030273,0.06990749388933182,0.5166666666666667
249,0.03490649312734604,0.03400792665779591,0.898565924167633,0.07513051480054855,0.5
250,0.03584830574691296,0.0349583367506663,0.8899687687555949,0.07249326258897781,0.475
251,0.033887343232830366,0.03297934706012408,0.9079957008361816,0.0708841010928154,0.5083333333333333
252,0.03648378923535347,0.03545123885075251,1.032550338904063,0.07290572673082352,0.475
253,0.034642582014203074,0.033688661828637126,0.9539204478263855,0.07840839773416519,0.525
254,0.03488032457729181,0.033968545496463776,0.911778990427653,0.07111920416355133,0.44166666666666665
255,0.035427642116944,0.03448579447964827,0.9418477177619934,0.07047784328460693,0.5666666666666667
256,0.03681671842932701,0.035772557556629184,1.0441608468691508,0.07168660312891006,0.5
257,0.03602640802661578,0.03492225793500741,1.1041499058405557,0.07773161679506302,0.5
258,0.035950355355938275,0.0350238506992658,0.9265045841534932,0.07072880864143372,0.48333333333333334
259,0.04133303463459015,0.04004147350788116,1.2915611108144125,0.0756058543920517,0.49166666666666664
260,0.04231821224093437,0.04087102922300498,1.4471829851468405,0.07551587373018265,0.5416666666666666
261,0.039279985179503756,0.038177498430013654,1.1024864753087362,0.07028020173311234,0.4666666666666667
262,0.03510427102446556,0.03413730735580126,0.9669639031092326,0.07228308171033859,0.45
263,0.03607462284465631,0.035055746262272196,1.0188764015833536,0.08017340302467346,0.475
264,0.03445586202045282,0.033605560287833215,0.8503016153971354,0.07563764601945877,0.48333333333333334
265,0.0353849163899819,0.03446337419251601,0.9215420365333558,0.07033421844244003,0.4666666666666667
266,0.034268705546855925,0.033381795262296995,0.8869097153345744,0.07762619107961655,0.5333333333333333
267,0.03289710370202859,0.03205140034357707,0.8457035621007284,0.0752219632267952,0.475
268,0.03564058107634385,0.03481776962677638,0.822811492284139,0.0761224776506424,0.525
269,0.03674316753943761,0.03571055755019188,1.0326101263364156,0.07514970749616623,0.5416666666666666
270,0.039208735525608066,0.03800746202468872,1.2012735525767009,0.07236339896917343,0.49166666666666664
271,0.03556745996077856,0.034510784223675726,1.056675656636556,0.07680095732212067,0.475
272,0.03435873302320639,0.03333166514833768,1.0270676136016845,0.0733027458190918,0.5166666666666667
273,0.036493988956014314,0.03561909707883994,0.8748915870984395,0.07095074653625488,0.5
274,0.03441053405404091,0.03338907671471437,1.0214574575424193,0.0764879435300827,0.49166666666666664
275,0.03378464455405871,0.03287268293400605,0.9119613806406657,0.0741097629070282,0.48333333333333334
276,0.03542271951834361,0.03436684347689152,1.0558759331703187,0.07105489820241928,0.48333333333333334
277,0.034085381279389065,0.03312148787081241,0.9638935645421346,0.07167065143585205,0.475
278,0.037452380855878195,0.036247818171977995,1.2045627276102702,0.07518504559993744,0.49166666666666664
279,0.03379991985857487,0.03285215472181638,0.9477655132611592,0.07701195031404495,0.48333333333333334
280,0.032724346841375034,0.03183236892024676,0.8919776916503906,0.07420644909143448,0.49166666666666664
281,0.03381627649068832,0.032848780726393065,0.9674959182739258,0.0772252231836319,0.5166666666666667
282,0.03448262053231398,0.033622031286358836,0.8605891625086467,0.07135467976331711,0.48333333333333334
283,0.03695724494755268,0.03605212147037188,0.9051242073376974,0.07502733916044235,0.44166666666666665
284,0.0357771681000789,0.03483527414500713,0.9418936769167582,0.07301518321037292,0.49166666666666664
285,0.0344760296245416,0.033667817463477454,0.8082120140393575,0.07374344766139984,0.44166666666666665
286,0.03477442959944407,0.03386642324427764,0.9080062945683797,0.07652674615383148,0.5083333333333333
287,0.03503636382520199,0.03411997805039088,0.9163859844207763,0.07591821998357773,0.5
288,0.03450866267085075,0.03356351914505164,0.9451438466707865,0.07178331166505814,0.43333333333333335
289,0.03460177108645439,0.03367901568611463,0.9227556268374125,0.07680855691432953,0.475
290,0.03766711006561915,0.03662597835063934,1.0411320447921752,0.07892430573701859,0.5
291,0.03603000404934088,0.03508557838698228,0.9444261789321899,0.0714912861585617,0.5416666666666666
292,0.034926646823684376,0.03404603786766529,0.880608860651652,0.0709114596247673,0.49166666666666664
293,0.03293403051793575,0.032133108874162035,0.8009219845136006,0.0688079446554184,0.525
294,0.033759037405252455,0.03289854899048805,0.8604878783226013,0.06993073225021362,0.48333333333333334
295,0.03449319899082184,0.03354669573406378,0.9465029915173848,0.07449376583099365,0.475
296,0.03721357894440492,0.03623029788335164,0.9832808534304301,0.0733158141374588,0.5166666666666667
297,0.034490924701094626,0.03361632575591405,0.8745985865592957,0.07996971160173416,0.5083333333333333
298,0.03382320975263913,0.032866004730264346,0.957204794883728,0.07590844482183456,0.49166666666666664
299,0.03288428708910942,0.03205453231930733,0.8297548611958822,0.07940096408128738,0.525
300,0.0388695598890384,0.03771459783116977,1.1549620628356934,0.07397301495075226,0.5
301,0.038969537367423375,0.03772747752567132,1.2420596559842427,0.07641392201185226,0.5
302,0.03615239895880222,0.03498987791438898,1.1625207821528116,0.07349874079227448,0.5
303,0.03442962057888508,0.033462241167823474,0.9673791050910949,0.07290296256542206,0.5
304,0.03388344819347064,0.03289776891469955,0.9856795310974121,0.07526243478059769,0.4666666666666667
305,0.03512112547953924,0.034196115533510846,0.9250099102656046,0.08083705604076385,0.525
306,0.03359244627257188,0.03270871763428052,0.8837279041608175,0.07532504200935364,0.525
307,0.033857328693072,0.032970742757121724,0.8865857879320781,0.0758109763264656,0.475
308,0.03304279285172621,0.032153648386398954,0.8891443888346354,0.07772701978683472,0.4583333333333333
309,0.03518657460808754,0.03424263149499893,0.9439426938692729,0.07283657789230347,0.5
310,0.03418796348075072,0.03336065833767255,0.8273047685623169,0.07296524196863174,0.45
311,0.03551571331918239,0.034586820378899576,0.9288934350013733,0.07189464569091797,0.5166666666666667
312,0.0351334311068058,0.03405190755923589,1.0815229972203573,0.0718875601887703,0.4583333333333333
313,0.03655904531478882,0.03555815430978934,1.0008909304936726,0.0706637054681778,0.5333333333333333
314,0.03389826690157254,0.032909251376986505,0.9890152374903362,0.07273464649915695,0.475
315,0.03441735779245694,0.033582206318775815,0.8351514339447021,0.07130490988492966,0.5166666666666667
316,0.036277728527784346,0.03515574050446351,1.1219876607259114,0.07960343360900879,0.5583333333333333
317,0.03453401314715544,0.033667929594715436,0.8660837928454082,0.07365239411592484,0.48333333333333334
318,0.0362287941078345,0.03529365596671899,0.9351375738779704,0.0727560818195343,0.525
319,0.033042065675059955,0.0321057269970576,0.9363386551539103,0.07615788280963898,0.48333333333333334
320,0.034640025720000266,0.03370907691617807,0.9309489885965984,0.0727744773030281,0.475
321,0.03376765226324399,0.032851455733180046,0.9161965211232503,0.07391659915447235,0.475
322,0.03730117678642273,0.03628835653265317,1.0128200451533,0.07358658313751221,0.48333333333333334
323,0.03457725817958514,0.033781834815939264,0.7954232732454936,0.07457026839256287,0.5333333333333333
324,0.03678828962147236,0.035796532531579335,0.9917570193608601,0.07112254202365875,0.48333333333333334
325,0.04143606585760911,0.040426770721872646,1.009295113881429,0.0714910626411438,0.475
326,0.03495801289876302,0.0338280089199543,1.1300039649009705,0.08141488581895828,0.5
327,0.03539132637282213,0.03451644256711006,0.8748842676480612,0.07127051055431366,0.5166666666666667
328,0.03464847542345524,0.03363334524134795,1.0151299198468526,0.07274948060512543,0.48333333333333334
329,0.033437412107984225,0.032596828788518904,0.8405834794044494,0.07366397231817245,0.49166666666666664
330,0.03526938632130623,0.03443505403896173,0.8343320369720459,0.0782724916934967,0.5083333333333333
331,0.03606550072630246,0.035087244336803755,0.9782564798990886,0.07208707183599472,0.4666666666666667
332,0.03499720220764478,0.03400505433479945,0.992147703965505,0.0747278556227684,0.5083333333333333
333,0.03567107729613781,0.03464292635520299,1.0281512538592021,0.06679993867874146,0.45
334,0.035427827139695486,0.03453681133687496,0.8910161455472311,0.08023788034915924,0.48333333333333334
335,0.03563421368598938,0.03467353383700053,0.9606793761253357,0.07820305228233337,0.5333333333333333
336,0.03370948942999045,0.03277396460374196,0.9355245351791381,0.07151918113231659,0.45
337,0.034150517483552294,0.03320717302461465,0.9433443864186605,0.07306808978319168,0.4666666666666667
338,0.03524253070354462,0.03438546968003114,0.8570611000061035,0.08330316841602325,0.4666666666666667
339,0.03917004416386286,0.03815004403392474,1.0200002193450928,0.07874896377325058,0.49166666666666664
340,0.03922831080853939,0.0380873266607523,1.1409835656483969,0.0788230299949646,0.475
341,0.03534483599166075,0.03441728800535202,0.9275480111440023,0.0711665004491806,0.55
342,0.032567075764139496,0.031611344094077745,0.9557317852973938,0.07311014831066132,0.49166666666666664
343,0.03455007039010525,0.03352175913751125,1.028311053911845,0.07823993265628815,0.4583333333333333
344,0.03441009049614271,0.03350438699126244,0.9057034095128377,0.07695178687572479,0.5166666666666667
345,0.03358406958480676,0.03272360078990459,0.8604685386021932,0.07335207611322403,0.4583333333333333
346,0.0357162336508433,0.03467018082737923,1.0460529804229737,0.07640334963798523,0.4666666666666667
347,0.039023732021451,0.03789772850771745,1.1260040044784545,0.07757675647735596,0.48333333333333334
348,0.035385625436902046,0.0343606386333704,1.024987030029297,0.07142914831638336,0.5083333333333333
349,0.03626700093348821,0.03523927976687749,1.0277210116386413,0.08456028997898102,0.4583333333333333
350,0.03745034287373225,0.036371912062168124,1.0784308830897014,0.0684361606836319,0.48333333333333334
351,0.04049867515762647,0.03928673540552457,1.2119399189949036,0.07665735483169556,0.48333333333333334
352,0.038929880658785505,0.03771095809837182,1.2189226309458414,0.07599285989999771,0.5083333333333333
353,0.03888279125094414,0.03789982410768668,0.9829673091570537,0.0772017166018486,0.475
354,0.03829962188998858,0.037207832311590514,1.0917898019154866,0.07222788780927658,0.525
355,0.03535227191944917,0.03449515799681346,0.8571139017740885,0.0746937096118927,0.48333333333333334
356,0.037302888184785846,0.03617690938214461,1.1259787758191426,0.07101789116859436,0.48333333333333334
357,0.03471105645100276,0.03379975420733293,0.9113027532895406,0.07413237541913986,0.5166666666666667
358,0.0335522989432017,0.0326656802246968,0.8866185386975606,0.07549995183944702,0.5083333333333333
359,0.035292593638102214,0.03429360228280227,0.9989912867546081,0.07633883506059647,0.49166666666666664
360,0.035501493886113164,0.03437030538916588,1.1311885555585226,0.07536030560731888,0.4666666666666667
361,0.031761423125863074,0.03092908822000027,0.8323346296946208,0.07039599865674973,0.475
362,0.031823340927561124,0.031041336059570313,0.7820049484570821,0.08073600381612778,0.45
363,0.03234668510655562,0.031411470472812654,0.9352144757906596,0.06882230192422867,0.5166666666666667
364,0.033049258838097256,0.032104666903615,0.9445918520291646,0.07101516425609589,0.4083333333333333
365,0.03353094197809696,0.03258095631996791,0.949985945224762,0.07076142728328705,0.49166666666666664
366,0.032159482191006346,0.031227937464912734,0.9315449635187785,0.07660927623510361,0.475
367,0.034775733947753906,0.03394289513429006,0.8328383485476176,0.07596176117658615,0.5
368,0.036271008352438606,0.03522592969238758,1.045078492164612,0.07442444562911987,0.475
369,0.034113363300760584,0.03300495880345503,1.1084043463071187,0.07473962008953094,0.5
370,0.03279382586479187,0.031880971416831015,0.9128542304039001,0.07523597776889801,0.49166666666666664
371,0.035522773116827014,0.034452081099152564,1.070691994825999,0.07763466984033585,0.43333333333333335
372,0.03503553718328476,0.0339221448947986,1.1133922497431437,0.07555492222309113,0.5083333333333333
373,0.033257712796330455,0.032324274877707164,0.9334374109903971,0.07767609506845474,0.44166666666666665
374,0.03502166469891866,0.03412250926097234,0.8991551915804545,0.07571525126695633,0.475
375,0.03397908806800842,0.032967414458592734,1.0116735339164733,0.08303367346525192,0.475
376,0.032966726024945575,0.032070896774530414,0.8958289702733357,0.07675492018461227,0.49166666666666664
377,0.033657162760694824,0.0328619288901488,0.7952335755030314,0.07356645911931992,0.5
378,0.03319833067556222,0.03240828774869442,0.7900432467460632,0.07359182834625244,0.49166666666666664
379,0.03690470419824123,0.03600613189240297,0.8985727190971374,0.08036435395479202,0.5
380,0.03502415157854557,0.03408207185566425,0.9420799692471822,0.07789909839630127,0.5333333333333333
381,0.03352469814320405,0.03262918554246426,0.8955123861630757,0.07591503858566284,0.4583333333333333
382,0.03337425875167052,0.03247956509391467,0.8946933348973592,0.07263337075710297,0.5166666666666667
383,0.03445048294961452,0.03348418014744917,0.9663025180498759,0.07520929723978043,0.4583333333333333
384,0.031491765504082045,0.030627264951666195,0.8645005742708842,0.07673069834709167,0.5666666666666667
385,0.031484232594569526,0.030657058085004487,0.8271744132041932,0.07452479749917984,0.475
386,0.03301282078027725,0.03214795763293902,0.8648629268010457,0.07704588770866394,0.45
387,0.03603615251680215,0.035145166267951326,0.8909863591194153,0.08487167209386826,0.49166666666666664
388,0.04036357129613558,0.03920474077264468,1.158830499649048,0.08000335097312927,0.475
389,0.03604813838998477,0.0351029006143411,0.9452378988265991,0.07952030748128891,0.5
390,0.03512968681752682,0.03416936571399371,0.9603216489156087,0.0837407112121582,0.5166666666666667
391,0.03517579945425193,0.034298599883914,0.8771999041239421,0.07543708384037018,0.4583333333333333
392,0.035451951622962954,0.03448369254668553,0.9682590921719869,0.07810046523809433,0.4666666666666667
393,0.03409446068108082,0.03326366022229195,0.83080046971639,0.07156900316476822,0.4583333333333333
394,0.03180610487858455,0.03097218945622444,0.8339153091112773,0.07728642225265503,0.49166666666666664
395,0.03323612523575624,0.032302825277050334,0.9332994898160298,0.07614709436893463,0.4666666666666667
396,0.03296246069173018,0.032063792397578554,0.8986685434977214,0.0740634948015213,0.4666666666666667
397,0.032791361585259436,0.031971375644207004,0.8199857513109843,0.07445423305034637,0.48333333333333334
398,0.03320800475776196,0.03235913030803204,0.8488744139671326,0.08401457965373993,0.43333333333333335
399,0.034317288920283316,0.03333017478386561,0.9871140122413635,0.07546226680278778,0.48333333333333334
400,0.03314294926822185,0.03228905908763409,0.853890041510264,0.07320604473352432,0.5
401,0.03403146155178547,0.03312920865913232,0.9022529164950053,0.06773436069488525,0.44166666666666665
402,0.03499058534701665,0.03405929803848266,0.9312874873479208,0.07241500169038773,0.5166666666666667
403,0.03267585833867391,0.03186833411455155,0.8075243989626567,0.07225486636161804,0.5083333333333333
404,0.033812023947636285,0.03297112869719664,0.840895164012909,0.06968262046575546,0.5083333333333333
405,0.03369783535599709,0.03274116118748983,0.95667378505071,0.07950226962566376,0.425
406,0.03279908609886964,0.031939375773072244,0.859710160891215,0.07317677140235901,0.475
407,0.033086363101998965,0.032213442400097846,0.8729201992352803,0.0736086443066597,0.48333333333333334
408,0.03236018568277359,0.0315665611376365,0.7936242659886678,0.07804013788700104,0.5
409,0.033856100092331566,0.03290401833752791,0.9520814498265584,0.07548355311155319,0.45
410,0.031899420420328777,0.031062296777963638,0.83712371190389,0.079585961997509,0.5166666666666667
411,0.03505382227400939,0.03416119056443374,0.8926320672035217,0.07363388687372208,0.475
412,0.03735271307329337,0.03642403980096181,0.9286734541257222,0.08673185855150223,0.5083333333333333
413,0.034379037221272786,0.0335272000481685,0.8518370389938354,0.07426194101572037,0.48333333333333334
414,0.03379598098496596,0.032963165144125624,0.8328157067298889,0.07647112011909485,0.4666666666666667
415,0.033442956085006394,0.032513626664876935,0.929329244295756,0.0736999660730362,0.49166666666666664
416,0.033527307709058124,0.03259179256856441,0.9355151375134786,0.07471394538879395,0.49166666666666664
417,0.033466393252213796,0.032542989651362104,0.9234037597974142,0.07330755889415741,0.5
418,0.03333727829158306,0.03245799305538336,0.879285204410553,0.07881519198417664,0.4583333333333333
419,0.031316424161195754,0.030501667906840644,0.8147563338279724,0.08194012939929962,0.44166666666666665
420,0.031145257130265235,0.030329674979050956,0.8155823508898418,0.0728934034705162,0.4583333333333333
421,0.03798984959721565,0.03704389681418737,0.94595232407252,0.0778769850730896,0.48333333333333334
422,0.04004209538300832,0.03880558672050635,1.236508317788442,0.08066734671592712,0.5083333333333333
423,0.03517856448888779,0.0342463298390309,0.9322347243626913,0.07655847072601318,0.49166666666666664
424,0.03754757692416509,0.03651641222337882,1.0311650355656943,0.0718139037489891,0.4583333333333333
425,0.03375695298115412,0.03291295071442922,0.844002612431844,0.07465709000825882,0.55
426,0.03109175575276216,0.030301119883855185,0.7906357407569885,0.07613544166088104,0.5
427,0.033776135991017024,0.03283680863678455,0.9393271485964457,0.07224459946155548,0.5083333333333333
428,0.035094480589032175,0.03422009150187175,0.8743890444437663,0.07837751507759094,0.4583333333333333
429,0.03465589918196201,0.033603521436452864,1.052377947171529,0.07056539505720139,0.5
430,0.03413996907571951,0.033293198049068454,0.8467706799507141,0.0811413899064064,0.5083333333333333
431,0.03654920111099879,0.035536715388298036,1.0124858975410462,0.07332463562488556,0.5166666666666667
432,0.03451408843199412,0.03341891293724378,1.0951754887898764,0.0761529877781868,0.45
433,0.03147256250182787,0.030642737820744514,0.8298248688379923,0.07541503012180328,0.5083333333333333
434,0.03268382002909978,0.03191639706492424,0.7674230257670085,0.07504896074533463,0.4666666666666667
435,0.03197567860285441,0.03115881991883119,0.8168588479359945,0.07290912419557571,0.5083333333333333
436,0.03160559758543968,0.030836596464117367,0.7690011858940125,0.07851194590330124,0.4666666666666667
437,0.033584912121295926,0.03272900010148684,0.8559120138486226,0.07687528431415558,0.4583333333333333
438,0.03202995546162128,0.031243865191936494,0.7860899408658345,0.07587704062461853,0.48333333333333334
439,0.03365675980846087,0.03270441169540087,0.9523482004801432,0.07702680677175522,0.48333333333333334
440,0.03417168048520883,0.033219271898269655,0.9524085998535157,0.07351928949356079,0.45
441,0.03427184460063775,0.03326167079309623,1.0101738572120667,0.07634780555963516,0.525
442,0.03383874781429767,0.032915629198153815,0.9231186270713806,0.080886609852314,0.5
443,0.03380490529040495,0.03294794571896394,0.856959593296051,0.07233556360006332,0.55
444,0.037825841208299,0.03671146370470524,1.1143777171770732,0.07758468389511108,0.475
445,0.036500572909911475,0.03552166285614173,0.9789100964864095,0.08041594177484512,0.4666666666666667
446,0.03686702139675617,0.03596405809124311,0.9029633561770122,0.07956768572330475,0.49166666666666664
447,0.035611057902375856,0.03465539452930291,0.9556634386380514,0.0757124051451683,0.49166666666666664
448,0.033896493787566824,0.032920886451999344,0.9756071249643962,0.0787835568189621,0.48333333333333334
449,0.032845987007021904,0.03198617609838645,0.8598110675811768,0.0772925317287445,0.49166666666666664
450,0.03442254103720188,0.03346361555159092,0.9589254697163899,0.07625554502010345,0.525
451,0.03327381871640682,0.03236801574627558,0.9058030049006144,0.08151811361312866,0.4666666666666667
452,0.03260010567804177,0.03180902215341727,0.7910837093989055,0.07560358941555023,0.525
453,0.030566565692424774,0.029755181074142455,0.8113843401273092,0.07394222170114517,0.4666666666666667
454,0.03137318305671215,0.030606346080700557,0.7668368220329285,0.07257474213838577,0.5083333333333333
455,0.031251144409179685,0.030488608032464982,0.7625366965929667,0.07790683954954147,0.5
456,0.03355812095105648,0.0326571727792422,0.900948452949524,0.07022220641374588,0.48333333333333334
457,0.03284338973462582,0.032018604377905525,0.8247859795888265,0.07819285243749619,0.4583333333333333
458,0.03357279822230339,0.03279797857006391,0.7748194058736165,0.07378938794136047,0.5
459,0.03236032252510389,0.031456303348143894,0.9040185729662578,0.07615689933300018,0.49166666666666664
460,0.032513048003117245,0.03166219082971414,0.8508574922879537,0.08082772046327591,0.475
461,0.033117022613684335,0.03226245455443859,0.8545679847399393,0.07875124365091324,0.4583333333333333
462,0.03695435064534346,0.036024261514345804,0.9300890326499939,0.07938529551029205,0.475
463,0.03396035855015119,0.03310367378095786,0.8566848675409953,0.07087826728820801,0.48333333333333334
464,0.036686589817206065,0.035708700741330784,0.9778886636098226,0.07870087027549744,0.49166666666666664
465,0.03198144895335039,0.031090466181437175,0.8909826596577962,0.08283893018960953,0.49166666666666664
466,0.031083754698435464,0.03031815551221371,0.7655992547671,0.07774092257022858,0.43333333333333335
467,0.03277354116241137,0.03191591414312522,0.8576268394788106,0.07049965858459473,0.45
468,0.03313884176313877,0.032282005871335666,0.8568361202875773,0.0818278044462204,0.5
469,0.03590829831858476,0.03486394000550111,1.0443583965301513,0.06987084448337555,0.48333333333333334
470,0.03502964439491431,0.03398357940216859,1.0460648854573569,0.07440789043903351,0.5333333333333333
471,0.031830051292975746,0.031026893109083176,0.8031582752863566,0.07519122958183289,0.475
472,0.034237034743030866,0.03324505897859732,0.9919760664304097,0.07423097640275955,0.5083333333333333
473,0.03496774584054947,0.03382040597498417,1.1473399122556052,0.07971303910017014,0.475
474,0.033467924470702806,0.032464919860164324,1.0030047655105592,0.07938098907470703,0.4583333333333333
475,0.03323076392213504,0.032182569801807406,1.0481936136881511,0.08250325918197632,0.475
476,0.03783102209369341,0.03678093602259954,1.0500862995783489,0.07446833699941635,0.5166666666666667
477,0.03147210342188676,0.03062129902342955,0.8508042017618815,0.07354332506656647,0.49166666666666664
478,0.031456482410430905,0.030719323456287383,0.737158723672231,0.07215616852045059,0.4666666666666667
479,0.03257762528955936,0.031734562913576764,0.8430625756581624,0.07778146862983704,0.4666666666666667
480,0.03160386122763157,0.03072280598183473,0.8810547987620035,0.0730997771024704,0.44166666666666665
481,0.03234890972574552,0.03151732025047143,0.8315895517667135,0.07752852886915207,0.5333333333333333
482,0.03094661484162013,0.03018347720305125,0.7631379008293152,0.07270551472902298,0.49166666666666664
483,0.03195165880024433,0.031191357349356016,0.7603015104929606,0.07376648485660553,0.48333333333333334
484,0.0334912084043026,0.03260817987223466,0.8830281098683676,0.07737325131893158,0.44166666666666665
485,0.031574609130620955,0.03078968028227488,0.7849286158879598,0.07731366157531738,0.49166666666666664
486,0.03433482882877191,0.03342414138217767,0.9106875856717428,0.07280915975570679,0.4666666666666667
487,0.03319963626563549,0.03235104717314243,0.8485887050628662,0.07676558196544647,0.525
488,0.032533138742049536,0.031704851984977724,0.8282866915067036,0.07673626393079758,0.5083333333333333
489,0.03058501655856768,0.029828689619898797,0.7563268105189006,0.07200551778078079,0.4583333333333333
490,0.03174920889238517,0.03092437858382861,0.8248301188151042,0.07506874203681946,0.475
491,0.032953091089924176,0.032091068228085835,0.8620221098264058,0.07305752485990524,0.55
492,0.033012563611070314,0.03211319707334041,0.8993666132291158,0.07567203789949417,0.44166666666666665
493,0.03197826854884624,0.031169062728683153,0.8092060963312785,0.07855134457349777,0.48333333333333334
494,0.031505578011274335,0.030659084518750507,0.846493415037791,0.07684709131717682,0.4583333333333333
495,0.031530258059501645,0.030730501189827918,0.7997570196787517,0.07390861958265305,0.4666666666666667
496,0.031031149004896483,0.030259643991788227,0.7715050220489502,0.07527284324169159,0.475
497,0.030940273528297743,0.03008538521826267,0.8548880696296692,0.07666536420583725,0.525
498,0.032663084318240485,0.031858196730415025,0.8048875808715821,0.08368910849094391,0.5083333333333333
499,0.0333244763314724,0.03248907029628754,0.8354058941205342,0.07610493898391724,0.5083333333333333
500,0.03478501103818417,0.033978827546040216,0.8061834454536438,0.07171154767274857,0.4666666666666667
