epoch,train_loss,mse_loss,trend_loss,val_mse,val_mae,val_trend_acc
0,0.1783744511504968,0.15853652010361355,19.837927913665773,0.013952383771538734,0.09927351027727127,0.4583333333333333
1,0.025265013302365937,0.01942046470940113,5.84454836845398,0.012627155520021915,0.08708204329013824,0.5
2,0.011828733328729867,0.008447122496242325,3.381610711415609,0.0075828577391803265,0.06789468228816986,0.5
3,0.008909971639513969,0.0061046720171968145,2.8052993456522626,0.0051614646799862385,0.05511755868792534,0.3958333333333333
4,0.0068932616151869295,0.004614151502028108,2.279109994570414,0.004319735802710056,0.04916054382920265,0.3958333333333333
5,0.005625454833110174,0.003811933457230528,1.8135213295618693,0.003946167416870594,0.04859083518385887,0.3541666666666667
6,0.005010602126518885,0.0034373304185767966,1.573271648089091,0.0037025287747383118,0.04644792899489403,0.4375
7,0.004583586441973845,0.003013541758991778,1.5700446446736653,0.0030977516435086727,0.04177561774849892,0.3958333333333333
8,0.004265344111869732,0.002908508339896798,1.3568357586860658,0.002723919926211238,0.04002736881375313,0.3958333333333333
9,0.00395750617608428,0.0026371017486477894,1.3204043904940288,0.0034250852186232805,0.044822461903095245,0.4166666666666667
10,0.004519611721237501,0.0029864492360502483,1.5331623951594036,0.002851363504305482,0.04215655103325844,0.4166666666666667
11,0.0035582727830236155,0.0023911554948426784,1.1671172420183817,0.0028579733334481716,0.04253748804330826,0.3958333333333333
12,0.003949465261151393,0.002555984181041519,1.3934809843699136,0.00238422816619277,0.039603158831596375,0.4166666666666667
13,0.003825519777213534,0.0024636594578623773,1.3618602196375529,0.002135571325197816,0.036889318376779556,0.375
14,0.0035710154101252557,0.0023032441191996136,1.2677712122599283,0.0023918389342725277,0.036836449056863785,0.3541666666666667
15,0.004075528914108872,0.0026600721447418135,1.4154567162195841,0.0022334479726850986,0.036982133984565735,0.375
16,0.003725689634059866,0.002470846815655629,1.2548427661259969,0.0024334564805030823,0.03587578982114792,0.3541666666666667
17,0.0035072530154138803,0.0023414802194262545,1.165772763888041,0.002030949806794524,0.0366365872323513,0.3333333333333333
18,0.003516183343405525,0.002300477547881504,1.2157057523727417,0.002226700074970722,0.035891350358724594,0.4166666666666667
19,0.003640521705771486,0.0023555413043747347,1.284980344772339,0.001927484292536974,0.034756362438201904,0.4583333333333333
20,0.00406297380104661,0.0024360728605339927,1.626900891462962,0.0020739154424518347,0.036385081708431244,0.375
21,0.003452247225989898,0.0022390962733576697,1.2131508827209472,0.0022211747709661722,0.03687647357583046,0.375
22,0.003498226512844364,0.0022791265044361355,1.2190999428431193,0.0019288784824311733,0.03547598049044609,0.3541666666666667
23,0.004046216079344352,0.002884594591644903,1.1616214553515116,0.0017584931338205934,0.033741652965545654,0.3541666666666667
24,0.003522330786411961,0.002217172489811977,1.305158225695292,0.0017029616283252835,0.03189779072999954,0.4375
25,0.0032354748186965783,0.0021378875011578203,1.0975872953732808,0.0017959903925657272,0.03427876904606819,0.4791666666666667
26,0.0033011187954495353,0.0020938542516281207,1.2072644790013631,0.0018650222336873412,0.03258443996310234,0.4791666666666667
27,0.0037124368206908303,0.002383468005185326,1.3289687911669412,0.0021642809733748436,0.0391872338950634,0.4166666666666667
28,0.0035909013201793033,0.0021665770560503005,1.4243242263793945,0.0014782571233808994,0.02955816499888897,0.3541666666666667
29,0.003041486721485853,0.002090792082405339,0.9506945649782816,0.0022744028829038143,0.038190536201000214,0.4791666666666667
30,0.003702103750159343,0.002313987887464464,1.3881158431371052,0.0020919430535286665,0.035765718668699265,0.5
31,0.003825687477365136,0.0025060649029910566,1.319622512658437,0.0019850542303174734,0.033471059054136276,0.375
32,0.0032414230207602184,0.00202817611861974,1.2132468382517496,0.0016386598581448197,0.03106614202260971,0.4583333333333333
33,0.0030581807096799214,0.001985788830400755,1.0723918358484903,0.0014311055419966578,0.028941702097654343,0.4166666666666667
34,0.002933869402234753,0.0018612929852679372,1.0725763519605,0.0014121201820671558,0.03039824590086937,0.5
35,0.003082111043234666,0.0019696600696382425,1.112450893719991,0.0013755187392234802,0.028705544769763947,0.4583333333333333
36,0.0030851127890249093,0.00206922454914699,1.0158882061640422,0.0015334768686443567,0.030031787231564522,0.4166666666666667
37,0.0031817459501326086,0.0021057791309431195,1.0759667833646138,0.001490218797698617,0.02880781888961792,0.4375
38,0.003070326258117954,0.001908230665139854,1.1620955228805543,0.0012597613967955112,0.028548885136842728,0.4166666666666667
39,0.003285745019093156,0.0020110883051529527,1.2746566692988077,0.0014835897600278258,0.03199022263288498,0.3958333333333333
40,0.0036803859286010264,0.0022337055144210655,1.4466802875200908,0.00185919099021703,0.03300991281867027,0.4166666666666667
41,0.0035884225430587928,0.0021073576839019856,1.4810648043950398,0.0015531964600086212,0.030646301805973053,0.3958333333333333
42,0.003278514804939429,0.0020360527792945503,1.2424619634946188,0.0013373845722526312,0.02799626626074314,0.3958333333333333
43,0.003261392470449209,0.001939200338286658,1.322192092736562,0.0012536576250568032,0.027618376538157463,0.4791666666666667
44,0.0030675032176077366,0.0019422352663241327,1.1252679149309794,0.001804511295631528,0.035716891288757324,0.4791666666666667
45,0.003133135304475824,0.001970460948844751,1.1626742839813233,0.0018625248922035098,0.034210141748189926,0.4583333333333333
46,0.0036609728510181108,0.002046606286118428,1.6143664439519247,0.0012442637234926224,0.027812575921416283,0.5416666666666666
47,0.00317158498801291,0.0019294288552676637,1.2421560804049174,0.0014502211706712842,0.030964942649006844,0.5
48,0.003356578294187784,0.0020786070614121853,1.2779711922009787,0.0015195604646578431,0.030768297612667084,0.3958333333333333
49,0.0030888679282118875,0.0020198226052646835,1.0690452575683593,0.001970320474356413,0.03503997623920441,0.4583333333333333
50,0.0032935521720598143,0.0021296558280785877,1.1638963023821514,0.0016866724472492933,0.030772140249609947,0.4583333333333333
51,0.0034325218759477137,0.001968103887823721,1.4644179185231527,0.0016554262256249785,0.03256307542324066,0.4791666666666667
52,0.003513419535011053,0.002071120853846272,1.4422985871632894,0.0016036417800933123,0.032758936285972595,0.4583333333333333
53,0.0032001536184300978,0.002078250275614361,1.1219032645225524,0.0016454573487862945,0.03387335687875748,0.5
54,0.002849240833893418,0.00182701536687091,1.0222254117329916,0.0015609621768817306,0.03277358412742615,0.5
55,0.0029316047051300607,0.0017554405494593084,1.1761641263961793,0.0012948437361046672,0.028673045337200165,0.5
56,0.003162901010364294,0.001935804666330417,1.2270962675412496,0.0018501181621104479,0.035010430961847305,0.4375
57,0.003090012508134047,0.001830662814124177,1.2593496402104696,0.0014182055601850152,0.029572252184152603,0.4583333333333333
58,0.0030409271363168954,0.0018142857239581644,1.2266413251558939,0.0017149117775261402,0.03126947581768036,0.375
59,0.0030552923834572237,0.00203970615984872,1.0155861814816793,0.0017494827043265104,0.032559506595134735,0.4375
60,0.00285805972913901,0.0018756141110012929,0.9824455459912618,0.00173752976115793,0.03223668783903122,0.4166666666666667
61,0.0030882698638985554,0.0018586786541466911,1.229591147104899,0.0016129474388435483,0.030337316915392876,0.6041666666666666
62,0.003282755023489396,0.0019800293181712427,1.302725625038147,0.0018808896420523524,0.03307114541530609,0.5
63,0.0033383860563238462,0.00231302542767177,1.0253605484962462,0.0016428290400654078,0.032803528010845184,0.4791666666666667
64,0.0035243334559102854,0.00209775366820395,1.4265797019004822,0.0016606029821559787,0.03276805579662323,0.4375
65,0.002963498467579484,0.0017818360667054853,1.181662344932556,0.0013225185684859753,0.02718590945005417,0.375
66,0.002943366579711437,0.0017607267868394653,1.182639722029368,0.0017977297538891435,0.03251347690820694,0.4375
67,0.003529054842268427,0.002032043606353303,1.497011168797811,0.0014438085490837693,0.028607923537492752,0.5416666666666666
68,0.0032920907251536846,0.001910033697883288,1.3820569833119711,0.001604199525900185,0.03181791305541992,0.4791666666666667
69,0.0032139008864760397,0.0019442193675786256,1.269681453704834,0.0012013022787868977,0.026922134682536125,0.5416666666666666
70,0.002541364807014664,0.001619543581424902,0.9218211889266967,0.0011864197440445423,0.026486219838261604,0.4375
71,0.002875743806362152,0.001765844396625956,1.1098993062973022,0.0012644027592614293,0.028933066874742508,0.375
72,0.0028228918711344403,0.0018072435748763382,1.0156481782595317,0.0014273464912548661,0.02957756072282791,0.5208333333333334
73,0.003414641475925843,0.00230382903246209,1.1108123461405437,0.003358462592586875,0.04425530880689621,0.4583333333333333
74,0.0034223062451928855,0.002113351070632537,1.3089551329612732,0.001409230986610055,0.030089663341641426,0.4583333333333333
75,0.0029604490846395493,0.00187895701189215,1.081492022673289,0.0015919060679152608,0.030643383041024208,0.4791666666666667
76,0.0031690668935577073,0.0018662979903941352,1.3027688582738242,0.0015260693617165089,0.03118772618472576,0.4166666666666667
77,0.003422202883909146,0.0019159490475431085,1.5062538027763366,0.001229816465638578,0.026806464418768883,0.5
78,0.0026036017651980123,0.0016625760821625591,0.9410256544748942,0.0010634090285748243,0.02522171102464199,0.4583333333333333
79,0.0025942021670440833,0.0016585218176866571,0.9356802900632223,0.0012572273844853044,0.027500201016664505,0.4583333333333333
80,0.0027824475740393004,0.001720211945939809,1.0622355858484904,0.001288071391172707,0.02903006039559841,0.5208333333333334
81,0.0029080767494936784,0.001740372021837781,1.1677046736081442,0.0013284417800605297,0.02902096137404442,0.4791666666666667
82,0.002947318631534775,0.0017396633280441164,1.2076552470525106,0.0012451385846361518,0.02822113409638405,0.5208333333333334
83,0.0027648746656874818,0.0017052454485868415,1.0596291502316793,0.0012128043454140425,0.027005193755030632,0.4375
84,0.0026347042837490636,0.001682625466492027,0.9520787437756856,0.0015146149089559913,0.030405160039663315,0.4583333333333333
85,0.002628008912627896,0.0016558587667532265,0.9721501032511394,0.001676815445534885,0.03247184306383133,0.5208333333333334
86,0.0030677220628907284,0.0019119914310673873,1.1557305733362833,0.0012427129549905658,0.028308924287557602,0.5416666666666666
87,0.0029108335574467977,0.001803773948146651,1.1070595781008403,0.0016702882712706923,0.03127313777804375,0.5416666666666666
88,0.003279261787732442,0.001886804347547392,1.392457397778829,0.0016132420860230923,0.030237028375267982,0.4583333333333333
89,0.0029396271953980127,0.0018026746421431503,1.1369524677594502,0.0016193516785278916,0.03128890320658684,0.6041666666666666
90,0.003065925339857737,0.001801272303176423,1.2646529873212178,0.0010685940505936742,0.025226226076483727,0.5
91,0.0025957633508369325,0.0015569186730620761,1.038844641049703,0.0013196131912991405,0.028578167781233788,0.4166666666666667
92,0.0027899103860060375,0.0016967902697312335,1.093120030562083,0.0013886536471545696,0.029155094176530838,0.4375
93,0.002958332646327714,0.0018709956125045816,1.087337040901184,0.0019494491862133145,0.035728830844163895,0.4375
94,0.00324829095043242,0.0020692552983139953,1.1790355920791626,0.002250573132187128,0.03912144899368286,0.5
95,0.0031686669681221247,0.0018565476910832027,1.3121192574501037,0.0013567132409662008,0.02872450277209282,0.4583333333333333
96,0.0026361228975777824,0.0016420860891230404,0.9940367420514424,0.0015246986877173185,0.029725316911935806,0.5208333333333334
97,0.003247017025326689,0.0018757645584022006,1.371252385775248,0.001535414601676166,0.031641025096178055,0.4791666666666667
98,0.0036164017549405497,0.0018835196271538735,1.7328820864359538,0.0019888216629624367,0.036029331386089325,0.5
99,0.0041476035180191195,0.002138341140622894,2.009262263774872,0.0017392061417922378,0.0333242230117321,0.5208333333333334
100,0.0033129059864828985,0.0018653508081721763,1.4475550889968871,0.0014494409551844,0.029233163222670555,0.4791666666666667
101,0.0032193520882477364,0.0017875133509126803,1.4318386316299438,0.0017789190169423819,0.03307955712080002,0.5625
102,0.002937853646775087,0.0017003608595890303,1.2374926924705505,0.001360099297016859,0.02785824052989483,0.4375
103,0.0030004636850208045,0.0017492390315358838,1.2512246251106263,0.0015432268846780062,0.03217906877398491,0.4375
104,0.002888384849453966,0.0017471011611633002,1.141283639272054,0.0014831525040790439,0.029857341200113297,0.3958333333333333
105,0.002654853486455977,0.0016773379369017978,0.9775154948234558,0.0011282435152679682,0.025370419025421143,0.4583333333333333
106,0.0028423065940539043,0.001741536275949329,1.1007702469825744,0.00147344043944031,0.029853280633687973,0.4583333333333333
107,0.003369819015885393,0.0019405541359446942,1.4292648077011108,0.0020448537543416023,0.03855516389012337,0.3958333333333333
108,0.002849827116976182,0.0016802875325083733,1.1695395469665528,0.0021844820585101843,0.03490176051855087,0.5
109,0.002963141119107604,0.0017840044107288121,1.1791366418202718,0.0013133320026099682,0.02785864658653736,0.4791666666666667
110,0.0029026005417108537,0.0017308204939278464,1.1717800060908,0.0018565848004072905,0.033067334443330765,0.4583333333333333
111,0.00345413979763786,0.001991919878249367,1.46221981048584,0.0017466532299295068,0.03206201642751694,0.4583333333333333
112,0.002890497368449966,0.0017923520179465413,1.098145310084025,0.001252798130735755,0.02736452966928482,0.5416666666666666
113,0.0030941857335468133,0.0017661871504969894,1.3279985507329306,0.0010154389310628176,0.023621348664164543,0.5208333333333334
114,0.0025478152635817724,0.0015917691479747495,0.9560460607210796,0.001581488293595612,0.03338700160384178,0.5208333333333334
115,0.002576169775178035,0.001655212262024482,0.9209574699401856,0.0009423448937013745,0.02356569841504097,0.5208333333333334
116,0.002617687623326977,0.0015599816028649609,1.0577059666315713,0.0011191529920324683,0.026494916528463364,0.6041666666666666
117,0.0028779401909559965,0.001761388569138944,1.1165515621503195,0.002323747146874666,0.03808540850877762,0.5416666666666666
118,0.0030586245159308118,0.0018817035054477552,1.176920970280965,0.0011329154949635267,0.02646741271018982,0.5
119,0.0025489857109884423,0.0016387384462480743,0.9102472205956776,0.0010922715300694108,0.025912778452038765,0.4791666666666667
120,0.002526588613788287,0.0015721610204006236,0.9544275522232055,0.0011300339829176664,0.025728512555360794,0.5
121,0.0025569633347913624,0.0015268828681049248,1.0300804336865743,0.0012641919311136007,0.027540363371372223,0.5
122,0.0029122453182935716,0.0017285642369339862,1.183681031068166,0.0015042760642245412,0.02991790696978569,0.4375
123,0.00297580708283931,0.001726278814021498,1.249528205394745,0.0011910907924175262,0.028176000341773033,0.5
124,0.002684087182084719,0.0017657792971779902,0.9183078289031983,0.0020258037839084864,0.03700347617268562,0.5208333333333334
125,0.002643629916322728,0.0017055653074445824,0.9380645434061686,0.0015782590489834547,0.03104325570166111,0.4583333333333333
126,0.002755628743519386,0.0016262130695395172,1.1294156471888224,0.0009894843678921461,0.023170756176114082,0.5
127,0.0026986890782912574,0.0016553087664457659,1.0433802962303163,0.0012931943638250232,0.027436483651399612,0.5625
128,0.0027265656739473344,0.001683901040814817,1.0426645755767823,0.0010713634546846151,0.024838576093316078,0.5
129,0.002505312440916896,0.0016123310546390713,0.8929813226064046,0.0011028095614165068,0.024760091677308083,0.4583333333333333
130,0.0023730986906836432,0.0014896739002627632,0.8834247668584188,0.0012808467727154493,0.027095383033156395,0.4166666666666667
131,0.0023267131065949796,0.0014470725591915349,0.879640519618988,0.0011799652129411697,0.02613736316561699,0.4791666666666667
132,0.0025466850881154337,0.0015399510118489464,1.00673406124115,0.001316708861850202,0.027618827298283577,0.5833333333333334
133,0.0023880941327661274,0.0014823832005883256,0.9057108918825786,0.0012163962237536907,0.026408828794956207,0.4375
134,0.0024433219339698555,0.001439627706228445,1.0036941647529602,0.0009379055700264871,0.022914983332157135,0.4375
135,0.0025692456169053913,0.0015032824982578556,1.065963045756022,0.001270432723686099,0.02813386730849743,0.5416666666666666
136,0.0030015403715272742,0.0017628586152568459,1.23868168592453,0.001819148543290794,0.03259066119790077,0.5625
137,0.003184732934460044,0.0017947528278455139,1.3899800419807433,0.0016893574502319098,0.033796582370996475,0.5
138,0.003002092707902193,0.0016706792598900695,1.3314133723576864,0.0013573282631114125,0.027314266189932823,0.5208333333333334
139,0.0029657952565078933,0.0018584190440985064,1.107376182079315,0.0024367787409573793,0.04022643342614174,0.4583333333333333
140,0.0033025533736993867,0.0018463559836770097,1.4561973452568053,0.0011962795397266746,0.025921035557985306,0.5416666666666666
141,0.003340099798515439,0.0018512833630666137,1.4888164043426513,0.001745504210703075,0.03458957374095917,0.5
142,0.0027669418680792055,0.0016543479170650244,1.1125938971837361,0.001095560728572309,0.024898696690797806,0.4583333333333333
143,0.002846802701242268,0.0017311238373319308,1.1156787792841594,0.0013140625087544322,0.02832811512053013,0.4791666666666667
144,0.002987676579505205,0.0016647302700827519,1.3229462265968324,0.0011769304983317852,0.025743506848812103,0.4583333333333333
145,0.002812610830490788,0.0015816077318352958,1.2310030261675518,0.0017414342146366835,0.03386116027832031,0.4375
146,0.0026638444823523363,0.001619179166542987,1.0446652849515279,0.0029397846665233374,0.04269503429532051,0.5416666666666666
147,0.0027889646434535583,0.0016919716300132373,1.0969929099082947,0.0013528527924790978,0.028943778946995735,0.5
148,0.002794701318877439,0.001712355735556533,1.0823455572128295,0.0015074495458975434,0.032230064272880554,0.4791666666666667
149,0.0032884417412181693,0.0018642610559860865,1.4241806070009868,0.001727848662994802,0.03444426879286766,0.5416666666666666
150,0.0029855669320871434,0.001662504932998369,1.3230618635813396,0.0015040301950648427,0.029554639011621475,0.5625
151,0.002683077744829158,0.0016834259770500163,0.9996517658233642,0.001089270692318678,0.025005310773849487,0.3958333333333333
152,0.002554994192905724,0.0016168432271418472,0.9381509105364482,0.0008773418958298862,0.021929480135440826,0.5
153,0.0025173966074362396,0.0015165475623992583,1.0008489847183228,0.001339997281320393,0.02916170470416546,0.4583333333333333
154,0.002946110675111413,0.0017364468464317422,1.209663744767507,0.0010959949577227235,0.02518923394382,0.3958333333333333
155,0.0025033539005865652,0.0016708089814831814,0.8325448870658875,0.0013815320562571287,0.02905043214559555,0.4375
156,0.0029456711451833445,0.0019513880329517026,0.9942830324172973,0.004366193898022175,0.05426285043358803,0.4583333333333333
157,0.0034183462305615348,0.002371992050514867,1.046354107062022,0.002089254790917039,0.03744221106171608,0.5
158,0.0029598768800497056,0.001755646918900311,1.2042299191157022,0.0013447236269712448,0.028121531009674072,0.4375
159,0.0030881116321931283,0.0019905680868153772,1.097543478012085,0.0024995242711156607,0.0414559468626976,0.3958333333333333
160,0.003721243143081665,0.002321158070117235,1.4000850160916647,0.002044695895165205,0.03583263233304024,0.4791666666666667
161,0.0032793490837017695,0.0020157512587805587,1.2635977943738301,0.001036774250678718,0.024665597826242447,0.4791666666666667
162,0.0029479288961738346,0.0019601941574364902,0.9877347071965535,0.0012128116795793176,0.025976749137043953,0.4791666666666667
163,0.0029110187975068887,0.0017644381111798187,1.1465806206067404,0.001560885924845934,0.03107074461877346,0.5833333333333334
164,0.002817563759163022,0.0017188111203722655,1.0987526098887126,0.0013676673406735063,0.028734320774674416,0.4166666666666667
165,0.003120776289142668,0.0020393009879626335,1.0814752260843912,0.0010819978779181838,0.025234146043658257,0.5416666666666666
166,0.0032996607944369314,0.0022143606717387834,1.0853000680605571,0.0014049021992832422,0.029024135321378708,0.4791666666666667
167,0.003172926519376536,0.002082726029523959,1.0902004520098367,0.0014070142060518265,0.02927366830408573,0.4583333333333333
168,0.002880820274973909,0.0018414556165225805,1.0393646359443665,0.001326753874309361,0.027897918596863747,0.4791666666666667
169,0.003122707999621828,0.0020440001816799244,1.078707750638326,0.00183090940117836,0.03456208482384682,0.5625
170,0.0024926600822558005,0.0016182459774427115,0.874414066473643,0.0013361977180466056,0.02970588393509388,0.5416666666666666
171,0.00283220037817955,0.0016852351681639751,1.146965173880259,0.0010435773292556405,0.025395002216100693,0.4166666666666667
172,0.0024865563260391354,0.001585820340551436,0.9007359623908997,0.0013120868243277073,0.028222380205988884,0.3958333333333333
173,0.0027505236910656096,0.0017447676043957471,1.0057560165723165,0.00132795050740242,0.02966929040849209,0.5
174,0.0027713260846212507,0.0018480146885849536,0.9233113408088685,0.0014916096115484834,0.03154163807630539,0.4375
175,0.0026362916609893243,0.0016917514653565983,0.9445401589075725,0.001154524739831686,0.026334665715694427,0.5833333333333334
176,0.002813038664559523,0.0016351012939897676,1.1779373049736024,0.001258389325812459,0.027227776125073433,0.4583333333333333
177,0.0025477965672810873,0.0016437147200728456,0.9040818055470784,0.001444962341338396,0.02921384759247303,0.4791666666666667
178,0.0025083602871745826,0.0016180316102690994,0.8903286377588908,0.0011539235711097717,0.026168953627347946,0.5
179,0.0025470585950339835,0.0016492513357661664,0.8978072166442871,0.0017382395453751087,0.032601382583379745,0.4791666666666667
180,0.002914221677929163,0.0018479029376370212,1.0663187026977539,0.0012195330346003175,0.02683136984705925,0.4583333333333333
181,0.002619874430820346,0.0015425413148477674,1.0773330569267272,0.0015801596455276012,0.03148116543889046,0.4791666666666667
182,0.003412854392081499,0.0018072105012834072,1.6056437889734905,0.0015015575336292386,0.029914774000644684,0.4375
183,0.0026312868498886625,0.001653723787361135,0.9775630076726277,0.0017585293389856815,0.031514838337898254,0.5
184,0.0029112181160598992,0.001863168024768432,1.0480500340461731,0.0009446918265894055,0.02307056076824665,0.4791666666666667
185,0.0027965803785870475,0.0017058679562372465,1.0907123764355977,0.00131944939494133,0.028535757213830948,0.5208333333333334
186,0.0026195541257038714,0.001658341765869409,0.9612123171488444,0.0014722176128998399,0.029876645654439926,0.5208333333333334
187,0.0028595330736910303,0.0017560365454604228,1.1034964799880982,0.001153145101852715,0.02598853036761284,0.5833333333333334
188,0.002822175940188269,0.0018040790494220952,1.0180968165397644,0.0009714948828332126,0.023313255980610847,0.5833333333333334
189,0.003069357760250568,0.0019188243352497617,1.1505333701769511,0.0012219478376209736,0.02729104645550251,0.6041666666666666
190,0.003032516602737208,0.002001734209867815,1.0307823459307353,0.0010511425789445639,0.024492690339684486,0.5833333333333334
191,0.0027608335173378387,0.0015836939952957134,1.1771394769350687,0.0010595658095553517,0.025247741490602493,0.4791666666666667
192,0.002604035404510796,0.0014961341473584374,1.1079012195269267,0.0011988349724560976,0.026949184015393257,0.4375
193,0.002485267398878932,0.0015078785130754114,0.9773888309796651,0.0012965945061296225,0.02967802807688713,0.4583333333333333
194,0.002526764168093602,0.0015165847338115175,1.010179348786672,0.002338665071874857,0.03941341117024422,0.5625
195,0.0023005837031329674,0.0014151355833746492,0.8854480544726054,0.0011518721003085375,0.026498349383473396,0.5
196,0.0027830382188161213,0.0015981427471463878,1.184895428021749,0.0018593892455101013,0.0347268208861351,0.4375
197,0.003149930310125152,0.001865680185922732,1.2842500487963358,0.0033214432187378407,0.04729620739817619,0.5
198,0.0032513526423523825,0.0021260252067198354,1.1253274202346801,0.0018791076727211475,0.035761602222919464,0.4583333333333333
199,0.002664991918330391,0.0016270527228092154,1.037939155101776,0.0012728606816381216,0.027079610154032707,0.4583333333333333
200,0.0023813801584765316,0.001422903457811723,0.9584766666094462,0.0013458728790283203,0.029136184602975845,0.4375
201,0.0029461659646282594,0.001715576536177347,1.2305893858273824,0.002019570441916585,0.03423188626766205,0.5208333333333334
202,0.0032272972787419957,0.001887377630919218,1.3399196187655131,0.001467370893806219,0.02933109924197197,0.5
203,0.0038710253313183783,0.0024256945898135504,1.4453306595484416,0.0012087783543393016,0.028314439579844475,0.5416666666666666
204,0.00264435769058764,0.0017017357284203171,0.9426219026247661,0.001292940229177475,0.027744481340050697,0.5
205,0.002636797819286585,0.0015742186534528932,1.062579087416331,0.0012870022328570485,0.02654140442609787,0.5416666666666666
206,0.002798591849083702,0.0016723918728530408,1.1261999289194742,0.0012329077580943704,0.02715097740292549,0.5625
207,0.0029562849551439284,0.0016603551416968306,1.29592973391215,0.001357360277324915,0.03159630298614502,0.625
208,0.0029599589295685293,0.0017328816466033459,1.2270772536595662,0.0010456640738993883,0.025175150483846664,0.5625
209,0.002509915231106182,0.0014976072086331745,1.0123079895973206,0.0010501507204025984,0.027732539921998978,0.5416666666666666
210,0.0025807881883035105,0.0016496731395212313,0.9311149994532267,0.0011596815893426538,0.02497960440814495,0.6041666666666666
211,0.002412799202526609,0.0014920368751821418,0.92076229651769,0.001445553731173277,0.030725957825779915,0.5416666666666666
212,0.002680618758313358,0.0015543568801755707,1.126261830329895,0.0015273398021236062,0.029537389054894447,0.5625
213,0.002657559079428514,0.0016414917966661353,1.0160672227541605,0.002225030679255724,0.03643970936536789,0.5
214,0.0025707308047761518,0.0017509006778709591,0.8198300917943319,0.0013233086792752147,0.028698917478322983,0.4583333333333333
215,0.002574004683022698,0.001599201839417219,0.9748027841250102,0.0016650521429255605,0.031182240694761276,0.5416666666666666
216,0.003155513262997071,0.0016906595168014367,1.4648536403973897,0.001165138790383935,0.028403718024492264,0.4583333333333333
217,0.002869170648045838,0.0018766257291038832,0.9925448457400005,0.0016223093261942267,0.03044532984495163,0.4791666666666667
218,0.0025388655330364903,0.0014908375257315736,1.0480279485384623,0.0009178859763778746,0.023479225113987923,0.4583333333333333
219,0.0025830727225790422,0.0015440244227647782,1.0390482664108276,0.001352129620499909,0.029046449810266495,0.4583333333333333
220,0.002475257171317935,0.0015341187866094212,0.9411383390426635,0.001160662155598402,0.026418562978506088,0.5416666666666666
221,0.002701188763603568,0.0016100802381212513,1.0911084373792013,0.001335503300651908,0.030953800305724144,0.5
222,0.0028114993823692203,0.0016836323697740833,1.1278669516245523,0.0013238595565780997,0.02801434136927128,0.5625
223,0.002659257672106226,0.0016452350071631372,1.0140226085980732,0.0011896361829712987,0.027507426217198372,0.5
224,0.002429699913288156,0.0014518151991069316,0.9778846542040507,0.0010978605132550001,0.026536019518971443,0.5
225,0.002457463477427761,0.0015425394716051717,0.9149239619572958,0.0010599816450849175,0.024105124175548553,0.5625
226,0.002379469131119549,0.0014749045833013952,0.9045644879341126,0.002280022483319044,0.039378128945827484,0.5625
227,0.003090732746447126,0.0017715455110495289,1.3191871881484984,0.0017939398530870676,0.03300321474671364,0.6041666666666666
228,0.0024952952827637393,0.0015755970768320064,0.9196981509526571,0.0018780078971758485,0.03305499255657196,0.625
229,0.0024056460009887815,0.0015143680580270787,0.8912779370943705,0.001399779343046248,0.030111275613307953,0.5833333333333334
230,0.0028730585395048062,0.0017136658309027553,1.1593926707903544,0.0016431777039542794,0.031282637268304825,0.5625
231,0.0030808311110983293,0.001902453616882364,1.1783774455388387,0.0021995208226144314,0.03712029010057449,0.4583333333333333
232,0.0031599549576640127,0.0017217943910509347,1.438160494963328,0.0013956709299236536,0.02970440313220024,0.4791666666666667
233,0.002498877141624689,0.0015642770139190057,0.9346000750859579,0.0018020928837358952,0.034062597900629044,0.5833333333333334
234,0.002685128835340341,0.0016149518933768073,1.070176855723063,0.0015320468228310347,0.03223581984639168,0.4583333333333333
235,0.00245872811259081,0.001472549344180152,0.9861787398656209,0.0022544136736541986,0.03612299636006355,0.625
236,0.0022263602586463094,0.001427854368618379,0.7985058506329854,0.001283523510210216,0.02935665100812912,0.5416666666666666
237,0.002652039503057798,0.0017228680973251662,0.9291713635126749,0.0014171680668368936,0.02938159927725792,0.5833333333333334
238,0.0028203217157473166,0.0017075695058641335,1.1127521594365437,0.001053385902196169,0.025834446772933006,0.5
239,0.002620594933008154,0.0015294391506661972,1.091155739625295,0.0010757546406239271,0.026800701394677162,0.4583333333333333
240,0.0025003608549013733,0.001560938098312666,0.9394227306048075,0.0011226143687963486,0.02579437755048275,0.5208333333333334
241,0.0028971564024686813,0.001606784504838288,1.290371827284495,0.0013526653638109565,0.029290616512298584,0.4791666666666667
242,0.0027627438850079972,0.0015745765529572963,1.1881672859191894,0.0014481298858299851,0.03149741142988205,0.5625
243,0.0025947091868147253,0.0016205485910177231,0.9741605361302693,0.0013313073432072997,0.02894647978246212,0.5208333333333334
244,0.002436825423501432,0.0015804126587075492,0.8564126928647359,0.0012644622474908829,0.027258776128292084,0.4791666666666667
245,0.0025737730398153265,0.0015605086887565752,1.0132643183072407,0.0011156039545312524,0.026033716276288033,0.5416666666666666
246,0.0023462347375849883,0.001442250752976785,0.9039839386940003,0.0014758363831788301,0.02969164215028286,0.5416666666666666
247,0.002633552975021303,0.001537673935915033,1.0958789666493733,0.0011629349319264293,0.026467859745025635,0.5833333333333334
248,0.0026456947283198438,0.0014429868354151646,1.2027078509330749,0.001681927009485662,0.03398607298731804,0.4791666666666667
249,0.002741772603864471,0.0016698386054486037,1.071933925151825,0.0013294462114572525,0.02892928756773472,0.4791666666666667
250,0.002473970913949112,0.0013920898316428065,1.081881058216095,0.0013017349410802126,0.027943994849920273,0.5416666666666666
251,0.002388221980072558,0.001523491918730239,0.8647300203641256,0.0019812972750514746,0.035037484019994736,0.4583333333333333
252,0.0023717317419747514,0.0015249496054214736,0.8467820922533671,0.0009174600127153099,0.0243064034730196,0.5208333333333334
253,0.0024941457668319345,0.0013600544557751467,1.1340912302335104,0.0011958980467170477,0.028033176437020302,0.4375
254,0.0029386640371133884,0.001637259335257113,1.3014046152432759,0.0011875859927386045,0.026437856256961823,0.5208333333333334
255,0.0027563595212996006,0.0016312143144508204,1.125145145257314,0.0016326524782925844,0.03175250440835953,0.4166666666666667
256,0.0025646693694094816,0.0016635459925358495,0.9011232892672221,0.001227927510626614,0.028265496715903282,0.4375
257,0.002439189391831557,0.001492917324261119,0.9462720473607381,0.0021155306603759527,0.0379902645945549,0.4375
258,0.003217785277714332,0.001894092334744831,1.3236928145090738,0.0016661459812894464,0.03322039172053337,0.5416666666666666
259,0.003014508921963473,0.0018045507681866487,1.2099581360816956,0.0011907736770808697,0.0277694184333086,0.5833333333333334
260,0.0028266222216188908,0.001545886016295602,1.2807361483573914,0.0014343137154355645,0.030748456716537476,0.5208333333333334
261,0.0025009283951173225,0.0014801988805023332,1.0207294782002767,0.0011058510281145573,0.026080872863531113,0.5833333333333334
262,0.0022120382559175293,0.0012985723520008226,0.9134658734003703,0.0018017134862020612,0.03184842690825462,0.5208333333333334
263,0.0029292766470462085,0.0015042054078852137,1.4250711758931478,0.0014520313125103712,0.02980646677315235,0.5208333333333334
264,0.0029131266598900157,0.0015872030868194996,1.3259235143661499,0.0012127027148380876,0.027359412983059883,0.4166666666666667
265,0.0026327737917502723,0.0015324694647764166,1.1003042856852214,0.0013217827072367072,0.026656441390514374,0.4583333333333333
266,0.0028867334437867004,0.0016928367045087119,1.1938966830571494,0.0016388799995183945,0.03043138049542904,0.5
267,0.002400032516258458,0.001480413437820971,0.9196190237998962,0.0011726942611858249,0.026164444163441658,0.5625
268,0.0025540233124047517,0.0016697773477062582,0.8842459519704183,0.0012025644537061453,0.027560824528336525,0.5
269,0.0025088523204127946,0.0014977258048020302,1.0111264824867248,0.0011558093829080462,0.02814798429608345,0.5208333333333334
270,0.0026607557820777098,0.00160139137879014,1.059364370505015,0.0013366170460358262,0.02906731516122818,0.4583333333333333
271,0.002789571074148019,0.0015804527405028541,1.2091183225313822,0.0017984426813200116,0.0365641824901104,0.5625
272,0.003122497070580721,0.0018367339158430695,1.2857630530993143,0.002131348941475153,0.03572908788919449,0.4791666666666667
273,0.0034284012857824565,0.002382265008054674,1.046136192480723,0.0014585066819563508,0.030887063592672348,0.5
274,0.003069989817837874,0.0016970111678044002,1.3729785601298015,0.0018299963558092713,0.035932812839746475,0.4166666666666667
275,0.002838972536846995,0.0017204960342496634,1.1184764186541238,0.0011013778857886791,0.02559921145439148,0.4791666666666667
276,0.0026150925861050684,0.001507008650029699,1.1080838878949484,0.0016346273478120565,0.03508391231298447,0.5416666666666666
277,0.0033654204724977415,0.001766929173997293,1.5984912196795145,0.0010930094867944717,0.027190975844860077,0.5208333333333334
278,0.0026609611542274553,0.001736484452461203,0.9244766592979431,0.0011107436148449779,0.025932570919394493,0.4791666666666667
279,0.002840930176898837,0.0019933623261749744,0.8475678205490113,0.0010616134386509657,0.024831464514136314,0.4375
280,0.0023353312164545057,0.001532171080665042,0.8031601150830586,0.0010851675178855658,0.025759708136320114,0.5833333333333334
281,0.0031571491388604047,0.0019413246501547596,1.2158244212468465,0.0020271206740289927,0.03900003433227539,0.4791666666666667
282,0.0032457767985761164,0.0018348911156256993,1.4108855962753295,0.0011607344495132565,0.025809070095419884,0.5208333333333334
283,0.0025285947136580943,0.001473134170131137,1.0554605007171631,0.0015439839335158467,0.029254484921693802,0.5
284,0.002460229715021948,0.001478447171393782,0.9817825078964233,0.0010733339004218578,0.02617347240447998,0.5
285,0.002241001867999633,0.0013074658927507699,0.9335359255472819,0.0011173997772857547,0.02748986892402172,0.4791666666666667
286,0.002369360245453815,0.0013890863590252896,0.9802738308906556,0.0018579924944788218,0.0340568870306015,0.4166666666666667
287,0.002804638344484071,0.001594843373944362,1.2097949186960857,0.0014816056936979294,0.03185831010341644,0.4791666666666667
288,0.0021542901638895275,0.0013667041552253068,0.787585989634196,0.0012234047753736377,0.02801114320755005,0.5416666666666666
289,0.002109937268930177,0.0013290669769048691,0.7808702468872071,0.002284213900566101,0.036576177924871445,0.6041666666666666
290,0.0024184599751606584,0.0016418884391896428,0.7765714844067891,0.0018428056500852108,0.03426588326692581,0.4583333333333333
291,0.002626110326188306,0.0016731514013372361,0.9529588898022969,0.0015127478400245309,0.030643926933407784,0.4166666666666667
292,0.002903816119457285,0.001796287919084231,1.1075281540552775,0.001529327710159123,0.02979978360235691,0.5208333333333334
293,0.0028446295919517675,0.001866834257574131,0.9777952750523885,0.0016002535121515393,0.03256377577781677,0.5416666666666666
294,0.0030169481954847774,0.0018617598184694846,1.1551883538564047,0.0010452020214870572,0.024194709956645966,0.5208333333333334
295,0.0027896057426308593,0.0018394530828421314,0.950152603785197,0.001689629745669663,0.031181639060378075,0.4375
296,0.0029032377060502768,0.0017952969569402437,1.1079406936963399,0.00212408066727221,0.037308577448129654,0.4583333333333333
297,0.0026020028550798693,0.0016535838328612348,0.9484190265337626,0.001018907525576651,0.025060059502720833,0.6666666666666666
298,0.0021922095290695626,0.0013436383878191313,0.8485710700352986,0.001359471003524959,0.028706541284918785,0.5
299,0.0023959373822435735,0.0014774945370542507,0.9184427857398987,0.0012996672885492444,0.028255650773644447,0.5208333333333334
300,0.002426335634663701,0.0016194438134940962,0.8068917949994405,0.0014086273731663823,0.03235417231917381,0.5208333333333334
301,0.0026568047469481826,0.0015210416594830653,1.1357630491256714,0.001421846798621118,0.03284406661987305,0.5416666666666666
302,0.0029121638042852284,0.001563279920568069,1.348883871237437,0.0012860893039032817,0.02895379066467285,0.5625
303,0.002508036691385011,0.0014436830106812218,1.064353601137797,0.0018235965399071574,0.03477425500750542,0.5416666666666666
304,0.0027820066704104343,0.001685271334523956,1.0967352469762166,0.0020001777447760105,0.037209998816251755,0.4583333333333333
305,0.002809356719565888,0.0016787618903132777,1.130594786008199,0.0015862473519518971,0.03157424181699753,0.4583333333333333
306,0.0030960989107067386,0.0019674414594192057,1.1286574085553487,0.0011912924237549305,0.027543941512703896,0.5416666666666666
307,0.0024823408185814817,0.0014597733194629352,1.0225674311319988,0.001099149463698268,0.026470692828297615,0.5208333333333334
308,0.0022122414006541173,0.0012831172750641902,0.9291240731875102,0.001047362107783556,0.026360882446169853,0.5208333333333334
309,0.0026778779458254574,0.0015160458938529094,1.1618320186932882,0.0011663887416943908,0.02774920128285885,0.5416666666666666
310,0.002271263347938657,0.0013290295416178803,0.9422337810198466,0.0012034294195473194,0.026546183973550797,0.5833333333333334
311,0.002147347449014584,0.0012993024739747247,0.8480449239412944,0.0012357409577816725,0.02711419016122818,0.4583333333333333
312,0.0026224765616158644,0.001472144655417651,1.1503318468729655,0.0010515052126720548,0.026329755783081055,0.4583333333333333
313,0.002425786821792523,0.0013936506933532656,1.032136062781016,0.0011237041326239705,0.026148967444896698,0.4583333333333333
314,0.0025668013530472916,0.0014281386548342804,1.1386626680692038,0.0011403049575164914,0.02664843015372753,0.6666666666666666
315,0.002576345158740878,0.0015307899486894409,1.0455551147460938,0.0013741563307121396,0.02812155708670616,0.4166666666666667
316,0.002771056831503908,0.001590520100823293,1.1805366635322572,0.0012819250114262104,0.02741113491356373,0.5416666666666666
317,0.002601792865122358,0.0015206265961751342,1.0811662197113037,0.0011040786048397422,0.025407206267118454,0.5625
318,0.0022920957611252866,0.001374137708141158,0.9179580132166545,0.0013012904673814774,0.02824513055384159,0.6666666666666666
319,0.002543367880086104,0.0016466364885369936,0.8967313766479492,0.002178342780098319,0.03881406784057617,0.5
320,0.0027427466275791327,0.0015389712061733007,1.2037753582000732,0.0016310892533510923,0.03209459036588669,0.5416666666666666
321,0.002676480426453054,0.00159636593501394,1.08011447985967,0.0014930765610188246,0.030095012858510017,0.5
322,0.002609369601123035,0.001748282815484951,0.8610867818196615,0.0015327875735238194,0.03248629346489906,0.625
323,0.002662513218820095,0.0018756019494806726,0.7869112451871236,0.0013459936017170548,0.03171561658382416,0.4583333333333333
324,0.002687531989067793,0.0014932069500597815,1.1943249901135762,0.0010100604267790914,0.026699943467974663,0.5833333333333334
325,0.0025767488094667595,0.0014355943227807681,1.141154452164968,0.00136364228092134,0.031918399035930634,0.5833333333333334
326,0.002666781237348914,0.0015209159658600886,1.145865229765574,0.0015094511909410357,0.0321357324719429,0.5833333333333334
327,0.002583352484119435,0.0014979530164661507,1.0853994131088256,0.0014708864036947489,0.033322110772132874,0.4791666666666667
328,0.00240151626834025,0.001421583075231562,0.9799331506093343,0.0013954738387838006,0.030090030282735825,0.4791666666666667
329,0.002418949354129533,0.00141801661811769,1.0009326775868734,0.0012010553618893027,0.02740827575325966,0.4791666666666667
330,0.0027109868436430893,0.001837210050628831,0.8737767259279887,0.0016629277961328626,0.03277251124382019,0.5208333333333334
331,0.0026902267554154,0.001623321087875714,1.0669056177139282,0.0011547383619472384,0.027442824095487595,0.4166666666666667
332,0.0023738136903072395,0.0013642602464339385,1.0095533887545267,0.00139335123822093,0.029215004295110703,0.4375
333,0.002735834700676302,0.0015383166532653074,1.197517995039622,0.0012893496314063668,0.026982879266142845,0.625
334,0.002633527961249153,0.0016415269734958808,0.992000945409139,0.0012598505709320307,0.02992233820259571,0.5833333333333334
335,0.0024403448061396677,0.0013748348923400045,1.065509847799937,0.0012180543271824718,0.02855965495109558,0.5
336,0.0025438510347157717,0.0013573429741275808,1.1865080038706461,0.0010789771331474185,0.02620003931224346,0.6041666666666666
337,0.0022894915270929533,0.0014217899607804915,0.8677014986673991,0.0011654983973130584,0.026944240555167198,0.6041666666666666
338,0.002415236442660292,0.001441913249436766,0.9733231584231059,0.0010915581369772553,0.026065174490213394,0.5416666666666666
339,0.002211770221280555,0.0013154667026052873,0.8963034550348917,0.001094422652386129,0.027274472638964653,0.4583333333333333
340,0.002248819847591221,0.0013844261683213213,0.8643936395645142,0.0014475308125838637,0.03062480129301548,0.5416666666666666
341,0.0027596315912281474,0.0016321746438431243,1.1274568955103557,0.0013082519872114062,0.028710659593343735,0.4583333333333333
342,0.0028109128897388777,0.0014834271161817015,1.3274856805801392,0.0018735609482973814,0.03324570506811142,0.4791666666666667
343,0.0031475449291368325,0.0016560638323426247,1.4914810220400492,0.0011431884486228228,0.026503272354602814,0.5
344,0.0022992658584068217,0.00131314363097772,0.986122194925944,0.001493513467721641,0.029926151037216187,0.5625
345,0.0026402181790520745,0.0014804508032587667,1.1597673296928406,0.0017165220342576504,0.03462224453687668,0.5208333333333334
346,0.003445521167789896,0.0018030651922648151,1.6424558997154235,0.0017704261699691415,0.035150423645973206,0.5208333333333334
347,0.0025925879444306096,0.0014597533309521774,1.132834502061208,0.001393450889736414,0.03150958567857742,0.4583333333333333
348,0.00232611036238571,0.001377176788325111,0.9489335099856059,0.0012208223342895508,0.02868693508207798,0.5625
349,0.00222480915642033,0.0012617716876169047,0.9630374113718668,0.0012683381792157888,0.028808852657675743,0.6041666666666666
350,0.0022132922274370986,0.0013397858827374875,0.8735062837600708,0.0016033941647037864,0.03397025167942047,0.5
351,0.0024203526321798564,0.0014213622935737172,0.9989903052647908,0.001512690563686192,0.03340868651866913,0.5416666666666666
352,0.002479340919914345,0.0014169151235061386,1.0624257326126099,0.0019388250075280666,0.03590388596057892,0.4583333333333333
353,0.0027141263087590533,0.001431305524117003,1.282820737361908,0.0012969180243089795,0.028722133487462997,0.5416666666666666
354,0.002391622013722857,0.001366700006959339,1.024921993414561,0.0014326057862490416,0.02951725199818611,0.5625
355,0.0022516941108430425,0.001482046857321014,0.769647212823232,0.0010178354568779469,0.02605622634291649,0.5208333333333334
356,0.002192196963975827,0.0013532245648093522,0.8389723698298136,0.001389773329719901,0.03167315572500229,0.4166666666666667
357,0.0027502660639584066,0.0015755795951311786,1.1746864318847656,0.002493832027539611,0.039269138127565384,0.5833333333333334
358,0.0029300628695636986,0.0020342810933167738,0.8957817276318868,0.0022297650575637817,0.037905819714069366,0.4791666666666667
359,0.0027690582365418473,0.0019736019040768344,0.7954562981923421,0.001261605299077928,0.028255589306354523,0.5416666666666666
360,0.0022646712216859064,0.0014507693354971706,0.8139018376668294,0.001308891223743558,0.02786559984087944,0.5833333333333334
361,0.0022777021940176686,0.001336102106142789,0.9416000286738078,0.0013294483069330454,0.02995878830552101,0.3958333333333333
362,0.0024076435326909023,0.00161001036176458,0.7976330955823262,0.0017376450123265386,0.0314648412168026,0.5833333333333334
363,0.0026667709617565075,0.0017439113076155384,0.9228596409161886,0.001968340715393424,0.035770904272794724,0.5
364,0.002800678942973415,0.001489251161304613,1.3114276687304178,0.001543355523608625,0.03156900778412819,0.5208333333333334
365,0.0026698783272877335,0.0015045584528706967,1.165319836139679,0.0013633397174999118,0.030365055426955223,0.5208333333333334
366,0.0023816627527897555,0.0014745731139555573,0.9070895512898763,0.0013268340844660997,0.02890734001994133,0.6041666666666666
367,0.002399919383848707,0.0014498945092782378,0.9500248511632283,0.0015228483825922012,0.029515407979488373,0.6458333333333334
368,0.002467681863345206,0.0013909437654850384,1.0767380515734355,0.001536153256893158,0.03124062344431877,0.3958333333333333
369,0.0029364677456518015,0.0014686479155595104,1.4678197423617045,0.001125925569795072,0.026647618040442467,0.5625
370,0.002163277760458489,0.001316706754732877,0.8465709606806437,0.0012973727425560355,0.027922004461288452,0.4583333333333333
371,0.002153088222257793,0.0013080600455092886,0.8450281620025635,0.0017305748770013452,0.034546833485364914,0.4375
372,0.0024586619731659693,0.0014856574901690085,0.9730044523874919,0.0014586482429876924,0.030602309852838516,0.5416666666666666
373,0.0025184547062963246,0.001517480774782598,1.0009738246599833,0.0017362319631502032,0.03320358693599701,0.4166666666666667
374,0.0028791288301969566,0.0016483745304867626,1.2307542284329733,0.0013798967702314258,0.031207706779241562,0.5
375,0.0022261592171465357,0.0013923064883177478,0.8338526765505473,0.0010636212537065148,0.026918506249785423,0.5833333333333334
376,0.002167187336211403,0.0013377794569047789,0.8294078389803569,0.0017498702509328723,0.03235919773578644,0.5833333333333334
377,0.0030899638930956524,0.00178529165374736,1.3046721458435058,0.001469477778300643,0.030359309166669846,0.5208333333333334
378,0.002544330549426377,0.0015080329379998148,1.036297583580017,0.0013735516695305705,0.030433641746640205,0.4791666666666667
379,0.0024637391945968074,0.0014696066190178195,0.9941325267155965,0.0019736720714718103,0.03718336671590805,0.4166666666666667
380,0.002782290630663435,0.0017265117882440488,1.0557788292566934,0.002041890984401107,0.034355200827121735,0.5208333333333334
381,0.0026479389052838087,0.0015057504177093505,1.1421883940696715,0.0010618995875120163,0.027023352682590485,0.5625
382,0.0019073930646603305,0.0011884579240965347,0.7189350922902426,0.0011834773467853665,0.027100495994091034,0.6458333333333334
383,0.0019575908547267316,0.0012202512589283288,0.7373395522435506,0.0014936160296201706,0.030851656571030617,0.5416666666666666
384,0.002167014785421391,0.001340935945821305,0.8260788242022197,0.0011277134763076901,0.026365747675299644,0.5833333333333334
385,0.0023601085956518847,0.0015573753509670496,0.8027331948280334,0.0018374763894826174,0.032936856150627136,0.5625
386,0.002316902399373551,0.001447542376505832,0.8693599859873454,0.001059826696291566,0.026720719411969185,0.625
387,0.001998015927771727,0.0011910410326284667,0.8069748600323995,0.0012606543023139238,0.02899591065943241,0.5208333333333334
388,0.002156996726989746,0.001257397773830841,0.8995989402135213,0.0010901812929660082,0.02705475129187107,0.5416666666666666
389,0.00267626428976655,0.0014441381907090544,1.2321260412534079,0.0014437673380598426,0.031535856425762177,0.3958333333333333
390,0.0027952292468398808,0.001428044595134755,1.367184579372406,0.001589572406373918,0.03366686776280403,0.5416666666666666
391,0.0026285283267498015,0.0014387504585708182,1.1897778034210205,0.001020823372527957,0.026147814467549324,0.5
392,0.002195575057218472,0.0012439053234023353,0.9516696890195211,0.0012046709889546037,0.027154752984642982,0.5208333333333334
393,0.0022702027345076203,0.0013036985066719354,0.9665042082468669,0.0014194280374795198,0.030971575528383255,0.5208333333333334
394,0.0023826793146630126,0.0013002027679855624,1.0824764887491862,0.0014820134965702891,0.030517347157001495,0.5208333333333334
395,0.0022736416741584737,0.0013479990768246353,0.9256425658861797,0.0014060713583603501,0.029064016416668892,0.5
396,0.0021653396310284735,0.0013498549388411144,0.8154846747716268,0.0024058783892542124,0.040783967822790146,0.5833333333333334
397,0.002690316798786322,0.0019509250996634364,0.7393916924794515,0.0022209070157259703,0.03518547862768173,0.4583333333333333
398,0.002370124589651823,0.0014983996128042538,0.8717249433199564,0.0017886738060042262,0.03417284041643143,0.5833333333333334
399,0.0021356006696199377,0.0013492281083017587,0.7863725185394287,0.00115746830124408,0.027710724622011185,0.5833333333333334
400,0.0024771403909350435,0.0013657485600560904,1.1113917748133342,0.001531952410005033,0.03132713586091995,0.4583333333333333
401,0.0026019207279508313,0.0014361024252139032,1.1658182621002198,0.001181388390250504,0.02660345286130905,0.5416666666666666
402,0.0021170075439537563,0.0012643496661136548,0.8526578307151794,0.0013487334363162518,0.02919549122452736,0.5625
403,0.0020098571277533967,0.001234263084673633,0.7755939920743307,0.0013803878100588918,0.030484555289149284,0.4583333333333333
404,0.00245638155999283,0.0014159079679908853,1.0404735803604126,0.0014945766888558865,0.03165185824036598,0.5208333333333334
405,0.00235428831850489,0.001443594057733814,0.9106942216555277,0.0013121817028149962,0.0277950968593359,0.5833333333333334
406,0.0023065336203823487,0.0013799886219203472,0.9265449523925782,0.0015638102777302265,0.03488217294216156,0.5
407,0.0022851237018282214,0.001380211696960032,0.9049119591712952,0.0015162475174292922,0.030146071687340736,0.4583333333333333
408,0.00286318672200044,0.0014982117805629968,1.3649748762448628,0.0013106593396514654,0.029696932062506676,0.4375
409,0.002856983453966677,0.0015819648824011287,1.2750185092290243,0.0013939470518380404,0.02966925874352455,0.4375
410,0.0027959158333639303,0.0015260160124550262,1.2698997974395752,0.0014937394298613071,0.03226757422089577,0.4791666666666667
411,0.002426768404742082,0.001391689545319726,1.0350788156191508,0.001526680658571422,0.031771767884492874,0.5416666666666666
412,0.0019466828166817625,0.0011960371552656095,0.7506456335385641,0.0013191793113946915,0.031026294454932213,0.5208333333333334
413,0.0023679837739715975,0.0014497579114201168,0.9182258129119873,0.0014911771286278963,0.031121430918574333,0.5625
414,0.002002710538605849,0.0012582169341233869,0.7444935838381449,0.0014248838415369391,0.0305896308273077,0.5208333333333334
415,0.0020539214679350455,0.001246567904793968,0.8073535482088725,0.0015045139007270336,0.03313576430082321,0.5416666666666666
416,0.002527047949843109,0.001516598261271914,1.0104496757189432,0.0012521340977400541,0.027197740972042084,0.625
417,0.002426556699598829,0.0013869460866165657,1.0396105567614238,0.0013900685589760542,0.03051515854895115,0.5416666666666666
418,0.0026066729876523215,0.0015233828996618589,1.0832900365193685,0.00163059844635427,0.031878866255283356,0.4791666666666667
419,0.002288762666285038,0.0013268517912365496,0.9619108517964681,0.0015594738069921732,0.03149055689573288,0.5416666666666666
420,0.00204820338015755,0.0012616569874808192,0.7865463614463806,0.0016051622806116939,0.0329597108066082,0.5208333333333334
421,0.0022745415180300673,0.0014367315491350988,0.8378098964691162,0.0018185940571129322,0.03235907107591629,0.5208333333333334
422,0.002728258624362449,0.0014949594701950748,1.2332991361618042,0.0029788853134959936,0.043278634548187256,0.4583333333333333
423,0.0032920532083759706,0.00178429598454386,1.5077571630477906,0.0020316257141530514,0.03394483029842377,0.4583333333333333
424,0.0031272131173561016,0.0017951014141241708,1.3321116328239442,0.001476589241065085,0.0315927192568779,0.4375
425,0.0021423792156080403,0.0012262379828219612,0.9161412398020427,0.0012424379820004106,0.027772139757871628,0.625
426,0.002402692179506024,0.0013626194093376398,1.0400727033615111,0.0011775803286582232,0.02733391523361206,0.5416666666666666
427,0.0021248526017492017,0.001279312608918796,0.8455399513244629,0.0014893710613250732,0.03224592283368111,0.5625
428,0.002145057652766506,0.0013654274943595132,0.7796301325162251,0.0012528597144410014,0.028024177998304367,0.5
429,0.002318933326750994,0.0012681522018586596,1.0507810711860657,0.001446473179385066,0.030097665265202522,0.4375
430,0.002398754951233665,0.0013827465668631096,1.0160083214441935,0.0021333331242203712,0.037040021270513535,0.5625
431,0.00331673255811135,0.001835762069094926,1.4809704184532166,0.0018881146097555757,0.032152675092220306,0.5625
432,0.002723242163968583,0.0017094370055322845,1.013805099328359,0.0012285587145015597,0.027254683896899223,0.5833333333333334
433,0.0024440817612533766,0.0014507622264015177,0.9933194915453593,0.0012302154209464788,0.02886144258081913,0.5416666666666666
434,0.0023917744634673,0.0015370616844544809,0.8547127525011698,0.0013928022235631943,0.030037762597203255,0.5833333333333334
435,0.0021775831157962483,0.0013036779166820148,0.8739051500956218,0.0012007022742182016,0.027038853615522385,0.6666666666666666
436,0.002099595172330737,0.0012768850040932496,0.822710116704305,0.0012168338289484382,0.02834252454340458,0.4791666666666667
437,0.002054792991839349,0.0012290404760278762,0.8257524887720744,0.001760898856446147,0.0318462960422039,0.5416666666666666
438,0.0021595391600082317,0.0013709145481698216,0.7886245449384054,0.0013282414292916656,0.029786856845021248,0.6458333333333334
439,0.002535840931038062,0.00135166320639352,1.1841776490211486,0.0018283576937392354,0.032033421099185944,0.5416666666666666
440,0.002749435929581523,0.0015403883919740716,1.209047516187032,0.002135152230039239,0.034659720957279205,0.5208333333333334
441,0.002272459321344892,0.0013675768044777215,0.9048824667930603,0.001516947289928794,0.031051555648446083,0.4583333333333333
442,0.002132827190992733,0.0012440964152726035,0.8887307246526083,0.0014612482627853751,0.02997475303709507,0.5
443,0.002181892477286359,0.0012859908553461234,0.8959015607833862,0.0019370205700397491,0.0340777263045311,0.5625
444,0.002359184126059214,0.0014336680877022445,0.9255160291989645,0.0014323550276458263,0.030827075242996216,0.4791666666666667
445,0.0023144311659658947,0.0013434946304187179,0.9709364811579386,0.0014212505193427205,0.03141479939222336,0.4583333333333333
446,0.002382801550750931,0.0014002671038421493,0.982534396648407,0.0013062364887446165,0.028164755553007126,0.6458333333333334
447,0.0022758014810582003,0.0013571381219662725,0.9186632951100667,0.001209868467412889,0.027219397947192192,0.5625
448,0.0022185511033361157,0.001335280997833858,0.8832700451215109,0.001492854324169457,0.03067980334162712,0.5
449,0.0019799416807169718,0.0012233733936833839,0.7565682450930278,0.0015162455383688211,0.03146468102931976,0.5625
450,0.0024931082346787057,0.001403526511664192,1.0895816604296367,0.0015444477321580052,0.030285725370049477,0.4375
451,0.0024492219168071945,0.0013323732612965007,1.116848607858022,0.001648373669013381,0.03165489807724953,0.4166666666666667
452,0.002121140978609522,0.0012894038188581666,0.8317371129989624,0.0015332408947870135,0.032016605138778687,0.5833333333333334
453,0.0021417049846301477,0.0012927377480082213,0.8489671945571899,0.0016049686819314957,0.031008515506982803,0.5
454,0.002014200591171781,0.0012061490289246044,0.8080515225728353,0.001627360237762332,0.03167732432484627,0.5416666666666666
455,0.0020239895132059854,0.0012577375979162752,0.7662518779436748,0.001463929540477693,0.030413717031478882,0.5416666666666666
456,0.0021875005448237063,0.0012689227781568964,0.9185777227083842,0.0013587049907073379,0.0285835862159729,0.5833333333333334
457,0.0021369478044410547,0.0012732816821274659,0.8636660615603129,0.0011978369439020753,0.027773689478635788,0.5
458,0.0022570178378373386,0.0013347364690465232,0.9222813129425049,0.0016556966584175825,0.03390420973300934,0.5416666666666666
459,0.002469467627815902,0.0014237222727388143,1.045745325088501,0.0013304516905918717,0.02920815348625183,0.5
460,0.002283012750558555,0.001358635277332117,0.924377437432607,0.001448207302019,0.029941199347376823,0.5833333333333334
461,0.00219259155758967,0.0012559115110586086,0.9366800308227539,0.0012695207260549068,0.027601493522524834,0.5625
462,0.0020877730877449114,0.001217323374779274,0.8704496582349142,0.0012257321504876018,0.027157647535204887,0.625
463,0.0019203920771057408,0.001138072026272615,0.7823200186093648,0.0013979441719129682,0.02963772974908352,0.5416666666666666
464,0.001863076693067948,0.0011139484044785301,0.749128254254659,0.001618885900825262,0.032605525106191635,0.5208333333333334
465,0.002034048953404029,0.0012133281251105168,0.8207208395004273,0.0015223041409626603,0.03151204437017441,0.5
466,0.0021889528802906473,0.0013415343205754955,0.8474185188611348,0.0011794910533353686,0.02731299214065075,0.5416666666666666
467,0.002226250160795947,0.0013818832812830806,0.8443668127059937,0.001556278089992702,0.03278055042028427,0.6041666666666666
468,0.0021478201262652872,0.001319308664339284,0.8285113970438639,0.0016423857305198908,0.032257359474897385,0.4583333333333333
469,0.0021383938224365314,0.0013664364426707227,0.7719573616981507,0.0017048693262040615,0.032023556530475616,0.5
470,0.002229656574005882,0.0012849246306965748,0.9447318871816,0.0020143254660069942,0.036770567297935486,0.4583333333333333
471,0.0019036692567169667,0.0011851585935801268,0.7185106197992961,0.0016769610811024904,0.03053690679371357,0.625
472,0.002227912307716906,0.0013664036251914999,0.8615086237589519,0.002371266484260559,0.039198193699121475,0.4791666666666667
473,0.002086733204002182,0.001324796622308592,0.7619365374247233,0.001588213024660945,0.030925747007131577,0.5833333333333334
474,0.0020572466620554525,0.0012628761042530337,0.7943705320358276,0.0015938399592414498,0.0337672159075737,0.5625
475,0.0021959074152012666,0.0013259392192897697,0.8699681599934895,0.0012872645165771246,0.029262639582157135,0.5416666666666666
476,0.002281018486246467,0.00133646367272983,0.9445547739664714,0.0013471064157783985,0.030150406062602997,0.6041666666666666
477,0.0025281858164817096,0.0013853988687818248,1.1427868763605753,0.0015953060938045382,0.030421055853366852,0.6666666666666666
478,0.0025326158385723828,0.0013576746918261052,1.1749411384264628,0.0017858630744740367,0.03261115774512291,0.5208333333333334
479,0.002413328690454364,0.0014111510943621397,1.0021775523821512,0.0013273399090394378,0.028370022773742676,0.5416666666666666
480,0.002572800622632106,0.0014406881256339452,1.132112435499827,0.0011343297082930803,0.025913545861840248,0.5208333333333334
481,0.002289487693148355,0.0013073114794678986,0.9821761767069499,0.001537166885100305,0.03170665726065636,0.625
482,0.002664729952812195,0.0016967506303141515,0.9679793079694112,0.0018398521933704615,0.03199188411235809,0.5
483,0.002678649166288475,0.001748589581499497,0.9300595879554748,0.0015522546600550413,0.03119196929037571,0.4791666666666667
484,0.0025646570992345612,0.0017293588568766912,0.835298212369283,0.0016906769014894962,0.03340530768036842,0.6458333333333334
485,0.002303664719996353,0.0014881867061679562,0.8154779831568401,0.0016981182852759957,0.03186366334557533,0.5
486,0.0021307698450982572,0.0012679024521882335,0.8628673513730367,0.0015330001479014754,0.030911611393094063,0.625
487,0.0023182441713288427,0.0013235920108854772,0.9946521083513896,0.0016674146754667163,0.03389441967010498,0.5
488,0.002461327115694682,0.0013708561232003073,1.0904709617296855,0.0014818827621638775,0.030476681888103485,0.625
489,0.0019916033915554484,0.0011667873399953048,0.8248160322507222,0.0015796150546520948,0.030472835525870323,0.4583333333333333
490,0.002088063792325556,0.0012408709793817253,0.8471927444140116,0.0015531094977632165,0.031192557886242867,0.6666666666666666
491,0.001874613342806697,0.0011167230860640606,0.7578902284304301,0.0014678093139082193,0.031104950234293938,0.5833333333333334
492,0.0019485635372499626,0.0011680632558030387,0.7805002133051554,0.0017531776102259755,0.034265678375959396,0.625
493,0.0021875532732034725,0.001249493247208496,0.9380599816640218,0.0016996607882902026,0.03390122950077057,0.4375
494,0.002582082043712338,0.0014352576341480016,1.1468243281046548,0.0016252557979896665,0.03255400061607361,0.5416666666666666
495,0.002477964347538849,0.0014139949072462818,1.0639694174130758,0.0021065736655145884,0.035619959235191345,0.5625
496,0.0029210788973917565,0.0015292779232064884,1.3918008923530578,0.0016650721663609147,0.03110865131020546,0.4791666666666667
497,0.0028325940249487756,0.0014706359710544349,1.3619580030441285,0.0016362856840714812,0.03268752992153168,0.5208333333333334
498,0.0032600713583330315,0.0016466135314355294,1.613457735379537,0.0017613895470276475,0.033886633813381195,0.5
499,0.0026016660189876954,0.0014247671468183398,1.1768988609313964,0.0018172768177464604,0.03370525315403938,0.5
500,0.0024183161944771807,0.0013832866058995327,1.0350295623143515,0.0021234527230262756,0.037621695548295975,0.625
