epoch,train_loss,rmse_loss,trend_loss,val_rmse,val_trend_acc
0,0.15875860303640366,0.1503417233626048,8.41688011487325,0.06406239420175552,0.44166666666666665
1,0.059823590765396756,0.056935069461663566,2.8885209719340006,0.04569745808839798,0.43333333333333335
2,0.042594116926193235,0.04073931351304054,1.8548030376434326,0.03684954717755318,0.5083333333333333
3,0.03411039561033249,0.03263508155941963,1.4753140846888224,0.026596486568450928,0.5083333333333333
4,0.03410590862234433,0.03268902612229188,1.4168824911117555,0.03026178665459156,0.5166666666666667
5,0.030321100850900014,0.029121121515830357,1.1999794483184814,0.03096282109618187,0.575
6,0.034237984816233316,0.03293318177262942,1.3048030058542888,0.023578010499477386,0.5833333333333334
7,0.03270216844975948,0.03148789989451568,1.2142682790756225,0.0342601053416729,0.475
8,0.03340481283764044,0.03196521873275439,1.4395938118298848,0.02925926446914673,0.5083333333333333
9,0.03460640621682008,0.03323179384072621,1.374612283706665,0.02579747699201107,0.5
10,0.02978353351354599,0.028724860151608786,1.058673373858134,0.023731635883450508,0.5083333333333333
11,0.030091046045223873,0.028804735591014225,1.2863105257352194,0.023130103945732117,0.5916666666666667
12,0.0285740585376819,0.027483486011624335,1.090572464466095,0.030012566596269608,0.5583333333333333
13,0.030809001748760542,0.029737812529007594,1.0711889187494914,0.025535311549901962,0.575
14,0.031033791477481525,0.029876748099923134,1.1570433060328165,0.030203059315681458,0.575
15,0.02832683684925238,0.02715239239235719,1.1744445522626241,0.026576081290841103,0.5666666666666667
16,0.030901431664824487,0.029443437481919923,1.457994023958842,0.03336460888385773,0.43333333333333335
17,0.027108958239356676,0.02615002281963825,0.9589352250099182,0.032841987907886505,0.45
18,0.0284652063002189,0.027420102432370187,1.045103637377421,0.03188884258270264,0.5166666666666667
19,0.031077608093619348,0.02981374462445577,1.2638633370399475,0.029385806992650032,0.5
20,0.027772525201241176,0.026820913205544153,0.9516118844350179,0.02781659923493862,0.44166666666666665
21,0.026941880335410437,0.025983835135897002,0.9580449899037679,0.022476768121123314,0.5083333333333333
22,0.027412785838047665,0.026374252264698347,1.0385334769884744,0.020033767446875572,0.525
23,0.027031972880164783,0.026086502894759177,0.945469856262207,0.02556411176919937,0.5666666666666667
24,0.028264153624574344,0.0272647388279438,0.9994147658348084,0.022157933562994003,0.5
25,0.027736979350447655,0.026627191404501597,1.1097877899805704,0.024634206667542458,0.5666666666666667
26,0.027220191434025764,0.026123638326923052,1.0965529362360635,0.019381115213036537,0.5416666666666666
27,0.027605805546045303,0.026566073298454285,1.039732241630554,0.025369783863425255,0.5166666666666667
28,0.028085808331767718,0.02696602555612723,1.1197828610738119,0.03294530510902405,0.475
29,0.02868932162721952,0.027706177532672883,0.9831443508466085,0.026314204558730125,0.48333333333333334
30,0.024524598817030587,0.023639461894830068,0.8851369341214498,0.024573301896452904,0.49166666666666664
31,0.028292395547032355,0.0273055291424195,0.986866025129954,0.03131921589374542,0.5166666666666667
32,0.03013220652937889,0.028865415975451468,1.2667905569076539,0.024360882118344307,0.4083333333333333
33,0.029600232591231665,0.028483964626987775,1.11626801888148,0.026208145543932915,0.43333333333333335
34,0.029138175149758656,0.027967797716458638,1.1703771193822226,0.02163672260940075,0.48333333333333334
35,0.025929388155539832,0.024889479205012322,1.0399086475372314,0.022928891703486443,0.49166666666666664
36,0.025407467037439346,0.02449270909031232,0.9147579232851665,0.020563587546348572,0.5666666666666667
37,0.02699103740354379,0.02605047437051932,0.9405629475911458,0.025571662932634354,0.4666666666666667
38,0.02845753307143847,0.027403078600764276,1.0544543623924256,0.04024010896682739,0.4083333333333333
39,0.02923583947122097,0.028192152455449104,1.0436867872873943,0.03619961440563202,0.38333333333333336
40,0.02824288085103035,0.027183400591214497,1.059480122725169,0.02827458456158638,0.4166666666666667
41,0.027513970558842023,0.02647817147274812,1.0357988516489665,0.02551022544503212,0.45
42,0.027630195021629333,0.026439728712042174,1.1904665231704712,0.022507892921566963,0.5
43,0.03068686289091905,0.029707622279723487,0.9792405764261881,0.02545909583568573,0.525
44,0.02823124167819818,0.027162640045086544,1.068601632118225,0.027593199163675308,0.5
45,0.026772266502181688,0.025736651693781216,1.0356148163477579,0.024038271978497505,0.5583333333333333
46,0.025121497611204784,0.024224605411291122,0.8968921343485514,0.02857024408876896,0.43333333333333335
47,0.027263531337181728,0.026324671506881715,0.9388596375783285,0.01990809291601181,0.5166666666666667
48,0.026788620402415593,0.025954701006412506,0.8339191754659017,0.019671274349093437,0.5833333333333334
49,0.02693691092232863,0.025988922268152238,0.9479885737101237,0.02300787903368473,0.5333333333333333
50,0.028844235589106877,0.02785077504813671,0.9934603015581767,0.02228519320487976,0.575
51,0.02618366467456023,0.025259174406528473,0.924490479628245,0.029311170801520348,0.5333333333333333
52,0.03102534400920073,0.030156849324703215,0.8684946656227112,0.019897624850273132,0.525
53,0.027891137450933457,0.02693310665587584,0.9580308397610983,0.02758076973259449,0.4166666666666667
54,0.026549680158495903,0.0256472730388244,0.902406911055247,0.02539663575589657,0.43333333333333335
55,0.02682559328774611,0.025884913528958955,0.9406797726949055,0.034326743334531784,0.48333333333333334
56,0.03228099383413792,0.031216217080752055,1.0647767901420593,0.034348905086517334,0.425
57,0.02683337057630221,0.025904993092020354,0.9283774654070537,0.025998849421739578,0.425
58,0.02431780385474364,0.023439819738268853,0.8779841581980388,0.019885273650288582,0.5
59,0.02557356742521127,0.02463981918990612,0.9337479551633199,0.04059571400284767,0.43333333333333335
60,0.027620194728175798,0.02667185937364896,0.9483352303504944,0.026834160089492798,0.4666666666666667
61,0.027701193715135256,0.026743368928631148,0.9578248262405396,0.02604621835052967,0.5166666666666667
62,0.028018709893027943,0.0270425862322251,0.9761237144470215,0.02678012102842331,0.5333333333333333
63,0.02884971412519614,0.02790248915553093,0.947224748134613,0.020504055544734,0.48333333333333334
64,0.02806863052149614,0.02706910396615664,0.9995267788569132,0.022378435358405113,0.5833333333333334
65,0.029884259402751922,0.02881636967261632,1.0678898215293884,0.02958459034562111,0.4083333333333333
66,0.02719743736088276,0.026185021673639616,1.0124155839284261,0.02677992172539234,0.4583333333333333
67,0.028629253432154656,0.027521008253097536,1.1082450032234192,0.026613883674144745,0.5
68,0.02701621167361736,0.02600591319302718,1.0102986097335815,0.02495291456580162,0.4666666666666667
69,0.02516760180393855,0.02425518271823724,0.9124187469482422,0.024667244404554367,0.5
70,0.028410398711760838,0.027418045327067375,0.9923536062240601,0.02219516411423683,0.5083333333333333
71,0.02810156059761842,0.02714737579226494,0.954184619585673,0.026598993688821793,0.5083333333333333
72,0.024751461297273635,0.023844946051637332,0.9065147519111634,0.027203168720006943,0.525
73,0.028874953712026277,0.027719336623946825,1.1556168794631958,0.018997663632035255,0.48333333333333334
74,0.02459575831890106,0.023690375809868176,0.9053824265797933,0.0240292027592659,0.5083333333333333
75,0.0283852718770504,0.027407684673865635,0.9775872111320496,0.03241923823952675,0.45
76,0.027310411259531975,0.026363047709067663,0.9473634282747905,0.02604333683848381,0.45
77,0.027778985723853112,0.026847942918539047,0.9310426115989685,0.02073686756193638,0.49166666666666664
78,0.02419284867743651,0.02335677556693554,0.836073366800944,0.021326377987861633,0.44166666666666665
79,0.02536689303815365,0.024526722729206085,0.8401703635851542,0.029267504811286926,0.45
80,0.02518155996998151,0.02433025042215983,0.8513094902038574,0.027366071939468384,0.5666666666666667
81,0.026108325893680253,0.025149080529809,0.9592453718185425,0.020631946623325348,0.5833333333333334
82,0.025515044977267583,0.024631795659661292,0.8832492709159852,0.026991304010152817,0.5
83,0.025445562849442164,0.0244978749503692,0.947687816619873,0.03297950327396393,0.5083333333333333
84,0.025364067529638608,0.024414543807506562,0.9495239814122518,0.02107526920735836,0.5
85,0.02731922045350075,0.026385563860336938,0.9336562633514405,0.02347676455974579,0.525
86,0.024221949403484662,0.02331362801293532,0.9083213448524475,0.02415652386844158,0.5083333333333333
87,0.028031259526809058,0.027025311812758447,1.0059479633967081,0.02648122049868107,0.5333333333333333
88,0.02611237106223901,0.02509980338315169,1.0125676035881042,0.024596568197011948,0.43333333333333335
89,0.025482545668880145,0.02458710546294848,0.8954402089118958,0.021453892812132835,0.575
90,0.02725993059575558,0.026343255614240963,0.9166749715805054,0.019726235419511795,0.525
91,0.023444246873259543,0.022623247156540554,0.8209996104240418,0.024379003793001175,0.4666666666666667
92,0.024368252232670785,0.023505325491229693,0.8629269202550253,0.024478331208229065,0.5916666666666667
93,0.025715925047794977,0.024745808045069376,0.9701169888178508,0.022142425179481506,0.43333333333333335
94,0.026763048643867176,0.025853273148338,0.9097755034764607,0.02366836555302143,0.4
95,0.027630761638283728,0.026598940044641493,1.0318218350410462,0.023894241079688072,0.45
96,0.026957089950640997,0.026038951550920803,0.9181379357973735,0.03672764450311661,0.44166666666666665
97,0.030977881575624148,0.02991674542427063,1.061136293411255,0.0321810357272625,0.4
98,0.027436916157603262,0.026562336832284927,0.8745789925257365,0.036798153072595596,0.44166666666666665
99,0.026366112877925237,0.0255350336432457,0.8310794512430827,0.03929593041539192,0.39166666666666666
100,0.027124332388242085,0.026112402230501174,1.011930024623871,0.025185761973261833,0.43333333333333335
101,0.027604399373133977,0.026554963365197182,1.0494362354278564,0.027027694508433342,0.39166666666666666
102,0.027085430920124054,0.025953669846057893,1.1317611336708069,0.029936397448182106,0.425
103,0.027871686095992724,0.026697544381022453,1.1741419792175294,0.025072705000638962,0.4583333333333333
104,0.02650821457306544,0.025452471151947976,1.0557432373364766,0.02266765758395195,0.49166666666666664
105,0.02385361914833387,0.022990872586766877,0.8627463658650716,0.03140609338879585,0.44166666666666665
106,0.02559328687687715,0.02480785238246123,0.7854347507158915,0.022696195170283318,0.5166666666666667
107,0.02293131041030089,0.02215476209918658,0.7765482862790426,0.02296154387295246,0.425
108,0.023791825398802757,0.023020053282380104,0.7717723409334819,0.03253304958343506,0.45
109,0.024052601555983225,0.02324378825724125,0.8088133573532105,0.021154846996068954,0.4666666666666667
110,0.024829562256733575,0.023917717734972636,0.9118443369865418,0.020920099690556526,0.55
111,0.025844072550535203,0.024706686784823736,1.137385940551758,0.032731760293245316,0.49166666666666664
112,0.025440968945622443,0.024411933248241743,1.0290356755256653,0.025807596743106842,0.5416666666666666
113,0.027073397859930994,0.026117159922917684,0.9562376062075297,0.03008205071091652,0.45
114,0.025276930630207063,0.024390137443939846,0.8867930372556051,0.030611464753746986,0.43333333333333335
115,0.025266399731238683,0.02439583813150724,0.8705616354942322,0.04467878118157387,0.5
116,0.03149103162189325,0.03052213154733181,0.9689002394676208,0.03728918358683586,0.5083333333333333
117,0.02782273677488168,0.026852961753805478,0.9697750806808472,0.02509855106472969,0.4666666666666667
118,0.027062693362434706,0.026137227192521095,0.9254661639531453,0.02852528542280197,0.5083333333333333
119,0.024525280545155206,0.023656829943259558,0.8684505860010783,0.02021992951631546,0.5
120,0.02625815657277902,0.025313153117895126,0.9450031399726868,0.04558084160089493,0.4583333333333333
121,0.028816557923952737,0.02775102344652017,1.0655341823895772,0.030310029163956642,0.43333333333333335
122,0.02490470136205355,0.024047013248006503,0.8576880494753519,0.018786003813147545,0.5
123,0.02794901765882969,0.027072999129692712,0.8760185917218526,0.03193780779838562,0.525
124,0.027171727642416953,0.026276243353883424,0.8954841256141662,0.03436664119362831,0.5
125,0.02659847984711329,0.025686954458554585,0.9115254282951355,0.029108144342899323,0.4666666666666667
126,0.026523863275845844,0.025649704535802207,0.8741585691769918,0.026678208261728287,0.475
127,0.026542744661370913,0.025380768875281016,1.161975344022115,0.024690566584467888,0.4666666666666667
128,0.025683428595463433,0.024728519593675932,0.9549089988072713,0.029322631657123566,0.39166666666666666
129,0.023373925189177195,0.022483371198177338,0.8905539393424988,0.022285565733909607,0.5416666666666666
130,0.025369513407349588,0.02432538370291392,1.044129776954651,0.019493358209729195,0.5333333333333333
131,0.026037132864197097,0.025022479395071667,1.0146533966064453,0.023474153131246567,0.36666666666666664
132,0.024428630992770196,0.02355514218409856,0.873488716284434,0.02555924467742443,0.4166666666666667
133,0.02404523827135563,0.023183295627435048,0.8619426488876343,0.023789184167981148,0.4166666666666667
134,0.02697284271319707,0.026092356940110525,0.8804856499036153,0.02492198906838894,0.475
135,0.026385543371240296,0.025498149544000627,0.8873938918113708,0.02853051759302616,0.5416666666666666
136,0.024726993590593337,0.02381532316406568,0.9116703947385152,0.026420561596751213,0.475
137,0.02389618530869484,0.022985005875428517,0.911179260412852,0.028897352516651154,0.425
138,0.024676443139712016,0.023772660767038663,0.9037827094395955,0.0259542278945446,0.39166666666666666
139,0.025712290282050767,0.024642134830355645,1.0701552708943685,0.02317044511437416,0.48333333333333334
140,0.026089541738231976,0.02511073959370454,0.9788020650545756,0.02214600145816803,0.44166666666666665
141,0.02563829633096854,0.02467717193067074,0.9611245155334472,0.03243612125515938,0.38333333333333336
142,0.025859474887450537,0.02499091997742653,0.8685547113418579,0.028235148638486862,0.4
143,0.025187925125161808,0.024243447929620743,0.9444772521654765,0.02473001554608345,0.4166666666666667
144,0.026059803490837415,0.024995032325387002,1.0647711992263793,0.02437259443104267,0.5083333333333333
145,0.024893380204836526,0.024031985302766165,0.8613948225975037,0.02210802212357521,0.4583333333333333
146,0.02391187138855457,0.023056926081577937,0.8549453337987264,0.02181306481361389,0.4166666666666667
147,0.022410807634393373,0.021619411433736482,0.7913962682088216,0.027769671753048897,0.425
148,0.022379728406667708,0.021563687299688657,0.8160409688949585,0.0281949732452631,0.48333333333333334
149,0.02267162116865317,0.02183550354093313,0.8361175576845805,0.021618235856294632,0.43333333333333335
150,0.02375205618639787,0.022948873167236646,0.803182860215505,0.025662919506430626,0.5583333333333333
151,0.026528935631116232,0.02563094546397527,0.8979899724324544,0.022434687241911888,0.575
152,0.029220295821626982,0.028215012699365615,1.005282711982727,0.024875953793525696,0.425
153,0.025204237923026084,0.024376488849520685,0.8277493556340535,0.020656997337937355,0.55
154,0.02575242444872856,0.024889955297112465,0.8624688704808553,0.02755698375403881,0.5833333333333334
155,0.031923149277766544,0.03096341577668985,0.9597336292266846,0.03349044919013977,0.475
156,0.025585206970572472,0.024715162192781765,0.8700450142224629,0.03095920756459236,0.4166666666666667
157,0.025822169333696365,0.024816586822271346,1.0055826544761657,0.025143273174762726,0.425
158,0.027630585183699926,0.026549219340085983,1.081365700562795,0.02394617721438408,0.5083333333333333
159,0.022896175210674604,0.022068020018438498,0.8281552950541179,0.025481930002570152,0.49166666666666664
160,0.023479712506135304,0.022584294776121776,0.8954176505406698,0.025786133483052254,0.48333333333333334
161,0.0237530667334795,0.02282719115416209,0.9258756279945374,0.03067711926996708,0.4666666666666667
162,0.027211479345957437,0.026363082230091095,0.8483973662058513,0.030592449009418488,0.5083333333333333
163,0.026098686332503954,0.025117324168483415,0.9813623309135437,0.027357978746294975,0.4083333333333333
164,0.02500068818529447,0.02411835975944996,0.8823281526565552,0.027652326971292496,0.475
165,0.025082292035222054,0.02419393745561441,0.8883543451627095,0.026265272870659828,0.48333333333333334
166,0.022964613636334737,0.02210362156232198,0.8609919071197509,0.03366008400917053,0.475
167,0.025042377412319183,0.024133109177152317,0.9092682401339213,0.02377099171280861,0.4083333333333333
168,0.02449377439916134,0.02369320417443911,0.8005700747172038,0.021635187789797783,0.5083333333333333
169,0.02371755043665568,0.022870261594653128,0.8472886244455974,0.021073976531624794,0.5
170,0.026829288775722184,0.025848142430186273,0.9811464230219523,0.022598713636398315,0.45
171,0.026282145579655965,0.025397121037046114,0.8850246985753377,0.02432059310376644,0.4
172,0.022079050665100415,0.021334693332513175,0.7443575143814087,0.01955777034163475,0.475
173,0.02634861332674821,0.025490497425198554,0.858115839958191,0.02072695642709732,0.4666666666666667
174,0.023259746779998144,0.02242342767616113,0.8363189101219177,0.024595974013209343,0.45
175,0.026539823909600576,0.025636536131302515,0.9032877763112386,0.028509078547358513,0.49166666666666664
176,0.026399529228607815,0.02545363629857699,0.9458928108215332,0.02038801647722721,0.5
177,0.027738845348358153,0.02688682936131954,0.8520157893498739,0.02711319737136364,0.55
178,0.02543240077793598,0.024564414843916894,0.8679859717686971,0.02019343711435795,0.49166666666666664
179,0.023829138899842898,0.02296207460264365,0.8670644720395406,0.026285573840141296,0.4666666666666667
180,0.022143669550617535,0.021301721533139546,0.8419480760892232,0.036566443741321564,0.4
181,0.024406808242201806,0.02353282893697421,0.8739793499310812,0.0352756604552269,0.425
182,0.02426688981552919,0.023426285261909166,0.8406043926874797,0.020795239135622978,0.425
183,0.023202699422836304,0.022272671883304913,0.9300276001294454,0.021622082218527794,0.475
184,0.024078580861290295,0.023189326375722887,0.8892544229825338,0.028243249282240868,0.4583333333333333
185,0.025254831338922184,0.024248077347874642,1.0067541162172953,0.025893211364746094,0.48333333333333334
186,0.025268166760603585,0.024302000179886818,0.9661666433016459,0.03362777829170227,0.49166666666666664
187,0.031680189073085785,0.03067112316687902,1.009065834681193,0.0452948696911335,0.45
188,0.027819398418068887,0.026897167786955833,0.9222304383913676,0.020706268027424812,0.4166666666666667
189,0.022057332471013068,0.021262982736031215,0.7943495432535808,0.03122829832136631,0.4166666666666667
190,0.022777688751618067,0.021953098475933075,0.8245901425679525,0.03801858425140381,0.425
191,0.028158933545152347,0.027254270389676094,0.9046632965405782,0.02478078380227089,0.44166666666666665
192,0.02544905754427115,0.024551861609021824,0.8971958994865418,0.02907455712556839,0.425
193,0.02421445958316326,0.023376576726635297,0.8378828128178915,0.027060991153120995,0.43333333333333335
194,0.022154852127035458,0.021355998640259107,0.7988534490267436,0.022086435928940773,0.49166666666666664
195,0.026917392822603383,0.02603674177080393,0.8806508819262187,0.027880486100912094,0.48333333333333334
196,0.026691964268684386,0.025717529033621154,0.974435301621755,0.031170131638646126,0.575
197,0.027897100150585174,0.02696517842511336,0.9319215416908264,0.03363152593374252,0.48333333333333334
198,0.02705198936164379,0.02607303000986576,0.9789593617121378,0.032983411103487015,0.4166666666666667
199,0.0270622618496418,0.026078801850477853,0.9834597865740459,0.03362900763750076,0.49166666666666664
200,0.023600413153568905,0.022700366377830506,0.9000469366709392,0.026368793100118637,0.49166666666666664
201,0.022510742768645287,0.021640496452649434,0.8702465176582337,0.026928234845399857,0.525
202,0.025279580056667326,0.024402037635445593,0.8775423288345336,0.021011270582675934,0.43333333333333335
203,0.025073397904634476,0.024161083499590556,0.9123143752415975,0.027190783992409706,0.45
204,0.02461219939092795,0.023616042733192445,0.9961563189824422,0.020894020795822144,0.49166666666666664
205,0.022504127149780593,0.021696147198478382,0.807979941368103,0.02477824129164219,0.4666666666666667
206,0.02243092805147171,0.021588694055875143,0.8422339558601379,0.027173681184649467,0.5
207,0.024724828079342842,0.023873274400830268,0.851553718249003,0.022212563082575798,0.49166666666666664
208,0.023518215864896774,0.022726381321748097,0.7918343702952068,0.022189004346728325,0.4166666666666667
209,0.027606844902038574,0.02663433291018009,0.9725121458371481,0.03484228253364563,0.5
210,0.026812772701183953,0.025794331232706705,1.0184412519137065,0.0221804641187191,0.4666666666666667
211,0.024252139776945115,0.0233106421927611,0.9414974570274353,0.019715039059519768,0.475
212,0.0224172110358874,0.021621446311473846,0.7957644661267599,0.019740942865610123,0.45
213,0.02239409660299619,0.021513952439030013,0.8801440715789794,0.021583227440714836,0.4666666666666667
214,0.022108102714022002,0.021280990540981294,0.8271122336387634,0.024413444101810455,0.4166666666666667
215,0.025443437819679577,0.02451362498104572,0.929813007513682,0.02303546853363514,0.4666666666666667
216,0.024362030376990636,0.023463868722319602,0.8981614232063293,0.022782959043979645,0.475
217,0.023971344778935113,0.02301892377436161,0.952420997619629,0.024570075795054436,0.5166666666666667
218,0.024447815865278243,0.02347978688776493,0.968028994401296,0.02781343273818493,0.4166666666666667
219,0.024138482784231505,0.023133109385768572,1.0053734540939332,0.022073669359087944,0.48333333333333334
220,0.023283604408303897,0.02231962246199449,0.9639816761016846,0.025885827839374542,0.475
221,0.02272504990299543,0.021889831870794296,0.8352180441220601,0.023553114384412766,0.5333333333333333
222,0.023835344115893047,0.022967874879638354,0.8674692511558533,0.02072715200483799,0.4583333333333333
223,0.0245336235811313,0.023674939200282095,0.8586845636367798,0.02340850979089737,0.575
224,0.027825561165809632,0.02680398946007093,1.0215720216433206,0.023525886237621307,0.5
225,0.026884571587045988,0.025856888170043626,1.0276835799217223,0.027254555374383926,0.55
226,0.02219109299282233,0.021314440419276555,0.8766524394353231,0.02405712939798832,0.575
227,0.0225251242518425,0.021625196561217308,0.8999276916186015,0.022771650925278664,0.5
228,0.024188798169294992,0.023301936561862628,0.8868614951769511,0.02764151059091091,0.5916666666666667
229,0.024375119681159654,0.02351265276471774,0.8624668558438618,0.02461637184023857,0.525
230,0.025083320525785286,0.024130892691512904,0.9524274508158366,0.0315692275762558,0.49166666666666664
231,0.02559841386973858,0.024647170056899387,0.951244076093038,0.022136716172099113,0.5833333333333334
232,0.0266664981842041,0.025661202023426692,1.005295956134796,0.025445276871323586,0.5166666666666667
233,0.023714311296741168,0.022871663918097813,0.84264763991038,0.027436617761850357,0.425
234,0.02250020963450273,0.021672481795152028,0.827727719148,0.026124563068151474,0.43333333333333335
235,0.02508621700108051,0.024220639715592067,0.8655774553616842,0.036216311156749725,0.4
236,0.028368113562464714,0.027405367170770963,0.9627464612325033,0.028328169137239456,0.4083333333333333
237,0.02285644623140494,0.02202509418129921,0.8313520709673564,0.022328730672597885,0.4
238,0.021683573598663013,0.02085231530169646,0.8312582492828369,0.028109442442655563,0.49166666666666664
239,0.02553464981416861,0.024581497659285863,0.9531519850095113,0.02430320903658867,0.4666666666666667
240,0.02319149101773898,0.022278802717725435,0.9126882314682007,0.024137301370501518,0.5166666666666667
241,0.024532425900300345,0.023625532910227776,0.9068926930427551,0.020945407450199127,0.475
242,0.022561545794208843,0.021745025863250098,0.8165200193723042,0.024387313053011894,0.44166666666666665
243,0.02356992761294047,0.022759412104884785,0.8105155865351359,0.028400417417287827,0.49166666666666664
244,0.025044469783703487,0.024201006690661112,0.8434630393981933,0.027371807023882866,0.44166666666666665
245,0.02421083189547062,0.023236432671546937,0.9743991732597351,0.029979806393384933,0.44166666666666665
246,0.02422588157157103,0.023396604508161545,0.8292771855990092,0.02124014124274254,0.4666666666666667
247,0.022672632709145546,0.02181002820531527,0.8626043438911438,0.026910003274679184,0.4
248,0.02391433169444402,0.022867915903528532,1.0464158018430074,0.027784468606114388,0.49166666666666664
249,0.025020689268906913,0.024133404220143952,0.8872847755750021,0.021368490532040596,0.43333333333333335
250,0.0240734051913023,0.02311894508699576,0.9544603109359742,0.02069440670311451,0.5583333333333333
251,0.025382470960418384,0.024251369759440422,1.1311011751492819,0.027891630306839943,0.5333333333333333
252,0.024474211658040684,0.02346390609939893,1.010305678844452,0.02518181875348091,0.525
253,0.024291168029109637,0.023271953562895457,1.0192143241564433,0.020663660019636154,0.5583333333333333
254,0.025464961429437,0.02433863691985607,1.126324458916982,0.024969758465886116,0.55
255,0.023774635419249533,0.022839574267466863,0.9350610733032226,0.02058938331902027,0.4666666666666667
256,0.025836971277991932,0.024872267494599025,0.9647036552429199,0.023572785779833794,0.45
257,0.02291105898718039,0.02205250089367231,0.8585579037666321,0.02369627356529236,0.43333333333333335
258,0.02262388033171495,0.021818421160181362,0.8054592291514079,0.03191610053181648,0.49166666666666664
259,0.02539672367274761,0.024519010509053866,0.8777131199836731,0.026262415573000908,0.49166666666666664
260,0.025604664534330367,0.02468464511136214,0.9200197140375773,0.02467808686196804,0.5083333333333333
261,0.022451006372769675,0.021628748004635174,0.8222583254178365,0.02140233851969242,0.45
262,0.021539306019743285,0.02070683818310499,0.8324677666028341,0.01964569091796875,0.475
263,0.021572324136892956,0.02076335847377777,0.8089656988779704,0.03190124034881592,0.5083333333333333
264,0.025210969770948093,0.02418957973519961,1.0213899731636047,0.029073256999254227,0.49166666666666664
265,0.023933080832163493,0.02301385303338369,0.919227683544159,0.03361640125513077,0.5
266,0.02672853780289491,0.02580437126259009,0.9241662939389547,0.025028260424733162,0.5666666666666667
267,0.02504682317376137,0.024188768491148947,0.8580547610918681,0.03376701474189758,0.5916666666666667
268,0.026685575395822524,0.02576254146794478,0.923033889134725,0.020649103447794914,0.5083333333333333
269,0.02429443672299385,0.02343264619509379,0.8617906014124552,0.027091681957244873,0.5
270,0.02429059793551763,0.0233660822113355,0.9245157798131307,0.023559894412755966,0.44166666666666665
271,0.024175547435879706,0.02333599179983139,0.8395557045936585,0.026295281946659088,0.4083333333333333
272,0.0241805882503589,0.023320092260837554,0.8604959686597188,0.028306659311056137,0.4166666666666667
273,0.024451460192600884,0.02364352357884248,0.8079367478688558,0.02674727514386177,0.4583333333333333
274,0.024627174064517022,0.023785385861992837,0.8417882363001505,0.028512364253401756,0.4083333333333333
275,0.023028468464811644,0.022188892339666685,0.8395758907000224,0.02449587732553482,0.49166666666666664
276,0.02149875337878863,0.02069700931509336,0.8017441670099894,0.022288860753178596,0.39166666666666666
277,0.022299856195847192,0.021451616038878758,0.8482401569684347,0.031676698476076126,0.525
278,0.025013113021850587,0.024064067130287487,0.9490458369255066,0.02800126187503338,0.4666666666666667
279,0.023914355039596557,0.023021471872925758,0.8928831895192464,0.022079477086663246,0.49166666666666664
280,0.022669243067502974,0.021807902865111826,0.8613402048746744,0.029733357951045036,0.525
281,0.02491135373711586,0.02385880673925082,1.0525468468666077,0.0369613878428936,0.39166666666666666
282,0.025323189422488214,0.02421776217718919,1.1054269591967265,0.03108641318976879,0.4166666666666667
283,0.024848195041219392,0.023918713505069415,0.9294817169507344,0.025781186297535896,0.4666666666666667
284,0.024685682356357576,0.023707434659202893,0.9782472809155782,0.024095777422189713,0.48333333333333334
285,0.02275932257374128,0.021845914299289386,0.9134081244468689,0.027521740645170212,0.5
286,0.02722881957888603,0.02634790229300658,0.8809174458185832,0.02328316494822502,0.4166666666666667
287,0.023217896868785223,0.022278094788392384,0.9398018717765808,0.024180719628930092,0.4666666666666667
288,0.023161737248301506,0.022343663374582927,0.8180739283561707,0.02654588408768177,0.5166666666666667
289,0.021735880027214684,0.020837487280368806,0.8983928561210632,0.023507270961999893,0.525
290,0.02124046944081783,0.02047022630771001,0.7702430287996928,0.023107126355171204,0.475
291,0.023599245771765708,0.022742807120084762,0.8564386169115702,0.029950810596346855,0.49166666666666664
292,0.02412933570643266,0.023201494043072066,0.9278416395187378,0.029456447809934616,0.5416666666666666
293,0.024754326418042184,0.02373780831694603,1.0165179173151653,0.03216036409139633,0.5666666666666667
294,0.022072867055734,0.021177880838513373,0.8949860572814942,0.02631477080285549,0.475
295,0.021793004746238392,0.02098466580112775,0.8083388805389404,0.02397593855857849,0.4083333333333333
296,0.0242344552030166,0.02335114652911822,0.8833088318506876,0.026469577103853226,0.48333333333333334
297,0.024931698540846505,0.02386167918642362,1.0700193007787069,0.02870924025774002,0.5583333333333333
298,0.02413740282257398,0.02315087728202343,0.9865253766377767,0.02513708360493183,0.4583333333333333
299,0.02242006001373132,0.021558620656530064,0.8614393711090088,0.02836039662361145,0.4666666666666667
300,0.022171936308344204,0.02125208203991254,0.9198542237281799,0.027566170319914818,0.475
301,0.022222476700941723,0.021351666872700056,0.8708097815513611,0.024769935756921768,0.5083333333333333
302,0.02157087636490663,0.02077152008811633,0.7993563254674275,0.028711240738630295,0.475
303,0.021817698081334432,0.02094497320552667,0.87272523244222,0.022034024819731712,0.39166666666666666
304,0.021177058666944505,0.02032528060177962,0.8517780502637228,0.028444111347198486,0.5666666666666667
305,0.023180363575617473,0.022346359367171924,0.8340042153994243,0.02419145591557026,0.4083333333333333
306,0.022051365425189335,0.02126376231511434,0.7876031319300334,0.02662312239408493,0.5166666666666667
307,0.02261294387280941,0.021831372876962025,0.7815710663795471,0.026678476482629776,0.5083333333333333
308,0.022173075750470162,0.021348360242942968,0.8247154593467713,0.030700040981173515,0.5666666666666667
309,0.024114972973863284,0.023177116240064303,0.9378565907478332,0.02718539535999298,0.5666666666666667
310,0.022245340794324876,0.021373704199989636,0.8716366608937581,0.02434506267309189,0.425
311,0.02391913967827956,0.02300989404320717,0.909245506922404,0.038493428379297256,0.5416666666666666
312,0.022935604179898896,0.022107950722177822,0.8276532292366028,0.031849898397922516,0.5083333333333333
313,0.02458573766052723,0.023584360877672832,1.0013767679532368,0.025482529774308205,0.4583333333333333
314,0.025424044703443845,0.024240509296456974,1.1835354884465537,0.02481001615524292,0.4166666666666667
315,0.024322341630856194,0.023349891354640325,0.9724502841631572,0.03316911682486534,0.5083333333333333
316,0.021595478306214014,0.020751280648012956,0.8441978414853414,0.026496410369873047,0.4166666666666667
317,0.021926799168189366,0.021165128921469052,0.7616701642672221,0.025622161105275154,0.4666666666666667
318,0.02425177867213885,0.023268663386503855,0.9831150849660237,0.02659926563501358,0.425
319,0.02166510025660197,0.020778836061557133,0.8862639705340067,0.029341012239456177,0.425
320,0.022471107294162115,0.021615726624925932,0.8553805788358052,0.02568713389337063,0.4083333333333333
321,0.02476124788324038,0.02367826538781325,1.0829825043678283,0.026015982031822205,0.5333333333333333
322,0.022966079165538153,0.02207180770734946,0.894271461168925,0.028862476348876953,0.5666666666666667
323,0.02229082820316156,0.02143208757042885,0.8587406237920125,0.02784668654203415,0.45
324,0.022609447315335273,0.021799905349810918,0.8095420400301615,0.028276000171899796,0.49166666666666664
325,0.023218972484270732,0.022338564693927764,0.8804075201352437,0.025443309918045998,0.525
326,0.02335071638226509,0.022513822341958683,0.8368941187858582,0.024610674008727074,0.5333333333333333
327,0.024137923618157704,0.02314894155909618,0.988981827100118,0.025874508544802666,0.36666666666666664
328,0.021652393663922947,0.02078402042388916,0.8683730562527975,0.03303297981619835,0.4166666666666667
329,0.020696938410401343,0.019951474977036317,0.7454635818799337,0.02502410113811493,0.4666666666666667
330,0.023993489146232606,0.023195778578519823,0.797710657119751,0.02523253671824932,0.375
331,0.02170212777952353,0.020902450134356817,0.7996775269508362,0.025890585035085678,0.4583333333333333
332,0.022601811091105144,0.02178805905083815,0.813752015431722,0.031798433512449265,0.38333333333333336
333,0.025294414162635802,0.024549257258574167,0.7451566696166992,0.02945864200592041,0.48333333333333334
334,0.02312037299076716,0.022310813268025715,0.8095598777135213,0.03387546166777611,0.5083333333333333
335,0.022125859806934992,0.02130497358739376,0.8208861509958904,0.02418895810842514,0.49166666666666664
336,0.022303992013136546,0.021495577320456503,0.8084145387013754,0.026844484731554985,0.44166666666666665
337,0.020759629334012666,0.019958201547463736,0.8014278173446655,0.028911462053656578,0.4666666666666667
338,0.021105205267667772,0.020283806696534158,0.821398389339447,0.024574078619480133,0.425
339,0.02079032870630423,0.01999194746216138,0.7983814160029093,0.03168061003088951,0.44166666666666665
340,0.02243917981783549,0.021569513777891795,0.8696662743886312,0.030358511954545975,0.48333333333333334
341,0.023772822444637617,0.02271739989519119,1.0554224212964376,0.026386965066194534,0.45
342,0.021563990414142607,0.02076494414359331,0.7990463376045227,0.026821598410606384,0.44166666666666665
343,0.025409657508134842,0.024637749542792638,0.7719079971313476,0.031044157221913338,0.5083333333333333
344,0.024703601623574892,0.0239083801706632,0.7952212850252788,0.021560460329055786,0.55
345,0.02115891662736734,0.020370193819204966,0.7887226303418478,0.02255753055214882,0.44166666666666665
346,0.020891378447413445,0.02006572758158048,0.8256508310635885,0.02523198537528515,0.44166666666666665
347,0.02019355439891418,0.01940879262983799,0.7847614208857219,0.03072934038937092,0.475
348,0.024861230701208114,0.023972885807355244,0.8883447130521138,0.028371911495923996,0.45
349,0.02399313934147358,0.023059789091348648,0.9333503286043803,0.03722035884857178,0.45
350,0.02494001326461633,0.02392437793314457,1.0156352162361144,0.033152855932712555,0.5166666666666667
351,0.02522312874595324,0.024152973666787148,1.0701550563176474,0.030528130009770393,0.4
352,0.0244904729227225,0.023417293652892114,1.0731792012850443,0.02782653272151947,0.4166666666666667
353,0.022383783385157584,0.021474348256985347,0.9094352841377258,0.029907798394560814,0.4583333333333333
354,0.023406370356678963,0.022262391944726307,1.1439783414204916,0.031161442399024963,0.5833333333333334
355,0.025941423575083413,0.024578569208582243,1.3628542264302572,0.029320748522877693,0.425
356,0.02320346732934316,0.022258694594105084,0.9447731216748555,0.029624203220009804,0.48333333333333334
357,0.02414408413072427,0.023230621963739394,0.9134623408317566,0.02507157251238823,0.45
358,0.023728175088763237,0.022817471623420717,0.9107031067212422,0.023278769105672836,0.4166666666666667
359,0.021978656575083733,0.021139744048317272,0.8389123678207397,0.02909652143716812,0.475
360,0.023330609500408172,0.02255626084903876,0.7743486404418946,0.02502923272550106,0.48333333333333334
361,0.023181351895133654,0.022250258550047874,0.9310933311780294,0.02916669100522995,0.5333333333333333
362,0.021413972352941832,0.02066031557818254,0.7536566058794657,0.026581086218357086,0.45
363,0.022053413589795432,0.021296323214968046,0.7570904095967611,0.03027261234819889,0.5583333333333333
364,0.023638704667488734,0.022804884053766728,0.8338204622268677,0.036167457699775696,0.55
365,0.024617792417605717,0.023770716538031898,0.847075895468394,0.02716158702969551,0.425
366,0.021509644016623496,0.020693789422512054,0.8158546964327494,0.023250097408890724,0.4583333333333333
367,0.022373698900143305,0.02156542477508386,0.8082740267117818,0.03299183025956154,0.5
368,0.022644735251863796,0.021773419280846914,0.8713158408800761,0.023161213845014572,0.4166666666666667
369,0.02096550477047761,0.020141943792502084,0.8235612114270529,0.026079099625349045,0.43333333333333335
370,0.023541064684589705,0.0226634468883276,0.8776177366574606,0.02938889153301716,0.5083333333333333
371,0.02404708626369635,0.02316674900551637,0.8803372184435526,0.030654452741146088,0.4666666666666667
372,0.02467764640847842,0.023829015841086706,0.8486306627591451,0.025442544370889664,0.44166666666666665
373,0.022303404783209167,0.02153813603023688,0.7652689933776855,0.02852523699402809,0.5333333333333333
374,0.02391187200943629,0.02300056889653206,0.9113032221794128,0.02724510431289673,0.4583333333333333
375,0.020855458825826644,0.02002592651794354,0.8295321702957154,0.028372040018439293,0.4083333333333333
376,0.02165630708138148,0.02088413784901301,0.7721691290537517,0.027481453493237495,0.5
377,0.021228242106735705,0.020400823031862577,0.8274189949035644,0.02767426148056984,0.5
378,0.02306733081738154,0.02224392977853616,0.8234009861946106,0.03217961639165878,0.44166666666666665
379,0.022982261950771014,0.02217769386867682,0.804567817846934,0.03152957186102867,0.5583333333333333
380,0.022620774805545807,0.021814017494519552,0.8067574024200439,0.03191061690449715,0.5
381,0.021371241038044293,0.0204723392923673,0.898901617527008,0.024719929322600365,0.425
382,0.02256702786932389,0.021774333156645297,0.7926947037378947,0.028399597853422165,0.49166666666666664
383,0.02099951927860578,0.020229377473394077,0.7701420823733012,0.023261375725269318,0.5083333333333333
384,0.019978856419523558,0.019230902567505835,0.7479539235432943,0.031048214063048363,0.48333333333333334
385,0.02186485640704632,0.02105309764544169,0.8117586612701416,0.030815454199910164,0.425
386,0.02182902271548907,0.021023630971709888,0.8053919076919556,0.025521641597151756,0.475
387,0.02109257591267427,0.020258193587263426,0.8343825062115987,0.02795778401196003,0.38333333333333336
388,0.022383902966976166,0.021565062055985133,0.8188408533732097,0.029390033334493637,0.43333333333333335
389,0.02439194396138191,0.02343969059487184,0.9522534608840942,0.026582958176732063,0.49166666666666664
390,0.021355043227473895,0.020531608598927657,0.823434849580129,0.02851954847574234,0.44166666666666665
391,0.02085547260940075,0.020093903318047522,0.7615693648656209,0.029940681532025337,0.36666666666666664
392,0.023100918531417845,0.02230967804789543,0.7912405490875244,0.026336532086133957,0.4
393,0.022751738627751667,0.02186358111600081,0.8881575226783752,0.027781063690781593,0.39166666666666666
394,0.02027133492132028,0.01948502448697885,0.7863102475802104,0.03105071373283863,0.4666666666666667
395,0.024651906142632168,0.02373940944671631,0.9124968568483989,0.02290375716984272,0.4666666666666667
396,0.02237149029970169,0.021424117684364318,0.9473724365234375,0.03061138093471527,0.4
397,0.020681352789203324,0.019864380732178687,0.8169719338417053,0.02832544781267643,0.5166666666666667
398,0.020986087868611017,0.020255278671781222,0.730809231599172,0.029805930331349373,0.44166666666666665
399,0.022657187779744466,0.021704051767786343,0.9531359434127807,0.029437072575092316,0.49166666666666664
400,0.022484059756000836,0.021433823555707932,1.0502362688382467,0.031033454462885857,0.5
401,0.02312961866458257,0.022108815237879755,1.0208030502001444,0.02463139221072197,0.4583333333333333
402,0.023492423072457313,0.022591184203823406,0.9012389143308004,0.03882543742656708,0.4583333333333333
403,0.022230516498287518,0.021350401143232983,0.8801152984301249,0.02485739253461361,0.4166666666666667
404,0.022521432985862098,0.021676947176456452,0.844485588868459,0.030567552894353867,0.5166666666666667
405,0.023886805151899657,0.023011618107557297,0.8751869400342306,0.03549565002322197,0.475
406,0.02334337184826533,0.022403372700015703,0.9399991194407146,0.02681930921971798,0.49166666666666664
407,0.024075717354814213,0.023154036700725557,0.9216803709665934,0.029293110594153404,0.4
408,0.021579854562878607,0.020690734560290972,0.8891197800636291,0.026775896549224854,0.4583333333333333
409,0.022332975765069325,0.0214632964382569,0.8696791013081868,0.0205854345113039,0.5083333333333333
410,0.02097221612930298,0.020180468882123628,0.7917470892270406,0.026282360777258873,0.5
411,0.021417174860835074,0.02060773459573587,0.809440279006958,0.02439633384346962,0.5083333333333333
412,0.02120121419429779,0.020350064026812713,0.8511501590410868,0.026505159214138985,0.4666666666666667
413,0.025212558234731355,0.024395472432176272,0.8170858502388001,0.021663352847099304,0.5166666666666667
414,0.022472902263204256,0.021731774260600408,0.7411280592282613,0.030038051307201385,0.43333333333333335
415,0.024919773762424786,0.024048687890172005,0.8710858583450317,0.03277580067515373,0.45
416,0.02299165477355321,0.02219928316771984,0.7923714836438497,0.031343840062618256,0.45
417,0.02276794028778871,0.02193938083946705,0.8285595417022705,0.035400763154029846,0.36666666666666664
418,0.023103139052788418,0.022279611478249233,0.8235275944073995,0.028856683522462845,0.425
419,0.022043183570106824,0.021199416120847067,0.8437673449516296,0.02798786573112011,0.44166666666666665
420,0.022198071144521235,0.021352921798825263,0.8451494375864664,0.028002222999930382,0.39166666666666666
421,0.02091111851235231,0.0200852632522583,0.8258549968401591,0.028104908764362335,0.43333333333333335
422,0.023700448125600813,0.022805706784129142,0.8947415351867676,0.028904566541314125,0.4666666666666667
423,0.022579727073510487,0.021673436090350152,0.9062907854715984,0.02722315490245819,0.525
424,0.02180076651275158,0.02094279577334722,0.8579707145690918,0.03027770109474659,0.575
425,0.022861843307813007,0.02195369464655717,0.9081486582756042,0.0312977060675621,0.5416666666666666
426,0.022297990073760352,0.021485155820846556,0.8128341794013977,0.03964901715517044,0.5166666666666667
427,0.024202774837613107,0.02342468574643135,0.7780891537666321,0.02243943139910698,0.5333333333333333
428,0.024211208646496136,0.023381642500559487,0.8295663078625997,0.03360632807016373,0.6
429,0.023978089168667793,0.02314932532608509,0.8287643074989319,0.03251145780086517,0.5166666666666667
430,0.02309897877275944,0.02229952501753966,0.7994539976119995,0.024766510352492332,0.5
431,0.021304886291424432,0.020559936265150704,0.74494975010554,0.0307096429169178,0.5
432,0.01989077068865299,0.0191526730855306,0.7380976001421611,0.025604955852031708,0.425
433,0.022612987210353215,0.02173509175578753,0.8778954386711121,0.03592440485954285,0.5333333333333333
434,0.02315398814777533,0.02228296995162964,0.8710180044174194,0.026415986940264702,0.5416666666666666
435,0.02289368932445844,0.022039354716738065,0.8543343544006348,0.027016863226890564,0.5416666666666666
436,0.02118075465162595,0.020334307725230854,0.8464468598365784,0.028477530926465988,0.48333333333333334
437,0.019503659630815188,0.01869933580358823,0.804323693116506,0.029161350801587105,0.5
438,0.02207340287665526,0.0211534625540177,0.9199401537577311,0.0281956996768713,0.475
439,0.022093434631824494,0.021260615065693857,0.8328195810317993,0.028680812567472458,0.4
440,0.024732681860526403,0.023847812662522,0.8848692735036214,0.02444431371986866,0.45
441,0.021373600140213965,0.020575213556488354,0.798386526107788,0.03173204883933067,0.44166666666666665
442,0.023498410607377687,0.022517071353892484,0.9813393712043762,0.02802109718322754,0.4
443,0.022659777974088986,0.021732389802734058,0.9273882309595743,0.030772091820836067,0.425
444,0.022193654626607894,0.021222087120016418,0.9715673049290975,0.028868794441223145,0.45
445,0.022102114309867225,0.021274292717377345,0.8278215567270915,0.02626626007258892,0.5083333333333333
446,0.020270165180166562,0.019534823919336,0.7353414456049602,0.030501004308462143,0.475
447,0.022418656945228578,0.021602897097667058,0.815759789943695,0.029744813218712807,0.4083333333333333
448,0.02142972486714522,0.020653771857420605,0.7759528358777364,0.025478342548012733,0.475
449,0.019960432996352515,0.019196232159932453,0.7642006516456604,0.03247919678688049,0.4166666666666667
450,0.021251836543281874,0.020431410210827988,0.8204262733459473,0.025927215814590454,0.48333333333333334
451,0.02160287325580915,0.02075553834438324,0.8473348299662272,0.03528343141078949,0.425
452,0.020962980513771375,0.020174050206939378,0.7889301300048828,0.023083684965968132,0.4583333333333333
453,0.02311055970688661,0.022254754354556403,0.8558055440584819,0.02725053019821644,0.44166666666666665
454,0.02354610525071621,0.022707136472066243,0.8389687180519104,0.028831573203206062,0.43333333333333335
455,0.02053202042977015,0.019759777188301086,0.7722431381543478,0.026782801374793053,0.45
456,0.020970328276356063,0.020181693633397422,0.788634451230367,0.028094422072172165,0.4083333333333333
457,0.020955602079629897,0.020144470656911533,0.8111313303311666,0.026149963960051537,0.5
458,0.021002510438362758,0.020168014739950498,0.8344953338305156,0.028325768187642097,0.475
459,0.02069223498304685,0.019906460245450338,0.7857747634251913,0.026956899091601372,0.475
460,0.02209733339647452,0.02130140960216522,0.7959237376848857,0.025345394387841225,0.4583333333333333
461,0.020345717296004297,0.01958482190966606,0.760895025730133,0.03018045984208584,0.4666666666666667
462,0.021524703502655028,0.020728305354714392,0.7963982939720153,0.0261965524405241,0.44166666666666665
463,0.02357551082968712,0.022622598335146904,0.9529124061266582,0.03525947779417038,0.475
464,0.022186855102578798,0.021159645169973373,1.0272101521492005,0.02693154476583004,0.5083333333333333
465,0.02069096521784862,0.019952422752976418,0.7385423660278321,0.03071437031030655,0.49166666666666664
466,0.021525835618376732,0.020727083769937357,0.7987517793973287,0.024729564785957336,0.4666666666666667
467,0.02122045842309793,0.02036317338546117,0.857285185654958,0.027323558926582336,0.4
468,0.021180416146914165,0.020395900371174017,0.7845157424608866,0.028592821210622787,0.44166666666666665
469,0.02129895376662413,0.02052839534978072,0.7705582896868388,0.029427332803606987,0.44166666666666665
470,0.02033140920102596,0.01958989053964615,0.7415188431739808,0.02581823244690895,0.4166666666666667
471,0.02105133260289828,0.02028952104349931,0.7618115107218425,0.02645375393331051,0.4583333333333333
472,0.0220137154062589,0.02108564811448256,0.9280673265457153,0.03112955018877983,0.4666666666666667
473,0.021182247251272202,0.02032182781646649,0.8604196031888326,0.025731688365340233,0.5416666666666666
474,0.020431436722477277,0.019687383125225704,0.744053590297699,0.02661098726093769,0.55
475,0.0221317487458388,0.021228136867284773,0.9036118547121684,0.029556406661868095,0.55
476,0.021288020350039006,0.020482863299548626,0.8051568269729614,0.03053305111825466,0.39166666666666666
477,0.02120511991282304,0.020368766412138938,0.8363533020019531,0.031730324029922485,0.5083333333333333
478,0.022708664213617644,0.021739852180083594,0.9688119411468505,0.033797625452280045,0.43333333333333335
479,0.021401119728883106,0.020546477722624936,0.8546418070793151,0.02917291969060898,0.475
480,0.02040963520606359,0.01961342046658198,0.7962146878242493,0.030804168432950974,0.45
481,0.01979718605677287,0.019065665453672408,0.7315204660097758,0.028402747586369514,0.43333333333333335
482,0.021056078746914862,0.020247618854045867,0.8084596991539001,0.03337421268224716,0.425
483,0.020799101889133455,0.0200361671547095,0.7629345655441284,0.030023042112588882,0.4166666666666667
484,0.021471504991253217,0.020713529239098232,0.7579757769902548,0.02917395904660225,0.425
485,0.020463942860563595,0.019722142443060874,0.7418005506197611,0.02754003182053566,0.44166666666666665
486,0.0219227051983277,0.021135377883911132,0.7873270392417908,0.02468935400247574,0.48333333333333334
487,0.01985066644847393,0.0190787377456824,0.7719285567601522,0.03066745400428772,0.475
488,0.021821193024516107,0.020938208016256492,0.882984991868337,0.027458438649773598,0.475
489,0.02256779869397481,0.02169037808974584,0.8774205843607584,0.03238684684038162,0.38333333333333336
490,0.022111420643826325,0.02132258458683888,0.7888359944025676,0.03010481782257557,0.475
491,0.02129024292031924,0.020442562798659008,0.8476803580919902,0.02736082300543785,0.5166666666666667
492,0.02103267771502336,0.02019698346654574,0.8356940666834514,0.024776624515652657,0.4666666666666667
493,0.02184713234504064,0.020941622306903204,0.9055098613103231,0.027059050276875496,0.43333333333333335
494,0.022989359746376673,0.02203372058769067,0.9556389609972636,0.0299037154763937,0.5166666666666667
495,0.022854397321740785,0.021900665014982224,0.9537322521209717,0.02562180906534195,0.4583333333333333
496,0.02094465841849645,0.02011921318868796,0.8254451592763264,0.023661097511649132,0.48333333333333334
497,0.021952000384529432,0.021090588842829067,0.8614114443461101,0.02655993588268757,0.5416666666666666
498,0.022678129002451898,0.021889173053205015,0.7889560143152873,0.031524136662483215,0.49166666666666664
499,0.02183483578264713,0.020982340226570764,0.8524955749511719,0.02798519656062126,0.525
500,0.021432979653278988,0.020561225215593972,0.8717545708020528,0.03321953862905502,0.48333333333333334
