epoch,train_loss,rmse_loss,trend_loss,val_rmse,val_trend_acc
0,0.3149641404549281,0.2982590615749359,16.705078156789146,0.11533501744270325,0.45
1,0.08847327753901482,0.08449181020259858,3.981467127799988,0.06600561738014221,0.5333333333333333
2,0.05525357152024905,0.05297853276133537,2.2750389337539674,0.042812786996364594,0.4666666666666667
3,0.04337680215636889,0.04173208003242811,1.6447217146555582,0.03398473188281059,0.43333333333333335
4,0.03881628612677256,0.037420714646577834,1.395571223894755,0.03553058207035065,0.5
5,0.044245001922051115,0.04276590645313263,1.4790950536727905,0.03068549931049347,0.5
6,0.03781589840849241,0.036487921699881555,1.327976115544637,0.025591691955924034,0.5333333333333333
7,0.03755895333985488,0.03618072842558225,1.3782250046730042,0.03813580423593521,0.5
8,0.04186112756530444,0.0402976448337237,1.5634830156962076,0.034018438309431076,0.45
9,0.039094624916712443,0.037620879833896954,1.4737449089686077,0.025576677173376083,0.55
10,0.03512818999588489,0.03397725286583106,1.1509369691212972,0.02533571794629097,0.5
11,0.03352317747970422,0.032519846533735595,1.0033310532569886,0.03205529972910881,0.4166666666666667
12,0.036320906380812326,0.03524139449000359,1.079511789480845,0.030075065791606903,0.5166666666666667
13,0.037069972852865854,0.03612626530230045,0.9437073548634847,0.03238828107714653,0.48333333333333334
14,0.034529835482438404,0.03355273827910423,0.9770975232124328,0.0215083509683609,0.55
15,0.03512426142891248,0.034121463820338246,1.0027979175249735,0.02807471714913845,0.5
16,0.033211776365836464,0.03224676425258319,0.9650121172269185,0.02479911781847477,0.4
17,0.035382697855432826,0.034428202609221144,0.9544950008392334,0.036127980798482895,0.5333333333333333
18,0.0403534767528375,0.03927490897476673,1.0785673300425211,0.03710706904530525,0.4666666666666667
19,0.03696661752959093,0.03606082946062088,0.9057881236076355,0.03043394349515438,0.5833333333333334
20,0.03872794881463051,0.03767276667058468,1.0551822940508524,0.03312591835856438,0.5
21,0.03765156405667464,0.036462894454598424,1.188670027256012,0.02280847169458866,0.55
22,0.03857323390742143,0.03746557496488094,1.1076589783032735,0.033736471086740494,0.45
23,0.03897031048933665,0.03773569526771704,1.2346150000890097,0.02284112572669983,0.5
24,0.03432228776315848,0.033342705418666206,0.9795822620391845,0.0329793319106102,0.36666666666666664
25,0.03457816168665886,0.03362632878124714,0.9518327792485555,0.02889537811279297,0.6
26,0.036904765168825786,0.03575432151556015,1.1504438400268555,0.0326581671833992,0.48333333333333334
27,0.03409855961799622,0.03301603570580482,1.082524061203003,0.033083476126194,0.4166666666666667
28,0.03660185001790524,0.035533828536669414,1.068021329243978,0.04389752075076103,0.45
29,0.037302573894461,0.03626236009101073,1.0402141531308493,0.025547051802277565,0.43333333333333335
30,0.034227505202094714,0.03308594649036725,1.1415582180023194,0.024381976574659348,0.5666666666666667
31,0.033336928114295006,0.032371317098538084,0.9656110843022664,0.031768351793289185,0.55
32,0.03488094707330068,0.033804939687252046,1.0760074178377788,0.03313106670975685,0.4166666666666667
33,0.03670808759828408,0.035433644677201906,1.2744430422782898,0.025843001902103424,0.48333333333333334
34,0.03320056386291981,0.03219783268868923,1.0027310887972514,0.022107260301709175,0.5166666666666667
35,0.0326018334676822,0.03166620011130969,0.9356333454449971,0.02633298560976982,0.5
36,0.03806152492761612,0.0370382159948349,1.0233089804649353,0.02510474994778633,0.5166666666666667
37,0.03732898098727067,0.03618135588864486,1.1476251006126403,0.028729144483804703,0.5666666666666667
38,0.03382988050580025,0.03286655570069949,0.9633247534434001,0.03088238649070263,0.5
39,0.034468879302342735,0.03337908051908016,1.0897991379102072,0.024952908977866173,0.4
40,0.035714137554168704,0.03467667115231355,1.0374667485555014,0.03131336718797684,0.48333333333333334
41,0.03623666154841582,0.035153717175126074,1.082944349447886,0.028589967638254166,0.38333333333333336
42,0.03509038053452969,0.03390939434369405,1.1809860587120056,0.02480625919997692,0.4166666666666667
43,0.03610532966752847,0.034947284311056134,1.1580452958742777,0.025625957176089287,0.43333333333333335
44,0.03333402213950952,0.03236050307750702,0.9735187967618306,0.028182175010442734,0.5166666666666667
45,0.03497707570592563,0.034008679414788884,0.9683966477711995,0.02414226345717907,0.43333333333333335
46,0.033043611670533816,0.03212412819266319,0.9194833874702454,0.0266609787940979,0.5833333333333334
47,0.03631032407283783,0.03526564240455628,1.0446809569994608,0.041584521532058716,0.5166666666666667
48,0.04727545951803525,0.04611375021437804,1.1617089589436849,0.03399868682026863,0.48333333333333334
49,0.03902460138003031,0.037918037424484886,1.1065641641616821,0.021962223574519157,0.5
50,0.034836178893844286,0.033888997385899226,0.9471810936927796,0.0297698974609375,0.43333333333333335
51,0.03653016574680805,0.03548778705298901,1.0423790017763774,0.03262155130505562,0.43333333333333335
52,0.03714240863919258,0.03618185557425022,0.9605532606442769,0.04840349778532982,0.5333333333333333
53,0.04202704379955927,0.041044797251621884,0.982246744632721,0.049037251621484756,0.45
54,0.03850184256831805,0.037621909255782765,0.8799331426620484,0.021352065727114677,0.65
55,0.03354129157960415,0.03257051855325699,0.9707728902498881,0.0237811841070652,0.4666666666666667
56,0.03502534106373787,0.03389753761390845,1.1278031945228577,0.02333870530128479,0.5333333333333333
57,0.03475879269341628,0.03378521054983139,0.9735817273457845,0.022396264597773552,0.45
58,0.03744838150839011,0.03641870891054471,1.0296727697054544,0.028763417154550552,0.4666666666666667
59,0.03401308705409368,0.03305635477105776,0.9567323048909505,0.029661381617188454,0.43333333333333335
60,0.0332866694778204,0.032403985410928725,0.8826839327812195,0.02637704648077488,0.5333333333333333
61,0.035820708920558296,0.03478847655157248,1.0322330435117086,0.028035184368491173,0.5166666666666667
62,0.03419014438986778,0.03320906460285187,0.9810798406600952,0.024965567514300346,0.5333333333333333
63,0.03391455486416817,0.03299472977717718,0.9198246041933695,0.0280705988407135,0.45
64,0.03586049179236094,0.03452057329316934,1.3399188717206318,0.033831290900707245,0.5
65,0.03365528099238872,0.03262643118699392,1.0288499593734741,0.026189660653471947,0.6
66,0.032659272601207094,0.03173850774765015,0.9207647919654847,0.02558392472565174,0.5166666666666667
67,0.03312470602492491,0.032145976771910986,0.9787291367848714,0.03216987103223801,0.4666666666666667
68,0.03330655731260777,0.03228706493973732,1.0194922089576721,0.026874639093875885,0.48333333333333334
69,0.03457004378239314,0.03359752881030242,0.9725143909454346,0.03687882423400879,0.5333333333333333
70,0.03719631172716618,0.03610374617079894,1.0925653298695883,0.039959292858839035,0.5333333333333333
71,0.03797272282342116,0.03684613468746344,1.1265878756841023,0.02507122792303562,0.48333333333333334
72,0.03577643198271593,0.03478093780577183,0.9954941272735596,0.031571827828884125,0.5833333333333334
73,0.03755382237335046,0.036491592849294346,1.0622294108072916,0.04112570732831955,0.4666666666666667
74,0.03667926639318466,0.035667426387468976,1.011840271949768,0.035970088094472885,0.45
75,0.03690408132970333,0.03572293470303218,1.1811466058095297,0.022937685251235962,0.5166666666666667
76,0.034801316012938815,0.033769057442744575,1.0322583754857382,0.024802811443805695,0.5666666666666667
77,0.03539997277160486,0.03424578830599785,1.154184361298879,0.025349032133817673,0.5
78,0.0340336819489797,0.03304282501339913,0.9908567190170288,0.023596499115228653,0.55
79,0.03194700467089812,0.031080815692742667,0.8661890029907227,0.028491081669926643,0.55
80,0.03394303632279237,0.03293999123076598,1.0030450860659281,0.034572534263134,0.6
81,0.03467267242570718,0.03353716172277928,1.1355105797449747,0.02841864712536335,0.45
82,0.033470401912927626,0.032318087418874104,1.1523144046465557,0.02809513919055462,0.5833333333333334
83,0.03210673369467258,0.031190078829725583,0.9166546742121379,0.026287507265806198,0.5333333333333333
84,0.03259930784503619,0.03180153543750445,0.7977722684542338,0.033393461257219315,0.6
85,0.03686550085743268,0.03598844843606154,0.8770525455474854,0.022842559963464737,0.5166666666666667
86,0.03311190232634544,0.03226235173642635,0.8495505531628926,0.042105015367269516,0.5833333333333334
87,0.03401073689262072,0.03312711752951145,0.8836193283398946,0.027470113709568977,0.5666666666666667
88,0.03788486694296201,0.0369052371631066,0.9796296715736389,0.052997589111328125,0.5
89,0.04428695676227411,0.04331113484998544,0.9758219401041667,0.02373296208679676,0.6
90,0.03286191547910373,0.0319422610104084,0.9196544329325358,0.02788906916975975,0.4666666666666667
91,0.033966473489999774,0.03291048829754194,1.0559855182965596,0.028543224558234215,0.4666666666666667
92,0.03229322334130605,0.031240669513742127,1.0525538881619771,0.027277208864688873,0.5
93,0.033597232401371004,0.03258302733302117,1.0142049551010133,0.02859502099454403,0.5
94,0.03569705958167712,0.03472655539711316,0.9705044865608216,0.0251140259206295,0.5833333333333334
95,0.03217759144802888,0.03129601366817951,0.8815777023633321,0.0218484029173851,0.48333333333333334
96,0.031231211001674333,0.030414243787527086,0.8169669191042582,0.021049389615654945,0.5166666666666667
97,0.032034481316804884,0.031235123549898467,0.7993576169013977,0.021803315728902817,0.6333333333333333
98,0.034609468777974446,0.03370600938796997,0.9034595449765523,0.03406517580151558,0.55
99,0.038614650070667264,0.037727078422904015,0.8875716686248779,0.037831056863069534,0.48333333333333334
100,0.0398547833164533,0.03884238712489605,1.0123957395553589,0.026878006756305695,0.5166666666666667
101,0.03742598903675874,0.036410619194308914,1.015369725227356,0.030623573809862137,0.45
102,0.03126658499240875,0.030373194441199302,0.8933902025222779,0.03336233273148537,0.55
103,0.036933974797527,0.03580413560072581,1.129839253425598,0.02513371966779232,0.5666666666666667
104,0.03216225306193034,0.031246426577369372,0.9158262372016907,0.026897402480244637,0.48333333333333334
105,0.03392813540995121,0.032898104687531786,1.0300307989120483,0.023171741515398026,0.5
106,0.03289185675481955,0.03190471542378267,0.9871411085128784,0.022906966507434845,0.5333333333333333
107,0.03195059945185979,0.030947945763667425,1.0026534954706827,0.023321643471717834,0.48333333333333334
108,0.03316896421213945,0.03231872779627641,0.8502363363901774,0.030131319537758827,0.38333333333333336
109,0.03371639624238014,0.03273213803768158,0.9842581590016682,0.02983342483639717,0.43333333333333335
110,0.03598062284290791,0.03495617272953192,1.0244500239690144,0.024940945208072662,0.5
111,0.03329099702338378,0.03228416902323564,1.0068282643953959,0.03525679558515549,0.45
112,0.036775731667876246,0.0357815553744634,0.9941762208938598,0.028742164373397827,0.45
113,0.032334494218230245,0.0314199826369683,0.9145110011100769,0.022911328822374344,0.48333333333333334
114,0.03375280114511649,0.032841375842690465,0.9114255587259928,0.022046606987714767,0.4166666666666667
115,0.036798391739527384,0.03584737032651901,0.9510214964548747,0.03570955619215965,0.5666666666666667
116,0.03830169712503751,0.0371310135970513,1.1706835269927978,0.04261595010757446,0.43333333333333335
117,0.03530704130729039,0.03413965379198392,1.167387557029724,0.021412117406725883,0.65
118,0.03388122183581193,0.03294108994305134,0.9401315848032633,0.024529004469513893,0.4666666666666667
119,0.034103338792920115,0.032961364338795346,1.1419743299484253,0.027124710381031036,0.4
120,0.03192484515408675,0.03104375625650088,0.881088642279307,0.032589226961135864,0.4666666666666667
121,0.036625028029084204,0.03533924880127112,1.2857792536417643,0.02156175673007965,0.5666666666666667
122,0.03234478359421094,0.03132946404318015,1.015319585800171,0.02934630587697029,0.5166666666666667
123,0.0366032462567091,0.03551849933962027,1.0847469290097556,0.03494670242071152,0.5
124,0.03546018997828166,0.03443833428124587,1.0218554377555846,0.021376777440309525,0.5333333333333333
125,0.03295307606458664,0.03203994631767273,0.9131296634674072,0.029248138889670372,0.5666666666666667
126,0.03610773645341396,0.03512357249855995,0.984164035320282,0.028937794268131256,0.43333333333333335
127,0.03367115631699562,0.03264489074548085,1.0262652476628622,0.027865925803780556,0.45
128,0.03503341923157374,0.03398326002061367,1.0501587867736817,0.02558949962258339,0.45
129,0.03349243390063445,0.03261108547449112,0.8813480734825134,0.02814396284520626,0.48333333333333334
130,0.0352806289990743,0.03419321191807588,1.0874170104662577,0.027065282687544823,0.5333333333333333
131,0.0331041119992733,0.03211538245280584,0.9887293577194214,0.027455318719148636,0.48333333333333334
132,0.03508637758592765,0.03410046845674515,0.9859086155891419,0.02067580819129944,0.6
133,0.03374064366022746,0.03284432590007782,0.8963177800178528,0.029937010258436203,0.48333333333333334
134,0.031668034940958024,0.030864802623788514,0.8032322963078816,0.024393277242779732,0.45
135,0.03028469408551852,0.029486117511987688,0.7985763549804688,0.024371804669499397,0.4666666666666667
136,0.03542043281098207,0.03448820672929287,0.9322259108225505,0.0314297191798687,0.48333333333333334
137,0.03235439931352933,0.031411572669943176,0.942826775709788,0.030380146577954292,0.5
138,0.033885757625103,0.03280753170450528,1.0782259543736776,0.029361406341195107,0.5833333333333334
139,0.03491607184211413,0.033934956913193065,0.9811147411664327,0.03501405939459801,0.48333333333333334
140,0.03368187521894773,0.032683809225757914,0.9980662584304809,0.021239148452878,0.5333333333333333
141,0.032205317293604215,0.0313349316517512,0.8703857143719991,0.028110632672905922,0.4666666666666667
142,0.031749456251660986,0.030832353855172794,0.9171022256215413,0.025931356474757195,0.43333333333333335
143,0.03317814829448859,0.032175117855270705,1.0030304630597433,0.024361852556467056,0.4166666666666667
144,0.029878392070531844,0.029050525526205698,0.8278663516044616,0.02586984448134899,0.55
145,0.03453521393239498,0.03348590172827244,1.0493120431900025,0.026521094143390656,0.5
146,0.03607114317516486,0.035021301234761874,1.0498419880867005,0.027386821806430817,0.4666666666666667
147,0.035156980405251184,0.034258239343762396,0.8987410823504131,0.04741399735212326,0.35
148,0.040462419763207434,0.03929697449008624,1.1654447197914124,0.021773485466837883,0.6166666666666667
149,0.033644550914565724,0.03279829571644465,0.8462552785873413,0.028022849932312965,0.5
150,0.03483421318233013,0.033843268329898514,0.9909445802370708,0.03173501789569855,0.5
151,0.035028575981656714,0.03392239560683568,1.1061809023221334,0.027395198121666908,0.5333333333333333
152,0.031028906752665838,0.03013124316930771,0.8976636966069539,0.023646380752325058,0.55
153,0.030182057494918504,0.02934231807788213,0.8397391597429912,0.03168920427560806,0.5166666666666667
154,0.03338303975760937,0.032489655166864397,0.8933846473693847,0.026937462389469147,0.5333333333333333
155,0.031504928941528,0.0306434645007054,0.8614642937978109,0.024347176775336266,0.5
156,0.031136586144566537,0.030189296479026476,0.9472899715105693,0.02717173844575882,0.48333333333333334
157,0.03323998674750328,0.03225653308133284,0.9834535916646322,0.026673713698983192,0.45
158,0.03202259366710981,0.031064546729127566,0.9580468654632568,0.026613658294081688,0.5333333333333333
159,0.03383913387854894,0.03282959746817748,1.0095363179842631,0.0343577116727829,0.36666666666666664
160,0.03305433827141921,0.0321518092105786,0.9025289058685303,0.036246996372938156,0.6166666666666667
161,0.03843014438947042,0.03747703234354655,0.9531119505564372,0.04293275997042656,0.45
162,0.040312765166163445,0.039309502393007276,1.0032622893651326,0.0349055677652359,0.45
163,0.0366973664611578,0.03553281227747599,1.1645541230837504,0.02474234439432621,0.48333333333333334
164,0.03229661770164967,0.031205466762185097,1.091150657335917,0.028636543080210686,0.5166666666666667
165,0.034570705890655515,0.033398331701755525,1.1723738352457682,0.03752906993031502,0.45
166,0.0328212754180034,0.031782174979647,1.0391003688176472,0.023683607578277588,0.5166666666666667
167,0.03200774316986402,0.031109093750516573,0.8986497163772583,0.02341657690703869,0.55
168,0.03313616104424,0.03213437038163344,1.0017903168996176,0.027046402916312218,0.5166666666666667
169,0.033694694936275485,0.032638929411768915,1.0557653784751893,0.042968396097421646,0.4166666666666667
170,0.031209866081674895,0.03037888581554095,0.8309804002443949,0.022464735433459282,0.4166666666666667
171,0.032407252863049504,0.03152106367051601,0.8861889561017354,0.024474654346704483,0.5166666666666667
172,0.031600594023863476,0.03069350098570188,0.9070931951204936,0.020549332723021507,0.5
173,0.031663443769017856,0.03079461082816124,0.8688328703244527,0.03687521815299988,0.4166666666666667
174,0.03954298036793868,0.038496895134449004,1.0460850675900777,0.024219946935772896,0.55
175,0.034013642867406206,0.03306796426574389,0.9456787387530009,0.03464261069893837,0.5333333333333333
176,0.03687776823838552,0.03594769065578778,0.930077334245046,0.032846711575984955,0.6
177,0.039196907977263135,0.03826381849745909,0.9330891728401184,0.035128794610500336,0.6
178,0.03771995430191358,0.03682925142347813,0.8907027244567871,0.0275472030043602,0.5166666666666667
179,0.03274622969329357,0.031828379010160765,0.9178512175877889,0.030955197289586067,0.5333333333333333
180,0.03646078159411748,0.03553500634928544,0.925775404771169,0.02376728132367134,0.5333333333333333
181,0.0315097893277804,0.030720265209674837,0.7895240704218547,0.026658298447728157,0.4666666666666667
182,0.03058249900738398,0.02976024200518926,0.8222569624582926,0.02348199114203453,0.5666666666666667
183,0.033453131342927614,0.03249613679945469,0.9569942593574524,0.02885552868247032,0.38333333333333336
184,0.03352246942619483,0.032523299505313234,0.9991699059804281,0.028108371421694756,0.45
185,0.032459585244456926,0.03152945277591546,0.9301322062810262,0.027110978960990906,0.55
186,0.0322717197239399,0.03120967944463094,1.0620400468508402,0.021914131939411163,0.5
187,0.030042635401089986,0.029206289102633794,0.8363460739453633,0.020766738802194595,0.55
188,0.03341194937626521,0.03250106362005075,0.910885747273763,0.036005131900310516,0.38333333333333336
189,0.03377127908170223,0.03270860599974791,1.0626730839411418,0.024560920894145966,0.5166666666666667
190,0.03232246699432532,0.03132358193397522,0.9988851348559061,0.02547374740242958,0.55
191,0.032524333149194715,0.03154898037513097,0.9753524978955587,0.030885834246873856,0.4666666666666667
192,0.03513447294632594,0.03411656791965167,1.017904806137085,0.02248424105346203,0.5333333333333333
193,0.03616953169306119,0.03517445251345634,0.9950791994730631,0.025480899959802628,0.55
194,0.03360508047044277,0.03264006301760673,0.9650177558263143,0.025026721879839897,0.4666666666666667
195,0.03178489382068316,0.030745992188652357,1.038901937007904,0.03488198667764664,0.5666666666666667
196,0.03635141911605994,0.03524971939623356,1.1016996542612711,0.03246665373444557,0.5333333333333333
197,0.034735853970050815,0.03356441507736842,1.1714388291041056,0.031324561685323715,0.4666666666666667
198,0.03290187604725361,0.03193055006364982,0.971325953801473,0.023005450144410133,0.4666666666666667
199,0.03150535449385643,0.030545414984226228,0.9599394122759501,0.0337647907435894,0.48333333333333334
200,0.03599319954713186,0.0349307822684447,1.0624171853065492,0.023462284356355667,0.5833333333333334
201,0.03394922750691573,0.03295917709668477,0.9900506893793742,0.027673307806253433,0.5
202,0.033912767842412,0.032861323778827986,1.0514438986778258,0.03310609981417656,0.45
203,0.0365088385840257,0.03544278691212336,1.0660518566767374,0.03156018257141113,0.45
204,0.035979922860860825,0.03489227555692196,1.0876474380493164,0.027081044390797615,0.65
205,0.034716863309343655,0.0338022335122029,0.9146299242973328,0.02577948570251465,0.43333333333333335
206,0.03309261215229829,0.0322056004156669,0.8870119174321492,0.034439168870449066,0.48333333333333334
207,0.035353391369183855,0.03446774743497372,0.8856436173121135,0.02349684201180935,0.6166666666666667
208,0.03146525335808595,0.030595227951804797,0.8700250585873922,0.02581336908042431,0.5333333333333333
209,0.03108323017756144,0.03013499341905117,0.948236354192098,0.02453816682100296,0.5833333333333334
210,0.0322620136042436,0.03126933475335439,0.9926788012186686,0.025108585134148598,0.48333333333333334
211,0.030980024486780167,0.030116920918226243,0.8631031473477682,0.022855298593640327,0.5
212,0.030637570346395176,0.02984257712960243,0.7949929237365723,0.026906872168183327,0.5833333333333334
213,0.03213779119153817,0.031150690838694574,0.9871008078257243,0.022970639169216156,0.5
214,0.03083858179549376,0.02996307648718357,0.8755053798357646,0.031733132898807526,0.48333333333333334
215,0.03476039208471775,0.033746294925610223,1.0140971024831136,0.03515097498893738,0.5333333333333333
216,0.039279599239428836,0.03812497394780318,1.1546249469121297,0.024715516716241837,0.5666666666666667
217,0.037007014453411105,0.035915567974249524,1.0914462447166442,0.025844907388091087,0.5333333333333333
218,0.03164871831734975,0.0308072076489528,0.8415103475252788,0.030553504824638367,0.48333333333333334
219,0.03498434387147427,0.033859220519661906,1.1251230518023172,0.024600934237241745,0.5333333333333333
220,0.0325727383295695,0.0315856721252203,0.9870659669240316,0.024078303948044777,0.6333333333333333
221,0.03244746252894402,0.031381473193566004,1.065989375114441,0.034286241978406906,0.4666666666666667
222,0.03279734464983145,0.03170846725503604,1.0888774752616883,0.023048963397741318,0.4666666666666667
223,0.031003456811110178,0.030091025680303574,0.912431005636851,0.02744298428297043,0.45
224,0.032621078689893085,0.031760542467236516,0.8605360190073649,0.02547844685614109,0.5333333333333333
225,0.030914114539821944,0.030048128093282382,0.8659862478574117,0.02791137993335724,0.4666666666666667
226,0.030850570648908615,0.029988522330919903,0.8620481014251709,0.021287662908434868,0.5333333333333333
227,0.03143551113704841,0.030592074617743492,0.8434365153312683,0.024535013362765312,0.6
228,0.030821432545781135,0.029932534446318944,0.8888976573944092,0.026992298662662506,0.5833333333333334
229,0.033815803627173104,0.03280194153388341,1.0138619422912598,0.0284933689981699,0.5666666666666667
230,0.03291373960673809,0.03174717115859191,1.1665682554244996,0.023822003975510597,0.43333333333333335
231,0.03244039937853813,0.03143805004656315,1.0023492177327473,0.022312045097351074,0.55
232,0.030523704116543135,0.029716335609555243,0.8073687394460042,0.03927457705140114,0.43333333333333335
233,0.031774451086918516,0.03091395248969396,0.8604985356330872,0.02491449937224388,0.6
234,0.03382514926294486,0.03289889171719551,0.9262575546900431,0.043295614421367645,0.38333333333333336
235,0.03983328069249789,0.038834572210907935,0.9987085978190104,0.02655847743153572,0.5333333333333333
236,0.03738496663669745,0.036326544483502705,1.058422291278839,0.026454567909240723,0.5833333333333334
237,0.03444006306429704,0.03349680937826634,0.9432536522547404,0.028011569753289223,0.48333333333333334
238,0.032363018145163854,0.0313535804549853,1.0094374577204386,0.03042757324874401,0.5
239,0.03189435129364331,0.030966505780816077,0.9278459310531616,0.030644068494439125,0.6
240,0.03673860281705856,0.035732862229148545,1.005740221341451,0.026121877133846283,0.5166666666666667
241,0.030886908993124962,0.03001072605450948,0.8761825760205587,0.02187289297580719,0.48333333333333334
242,0.033503796284397445,0.032325014223655066,1.1787821412086488,0.02631075493991375,0.5333333333333333
243,0.03493128418922424,0.03390952497720719,1.0217587232589722,0.05491597577929497,0.5333333333333333
244,0.0400236872335275,0.03865178413689137,1.3719031453132629,0.030587617307901382,0.4666666666666667
245,0.031800844396154083,0.03078706959883372,1.0137749234835307,0.023906484246253967,0.5333333333333333
246,0.03314652902384599,0.032150784010688466,0.9957448641459147,0.029338141903281212,0.5166666666666667
247,0.033539035047094025,0.03242024357120196,1.1187919616699218,0.025905027985572815,0.45
248,0.03369245653351148,0.03267613040904204,1.0163261771202088,0.022880401462316513,0.48333333333333334
249,0.031545686970154446,0.030544680481155714,1.0010067542394003,0.031938336789608,0.5333333333333333
250,0.03132417773207029,0.030400474493702253,0.9237030029296875,0.021974563598632812,0.48333333333333334
251,0.029574717705448467,0.028796071435014406,0.7786460399627686,0.03028218448162079,0.5333333333333333
252,0.03236653606096904,0.03130181568364302,1.0647203207015992,0.02242293767631054,0.55
253,0.03186679395536582,0.031017691269516943,0.8491026957829794,0.02963433973491192,0.35
254,0.0341863206277291,0.03327945123116175,0.9068691968917847,0.040785957127809525,0.5666666666666667
255,0.03662744450072448,0.035488499452670415,1.138944439093272,0.021032745018601418,0.4666666666666667
256,0.034804517899950344,0.03364465373257796,1.1598639885584514,0.02592647075653076,0.43333333333333335
257,0.03176814230779807,0.030658313756187758,1.1098286946614584,0.0316806361079216,0.5
258,0.032034794241189955,0.031079159801205,0.9556347171465556,0.022555414587259293,0.5666666666666667
259,0.03144902288913727,0.030597014476855595,0.8520084063212077,0.031791675835847855,0.43333333333333335
260,0.029745152965188027,0.028941999996701877,0.8031529625256856,0.02178283780813217,0.6333333333333333
261,0.030848534777760506,0.03000756030281385,0.8409741560618083,0.02963634580373764,0.5
262,0.03158162956436475,0.03070272902647654,0.8789007385571798,0.022301658987998962,0.48333333333333334
263,0.030101322134335837,0.02921009560426076,0.8912263751029968,0.02722351998090744,0.6
264,0.03163628565768401,0.030774608502785364,0.8616772214571635,0.02601565048098564,0.48333333333333334
265,0.03395397029817104,0.03285859947403272,1.0953706542650858,0.031595274806022644,0.48333333333333334
266,0.035687971487641336,0.03468705353637536,1.000917649269104,0.026953086256980896,0.4
267,0.032986578345298764,0.03205455280840397,0.932025400797526,0.034615080803632736,0.5
268,0.03411704413592816,0.03306660912930966,1.0504348874092102,0.026833726093173027,0.5
269,0.03075234852731228,0.02993174468477567,0.8206039190292358,0.024778081104159355,0.5666666666666667
270,0.034269366910060245,0.033222472916046776,1.0468938231468201,0.03788504749536514,0.5333333333333333
271,0.03332914486527443,0.032208314662178356,1.1208298087120057,0.02424972876906395,0.5166666666666667
272,0.031560262416799864,0.030656918634970984,0.9033434351285299,0.029737940058112144,0.4166666666666667
273,0.033922979484001796,0.032937161872784296,0.9858171304066976,0.028266403824090958,0.5833333333333334
274,0.03766732228298982,0.036492775504787765,1.174546754360199,0.027115313336253166,0.5666666666666667
275,0.03249535672366619,0.03158198967576027,0.9133669257164001,0.02505187690258026,0.55
276,0.032695937901735306,0.03168717175722122,1.0087663849194846,0.02582068368792534,0.43333333333333335
277,0.03326920159161091,0.032221503307422,1.0476983586947124,0.03324901685118675,0.5166666666666667
278,0.036203120524684586,0.034937646239995956,1.2654741843541464,0.030586684122681618,0.5166666666666667
279,0.032127506534258526,0.031086737165848415,1.0407690127690634,0.026763690635561943,0.5
280,0.031226114307840665,0.030391244466106096,0.8348699291547139,0.023591095581650734,0.5166666666666667
281,0.031402399639288585,0.030515198533733686,0.8872008164723714,0.033496446907520294,0.43333333333333335
282,0.03012927696108818,0.029225284606218337,0.9039925932884216,0.027988148853182793,0.4666666666666667
283,0.033307208617528276,0.032274530703822774,1.0326773444811503,0.022008808329701424,0.5333333333333333
284,0.030250252907474837,0.029349952936172485,0.9002998431523641,0.023240085691213608,0.48333333333333334
285,0.033056205386916795,0.03209598064422607,0.9602245410283407,0.02294822223484516,0.5
286,0.03319907188415527,0.03218993159631888,1.0091405312220256,0.023705217987298965,0.45
287,0.02942764883240064,0.028642290209730466,0.785358476638794,0.0222117118537426,0.5333333333333333
288,0.03128415532410145,0.030423428366581597,0.860726793607076,0.025022588670253754,0.5
289,0.03060900097091993,0.029754863182703654,0.8541378378868103,0.022657372057437897,0.43333333333333335
290,0.030287865052620568,0.029459070538481076,0.8287942449251811,0.03282102197408676,0.4
291,0.03259615090986093,0.031687540312608085,0.9086108287175496,0.030791407451033592,0.6333333333333333
292,0.03251798798640569,0.03164477087557316,0.8732170661290487,0.026877012103796005,0.5333333333333333
293,0.03200908824801445,0.031057851140697798,0.9512368599573772,0.028959037736058235,0.43333333333333335
294,0.03541984831293424,0.03442600692311923,0.9938415209452311,0.030123956501483917,0.5166666666666667
295,0.031077132001519202,0.030094479272762934,0.9826526880264282,0.025247348472476006,0.48333333333333334
296,0.031169937923550606,0.030212453504403432,0.9574838598569234,0.03327780216932297,0.55
297,0.03530776302019755,0.034309092164039615,0.9986705660820008,0.028907759115099907,0.5333333333333333
298,0.033329973742365834,0.032383987307548524,0.945986787478129,0.023599976673722267,0.5333333333333333
299,0.03135978666444619,0.030518990258375803,0.84079643090566,0.022434448823332787,0.5166666666666667
300,0.03420849678417047,0.03318755812942982,1.0209388812383016,0.025754231959581375,0.55
301,0.03194084291656812,0.03103527215619882,0.9055706302324931,0.023936593905091286,0.5
302,0.032934715350468956,0.03192869760096073,1.0060179074605307,0.025180120021104813,0.4666666666666667
303,0.02968241907656193,0.028855754931767782,0.8266642371813456,0.026734737679362297,0.48333333333333334
304,0.03185160035888354,0.030959210420648257,0.892390497525533,0.022945266216993332,0.5833333333333334
305,0.03379377909004688,0.03283101071914037,0.962768304347992,0.030313007533550262,0.45
306,0.03338250940044721,0.03237193735937278,1.0105721672375998,0.030205566436052322,0.43333333333333335
307,0.031471973285079,0.030511245255668958,0.9607280850410461,0.02660779096186161,0.43333333333333335
308,0.03211115834613641,0.031169930721322694,0.9412276744842529,0.038791827857494354,0.43333333333333335
309,0.031501674403746925,0.03056809169550737,0.933582623799642,0.028650974854826927,0.6333333333333333
310,0.030617879703640938,0.029726844156781833,0.8910351753234863,0.025638150051236153,0.5
311,0.03193288743495941,0.031025235603253046,0.9076521873474122,0.02816079556941986,0.45
312,0.033019888276855154,0.03204221067329248,0.9776779611905416,0.023194115608930588,0.45
313,0.03071156901617845,0.029762565344572067,0.9490034381548563,0.027109259739518166,0.5
314,0.03141874335706234,0.030463617915908497,0.9551252722740173,0.02594444900751114,0.48333333333333334
315,0.03231590278446674,0.0312667182336251,1.0491844892501831,0.031080326065421104,0.5666666666666667
316,0.03174510498841603,0.030749137327075005,0.9959674119949341,0.023118583485484123,0.5166666666666667
317,0.03138350273172061,0.03046135480205218,0.9221478223800659,0.03536926582455635,0.48333333333333334
318,0.035340524092316625,0.034368255113561945,0.9722683389981588,0.027690155431628227,0.5
319,0.03198561581472556,0.030963299175103504,1.0223164041837056,0.02449745684862137,0.48333333333333334
320,0.03053251691162586,0.029580980042616525,0.951536746819814,0.021998943760991096,0.48333333333333334
321,0.031058582787712414,0.03017688790957133,0.8816953659057617,0.023312177509069443,0.55
322,0.03211098052561283,0.031120519960920016,0.9904602964719137,0.0263630710542202,0.48333333333333334
323,0.031149683892726897,0.030168113112449647,0.9815708835919698,0.02329406887292862,0.6166666666666667
324,0.030086874837676685,0.029284403100609778,0.8024720390637715,0.028380002826452255,0.5
325,0.030903833607832592,0.030078414579232535,0.8254186868667602,0.02398235909640789,0.5833333333333334
326,0.031306612367431326,0.030410948023200036,0.8956645925839742,0.03635808825492859,0.48333333333333334
327,0.033227961510419846,0.03230317085981369,0.924790624777476,0.025378452613949776,0.5166666666666667
328,0.03408842831850052,0.03300752838452657,1.0809001167615255,0.023287063464522362,0.48333333333333334
329,0.0310932503392299,0.030184428890546164,0.9088216344515483,0.02685694582760334,0.5666666666666667
330,0.03544324139753977,0.03437238608797391,1.0708552916844687,0.025913164019584656,0.5666666666666667
331,0.03126207155485948,0.030266366650660834,0.9957049091657003,0.03238771855831146,0.5833333333333334
332,0.03254527275760968,0.03158878410855929,0.956488553682963,0.03257878124713898,0.55
333,0.031814571594198544,0.0309473500897487,0.8672216415405274,0.02130136638879776,0.5166666666666667
334,0.031599749252200125,0.030684225633740424,0.9155235489209493,0.028971537947654724,0.5166666666666667
335,0.03154578035076459,0.03061810073753198,0.9276795824368794,0.026420122012495995,0.48333333333333334
336,0.03439954457183679,0.033195466299851734,1.2040788054466247,0.02925638109445572,0.5166666666666667
337,0.03098488338291645,0.030047811567783356,0.9370720307032268,0.02312922477722168,0.5333333333333333
338,0.03368636059264342,0.032784434780478475,0.9019255558649699,0.029010046273469925,0.43333333333333335
339,0.035140709951519966,0.033961319178342816,1.1793906450271607,0.026403376832604408,0.5166666666666667
340,0.03384093704322974,0.032873862360914545,0.9670746405919393,0.022411467507481575,0.5666666666666667
341,0.03113669032851855,0.03018784336745739,0.9488471945126852,0.029280465096235275,0.35
342,0.0319727323949337,0.031051132703820865,0.9215997060139974,0.0247790589928627,0.5833333333333334
343,0.0342961423099041,0.03326941269139449,1.0267297744750976,0.022827815264463425,0.6333333333333333
344,0.03149842694401741,0.030552231272061667,0.9461955428123474,0.02748611941933632,0.5666666666666667
345,0.032143760845065115,0.031208687027295432,0.9350737810134888,0.023587726056575775,0.43333333333333335
346,0.03018916038175424,0.029289051766196887,0.9001087029774983,0.022705264389514923,0.5833333333333334
347,0.029053579146663348,0.028223960722486178,0.8296183864275615,0.038441002368927,0.45
348,0.03344587708512942,0.03256129684547583,0.8845798293749492,0.021764129400253296,0.5666666666666667
349,0.030276882648468017,0.029337103292346,0.9397790710131327,0.022805746644735336,0.4
350,0.03217446667452653,0.031246573974688847,0.9278924067815145,0.025585085153579712,0.5833333333333334
351,0.03213900414605935,0.03109841893116633,1.0405848423639934,0.026461580768227577,0.43333333333333335
352,0.031613087902466454,0.030646440759301185,0.9666468461354574,0.03017890453338623,0.5
353,0.03345008119940758,0.032365906362732254,1.0841750462849935,0.03162015601992607,0.4166666666666667
354,0.03254358557363351,0.03143102017541726,1.1125655055046082,0.03723611310124397,0.5
355,0.033799195662140846,0.03278623844186465,1.0129574060440063,0.02333785966038704,0.5
356,0.03059137761592865,0.029673690100510915,0.9176877935727438,0.025321990251541138,0.48333333333333334
357,0.030793182924389838,0.029810069253047307,0.98311394850413,0.02451692335307598,0.4166666666666667
358,0.030734668175379436,0.029818698267141976,0.9159702022870382,0.02551681362092495,0.5333333333333333
359,0.03213858554760615,0.03113104465107123,1.0075408657391867,0.03292347118258476,0.5166666666666667
360,0.03343474194407463,0.03242763914167881,1.0071027716000875,0.023217426612973213,0.5666666666666667
361,0.03149184162418048,0.03065864828725656,0.8331931432088217,0.022546332329511642,0.5166666666666667
362,0.03154019005596638,0.03058656764527162,0.953622289498647,0.023548375815153122,0.5333333333333333
363,0.03334641369680564,0.03227687974770864,1.0695339560508728,0.033085014671087265,0.48333333333333334
364,0.033388969302177426,0.03223533680041631,1.1536325573921205,0.026074310764670372,0.48333333333333334
365,0.03298046390215556,0.0319127768278122,1.067686907450358,0.023831967264413834,0.5666666666666667
366,0.03307319780190786,0.032130239283045134,0.9429583787918091,0.03223002701997757,0.4
367,0.03156467912097772,0.030773046985268594,0.7916318456331889,0.021645668894052505,0.48333333333333334
368,0.030242049197355906,0.029410572970906892,0.8314761757850647,0.0259090606123209,0.5333333333333333
369,0.03321212902665138,0.03226345467070738,0.9486748973528544,0.036048341542482376,0.5166666666666667
370,0.03275527829925219,0.031701629608869554,1.0536486625671386,0.024738211184740067,0.48333333333333334
371,0.03193597979843617,0.030951564013957978,0.9844159801801046,0.022540438920259476,0.5833333333333334
372,0.031090032557646433,0.030231250450015068,0.858781882127126,0.03145856410264969,0.4666666666666667
373,0.032199231907725334,0.03107207181553046,1.1271601915359497,0.027147939428687096,0.5
374,0.030959862718979516,0.02993810288608074,1.021759609381358,0.0258502084761858,0.4
375,0.032271561895807585,0.031310733904441196,0.9608277956644694,0.024002164602279663,0.5333333333333333
376,0.03138676943878333,0.030455315485596657,0.9314541141192119,0.02291710115969181,0.43333333333333335
377,0.03101647396882375,0.030188327531019847,0.8281461000442505,0.026293059810996056,0.6
378,0.02996292474369208,0.02913176380097866,0.8311604897181193,0.02802690863609314,0.5333333333333333
379,0.03182893581688404,0.03080618046224117,1.0227554082870483,0.027476193383336067,0.45
380,0.031101967642704644,0.030169258390863738,0.9327091375986735,0.02293911948800087,0.5333333333333333
381,0.03056938958664735,0.029665378853678703,0.9040104945500692,0.03041568025946617,0.4666666666666667
382,0.033372318372130394,0.03221721475323041,1.1551035006841024,0.024683421477675438,0.48333333333333334
383,0.03195174063245455,0.031009414792060853,0.9423262556393941,0.03991066291928291,0.55
384,0.03698611408472061,0.035803765058517456,1.1823484460512796,0.025655413046479225,0.5833333333333334
385,0.035004556303222974,0.03387287283937136,1.1316828370094298,0.02862645871937275,0.4666666666666667
386,0.031112248077988625,0.030184685438871383,0.9275624593098958,0.03092978522181511,0.36666666666666664
387,0.031308808674414955,0.030342848350604374,0.9659604867299397,0.02227497287094593,0.5333333333333333
388,0.03256205345193545,0.031619025642673174,0.9430284380912781,0.026820553466677666,0.5666666666666667
389,0.03396045006811619,0.03283275440335274,1.1276955008506775,0.025847649201750755,0.48333333333333334
390,0.03122103475034237,0.03024425854285558,0.9767762939135234,0.029985206201672554,0.48333333333333334
391,0.030392501999934516,0.029495497172077497,0.8970049301783244,0.02765255607664585,0.48333333333333334
392,0.030058624471227327,0.02910723959406217,0.951385227839152,0.023350665345788002,0.4666666666666667
393,0.028901662677526474,0.02804193099339803,0.8597316384315491,0.03270181268453598,0.5
394,0.03112984982629617,0.030208563556273778,0.9212860266367594,0.026387125253677368,0.5666666666666667
395,0.031254681572318074,0.030210486178596816,1.044195048014323,0.027367834001779556,0.5
396,0.03027563082675139,0.029364398246010146,0.9112326979637146,0.021385343745350838,0.5166666666666667
397,0.029528316979606947,0.028671015550692878,0.857301656405131,0.025887304916977882,0.5666666666666667
398,0.03220462861160437,0.031182090813914935,1.0225374261538187,0.03895815461874008,0.5333333333333333
399,0.032793147737781206,0.0318840483824412,0.9090993960698446,0.02290184795856476,0.4666666666666667
400,0.03165750118593375,0.030651378134886425,1.0061233123143514,0.02796672098338604,0.48333333333333334
401,0.030570824816823005,0.029555709287524223,1.0151155153910318,0.022342825308442116,0.45
402,0.02900477349758148,0.028226003299156824,0.7787702600161235,0.026051413267850876,0.5166666666666667
403,0.0313385887692372,0.03047359026968479,0.8649981260299683,0.034799620509147644,0.6
404,0.035583578919370966,0.034572440385818484,1.011138387521108,0.022426322102546692,0.55
405,0.030808307354648908,0.029920927062630654,0.8873806675275167,0.024922223761677742,0.5
406,0.030065788701176644,0.02912634313106537,0.9394456466039022,0.02875913865864277,0.45
407,0.03047220321993033,0.029659864554802576,0.8123385945955912,0.024555079638957977,0.48333333333333334
408,0.029789146160085996,0.028935657317439713,0.8534885128339131,0.02294256165623665,0.48333333333333334
409,0.02905468059082826,0.02823618377248446,0.8184969981511434,0.03332686051726341,0.5166666666666667
410,0.030458466708660127,0.02962638872365157,0.8320777853329976,0.02817036397755146,0.5666666666666667
411,0.031171519433458646,0.030303522447745004,0.8679969628651937,0.022148938849568367,0.5333333333333333
412,0.030151172851522762,0.029300451030333838,0.8507218917210897,0.02617870457470417,0.43333333333333335
413,0.030244945362210274,0.02940421849489212,0.840726908047994,0.04323158785700798,0.48333333333333334
414,0.033106438567241034,0.032157699142893154,0.9487392902374268,0.024084240198135376,0.5
415,0.03241155631840229,0.031508227437734605,0.9033288955688477,0.04182318225502968,0.5166666666666667
416,0.03664274327456951,0.03550720798472563,1.1355353474617005,0.02793535403907299,0.5333333333333333
417,0.03238612748682499,0.03140824909011523,0.9778783122698466,0.027743816375732422,0.48333333333333334
418,0.032675078014532725,0.03156700097024441,1.1080769499142964,0.022103333845734596,0.5666666666666667
419,0.03043662359317144,0.029618472357590995,0.8181511918703716,0.037286221981048584,0.5
420,0.03023470938205719,0.029422574241956077,0.8121352036794026,0.021526100113987923,0.5666666666666667
421,0.029801837354898452,0.02900099419057369,0.8008432706197103,0.022286323830485344,0.43333333333333335
422,0.03034341844419638,0.02950405205289523,0.8393666744232178,0.022299040108919144,0.4166666666666667
423,0.03108032469948133,0.030115772659579914,0.9645521601041158,0.029449710622429848,0.45
424,0.032082531477014224,0.031154630333185197,0.9279011329015096,0.024428820237517357,0.5
425,0.031921149045228955,0.030950648834307988,0.9705001552899678,0.026112152263522148,0.45
426,0.03164462745189667,0.030557267367839813,1.087359889348348,0.025675145909190178,0.4166666666666667
427,0.030040008202195167,0.029158727948864302,0.8812801559766134,0.027411459013819695,0.4666666666666667
428,0.030501407012343405,0.02966189421713352,0.8395132104555766,0.03313959762454033,0.48333333333333334
429,0.031030421331524848,0.03006246251364549,0.9679590384165446,0.0251271054148674,0.55
430,0.028889407341678938,0.02810514681041241,0.7842606663703918,0.021433748304843903,0.5833333333333334
431,0.030701836571097374,0.029835077623526256,0.8667587081591288,0.03643855080008507,0.43333333333333335
432,0.032658686861395836,0.03178946090241273,0.8692262212435404,0.02560979127883911,0.5
433,0.03290395389000575,0.03197890520095825,0.9250485897064209,0.02457297407090664,0.5666666666666667
434,0.030470717946688333,0.029562470316886903,0.9082477172215779,0.023677967488765717,0.45
435,0.02996236296991507,0.029059282690286636,0.9030799945195516,0.02243969589471817,0.5166666666666667
436,0.02878306234876315,0.027982450649142267,0.8006115674972534,0.02329176850616932,0.5333333333333333
437,0.027870137989521027,0.027083493769168854,0.7866440852483113,0.030221259221434593,0.5
438,0.03203280506034692,0.03113910121222337,0.8937038540840149,0.023202501237392426,0.5
439,0.029312148814400037,0.028490315998593967,0.8218328952789307,0.02548397332429886,0.4666666666666667
440,0.032222407311201094,0.03133944657941659,0.8829606930414836,0.034096602350473404,0.5333333333333333
441,0.032044340297579764,0.031026311094562213,1.018029260635376,0.022632304579019547,0.48333333333333334
442,0.02903878999253114,0.028213808313012123,0.82498140335083,0.026077862828969955,0.45
443,0.02933832382162412,0.028482643018166224,0.855680501461029,0.02124621719121933,0.48333333333333334
444,0.029817837849259378,0.028962513183554014,0.8553243557612101,0.022617043927311897,0.5333333333333333
445,0.030078603699803353,0.029175184418757757,0.9034191171328226,0.037759438157081604,0.36666666666666664
446,0.03030868321657181,0.029430146887898447,0.8785361409187317,0.030269723385572433,0.5833333333333334
447,0.03168782778084278,0.03073579743504524,0.9520301580429077,0.02363460510969162,0.4666666666666667
448,0.030296891058484713,0.029359857365489007,0.9370336651802063,0.024380553513765335,0.5166666666666667
449,0.031669665376345316,0.03075129215915998,0.9183732430140178,0.02728220261633396,0.5166666666666667
450,0.02947475165128708,0.028565974657734236,0.9087770581245422,0.026756687089800835,0.48333333333333334
451,0.02980161222318808,0.028941507885853448,0.8601046323776245,0.02253524586558342,0.5333333333333333
452,0.030092084407806398,0.029260880127549172,0.8312047163645426,0.0285645741969347,0.35
453,0.028972072650988896,0.028107107306520145,0.8649653156598409,0.021553628146648407,0.6
454,0.02907478449245294,0.028227469821770986,0.8473146041234334,0.02386210486292839,0.5333333333333333
455,0.028574990481138228,0.0277534960458676,0.8214941660563151,0.028897231444716454,0.48333333333333334
456,0.02961637352903684,0.02874292346338431,0.873449436823527,0.021335938945412636,0.5333333333333333
457,0.02937134976188342,0.028554018959403037,0.8173309683799743,0.023322824388742447,0.5666666666666667
458,0.029958958054582277,0.029092661912242572,0.8662963589032491,0.021533673629164696,0.4666666666666667
459,0.030055724332729974,0.029208787406484287,0.8469370683034261,0.02696767821907997,0.5166666666666667
460,0.030450813348094623,0.029518970722953477,0.9318425138791402,0.02509174309670925,0.45
461,0.029727956155935924,0.02888293502231439,0.8450211644172668,0.020735865458846092,0.5333333333333333
462,0.03079974390566349,0.029964611927668253,0.8351318120956421,0.029910597950220108,0.5666666666666667
463,0.03117536020775636,0.030205294862389563,0.9700656334559122,0.03135528415441513,0.45
464,0.03171847512324651,0.030707116052508355,1.0113585551579793,0.02264455519616604,0.6333333333333333
465,0.030306881417830785,0.02943912483751774,0.8677567362785339,0.020430071279406548,0.5
466,0.029392037292321524,0.028504819671312968,0.8872175971666972,0.026139993220567703,0.5833333333333334
467,0.03143381178379059,0.030601485818624496,0.8323261419932048,0.022464090958237648,0.5
468,0.029285095756252606,0.02847994106511275,0.8051545818646749,0.02666422910988331,0.43333333333333335
469,0.031938512499133744,0.03110157164434592,0.8369411667188008,0.025045888498425484,0.55
470,0.03500148393213749,0.0340040617932876,0.9974221269289653,0.025742102414369583,0.5166666666666667
471,0.029935850078860918,0.029021077851454417,0.9147721489270528,0.023363329470157623,0.6166666666666667
472,0.032064006601770716,0.03117343212167422,0.8905743678410848,0.028001435101032257,0.4166666666666667
473,0.033050174514452614,0.032129707063237825,0.9204672455787659,0.02354462817311287,0.5333333333333333
474,0.03031642424563567,0.029500370969374974,0.8160534342130025,0.022973988205194473,0.4166666666666667
475,0.03201327038307985,0.031089087078968684,0.9241832971572876,0.03304363787174225,0.35
476,0.03479978789885839,0.03379172086715698,1.008067512512207,0.024960186332464218,0.55
477,0.03160397646327814,0.03077630661427975,0.827669600645701,0.025629468262195587,0.5333333333333333
478,0.033857642610867815,0.032916909704605736,0.9407329082489013,0.03416050225496292,0.5
479,0.03434311399857203,0.033361029873291655,0.9820839405059815,0.021078934893012047,0.48333333333333334
480,0.03465877907971541,0.033573284124334656,1.0854948123296102,0.0233572069555521,0.4666666666666667
481,0.031748800352215764,0.03082219175994396,0.9266081968943278,0.024448473006486893,0.5166666666666667
482,0.030951542779803276,0.030126309767365456,0.8252329468727112,0.027068205177783966,0.45
483,0.03099919147789478,0.030118200927972794,0.8809902429580688,0.02321806363761425,0.48333333333333334
484,0.031051265945037206,0.03008419598142306,0.9670698801676433,0.02117299847304821,0.4666666666666667
485,0.030315159261226653,0.029504282772541045,0.810876480738322,0.024107271805405617,0.5333333333333333
486,0.030207972104350726,0.029331402480602266,0.8765695611635844,0.031131237745285034,0.4666666666666667
487,0.03163981499771277,0.03082206758360068,0.8177471240361531,0.027893193066120148,0.5833333333333334
488,0.03204764810701211,0.0310914204766353,0.9562275091807048,0.029526708647608757,0.4166666666666667
489,0.031131931766867637,0.03026158499221007,0.8703466335932414,0.023509200662374496,0.6
490,0.029130747790137926,0.028322442745169003,0.8083049178123474,0.03917733207345009,0.4
491,0.033434907471140224,0.03247707585493723,0.9578314582506816,0.023136913776397705,0.5166666666666667
492,0.02930265429119269,0.028467432036995886,0.8352222124735514,0.021127568557858467,0.5
493,0.030397686113913854,0.02961492588122686,0.7827603658040364,0.02611272782087326,0.48333333333333334
494,0.031015499060352645,0.030065960064530373,0.9495390693346659,0.02312064915895462,0.36666666666666664
495,0.03066810145974159,0.029800646131237347,0.8674555778503418,0.02286313846707344,0.55
496,0.03099102502067884,0.03010681929687659,0.8842058897018432,0.029279882088303566,0.5333333333333333
497,0.03137864569822947,0.030377150451143583,1.0014949480692545,0.022650090977549553,0.48333333333333334
498,0.029738379145661988,0.028855461503068607,0.8829178651173909,0.02687077596783638,0.55
499,0.03275272523363431,0.03182911438246568,0.9236109534899394,0.025397231802344322,0.4666666666666667
500,0.029968584701418877,0.029144641757011414,0.823942752679189,0.021896081045269966,0.5
