epoch,train_loss,rmse_loss,trend_loss,val_rmse,val_trend_acc
0,0.2091402774055799,0.1992944652835528,9.845810604095458,0.10959888994693756,0.5
1,0.09119567970434825,0.0874490867058436,3.7465926011403403,0.07321437448263168,0.5333333333333333
2,0.07186470006903013,0.06959598287940025,2.2687167008717855,0.07815645635128021,0.48333333333333334
3,0.06901578307151794,0.06721320599317551,1.8025759299596151,0.07422348856925964,0.5
4,0.06546244000395139,0.06360207349061966,1.8603669246037802,0.0697062686085701,0.49166666666666664
5,0.0603174552321434,0.05870845715204875,1.60899817943573,0.07010418176651001,0.5416666666666666
6,0.062171215564012526,0.06048421859741211,1.6869972070058188,0.06430744379758835,0.4583333333333333
7,0.060274381190538406,0.0587312030295531,1.5431777636210124,0.0737299919128418,0.55
8,0.0583314448595047,0.056960548460483554,1.3708959062894186,0.06358867883682251,0.5333333333333333
9,0.057228340208530425,0.0558792529006799,1.3490877707799276,0.06710600107908249,0.5166666666666667
10,0.05835803647836049,0.05703619395693143,1.321843115488688,0.07010748237371445,0.5083333333333333
11,0.05857424984375636,0.05719938079516093,1.3748687744140624,0.06869456171989441,0.4583333333333333
12,0.05700448428591092,0.05566739539305369,1.3370891451835631,0.058916568756103516,0.5
13,0.055961042642593384,0.05479843219121297,1.1626100381215414,0.05879443138837814,0.5166666666666667
14,0.061477552105983095,0.06021858975291252,1.2589624881744386,0.07024776935577393,0.5916666666666667
15,0.06276266624530157,0.06120049754778544,1.5621692260106406,0.07125689834356308,0.5333333333333333
16,0.06593359087904295,0.06446664954225222,1.466941237449646,0.06655068695545197,0.4583333333333333
17,0.06553683876991272,0.06417858724792798,1.3582514762878417,0.0686425045132637,0.475
18,0.05982236365477244,0.05845058485865593,1.3717785437901815,0.061225078999996185,0.6083333333333333
19,0.06104983712236087,0.05979602461059888,1.253812845547994,0.0654708743095398,0.4583333333333333
20,0.0565455362200737,0.05542069574197133,1.124840267499288,0.06262382119894028,0.525
21,0.05339686324199041,0.05222650070985158,1.1703628063201905,0.06329930573701859,0.5083333333333333
22,0.055264248450597124,0.05399643753965696,1.2678101976712546,0.0622510127723217,0.4666666666666667
23,0.05318955232699712,0.05196062698960304,1.2289254585901896,0.0652502179145813,0.5666666666666667
24,0.05556933308641116,0.05426435445745786,1.3049787680308025,0.06028411164879799,0.43333333333333335
25,0.05295085236430168,0.05194017688433329,1.0106749534606934,0.05787644907832146,0.575
26,0.05263209044933319,0.051663157840569816,0.9689323941866557,0.06471278518438339,0.5
27,0.054702135175466536,0.053509769837061565,1.19236528078715,0.06106548383831978,0.525
28,0.05546667774518331,0.0542304997642835,1.23617821931839,0.06453655660152435,0.44166666666666665
29,0.05630719065666199,0.054776789247989656,1.5304013729095458,0.06358345597982407,0.4083333333333333
30,0.0552109772960345,0.05404970894257228,1.161268667380015,0.06010493263602257,0.5916666666666667
31,0.05370996271570524,0.05236656839648882,1.3433940251668295,0.06475155055522919,0.5416666666666666
32,0.05249533181389173,0.0513052503267924,1.190081286430359,0.06726760417222977,0.575
33,0.05434059500694275,0.053229600687821704,1.1109944184621174,0.05741984024643898,0.5166666666666667
34,0.054133125394582746,0.05288341914614041,1.2497066696484884,0.0635746642947197,0.45
35,0.05370610828200976,0.05249235282341639,1.2137560288111369,0.0624077208340168,0.575
36,0.05268445139129956,0.05166995873053869,1.0144927183787027,0.06258029490709305,0.625
37,0.05058248167236646,0.04959154079357783,0.9909408609072368,0.060932792723178864,0.48333333333333334
38,0.05217383404572805,0.05117807065447171,0.9957631985346477,0.061879824846982956,0.45
39,0.05706080198287964,0.055782570193211235,1.2782307426134745,0.06579723954200745,0.45
40,0.055024807403484984,0.05359868258237839,1.4261250297228496,0.060537189245224,0.4166666666666667
41,0.057900535066922505,0.05660928164919218,1.291253435611725,0.06030344218015671,0.5583333333333333
42,0.05580408448974292,0.05466383025050163,1.140254012743632,0.062307048588991165,0.5916666666666667
43,0.052666878203550975,0.05163275673985481,1.0341217358907064,0.06304201483726501,0.5333333333333333
44,0.05512234047055244,0.054054459432760875,1.0678810000419616,0.06171458587050438,0.475
45,0.055294298380613324,0.05421020860473315,1.0840895533561707,0.06375251710414886,0.45
46,0.055739591270685195,0.054480547954638796,1.2590433677037558,0.06413388252258301,0.525
47,0.05681465069452921,0.05541202152768771,1.4026295701662699,0.07253821194171906,0.5583333333333333
48,0.05719579408566157,0.056127600371837616,1.0681942701339722,0.061811599880456924,0.525
49,0.05042597825328509,0.04951161891222,0.9143597086270651,0.05893945321440697,0.5416666666666666
50,0.050140517950057986,0.04930734684069951,0.8331707358360291,0.059977948665618896,0.5666666666666667
51,0.0519396166006724,0.05090364217758179,1.035974383354187,0.06628724187612534,0.43333333333333335
52,0.055532566457986834,0.05430339574813843,1.2291709423065185,0.069076769053936,0.5083333333333333
53,0.05338989868760109,0.05226833373308182,1.121565051873525,0.06529035419225693,0.49166666666666664
54,0.05094035590688387,0.04984300881624222,1.097346810499827,0.0709776058793068,0.4666666666666667
55,0.05277818044026693,0.05176299512386322,1.0151852329572042,0.06956982612609863,0.49166666666666664
56,0.05288727059960365,0.05171189705530802,1.1753733158111572,0.061124835163354874,0.5666666666666667
57,0.051605944087107974,0.050384599218765896,1.2213444352149962,0.0643814355134964,0.5916666666666667
58,0.05314533437291781,0.05172414034605026,1.4211941043535867,0.0639154240489006,0.625
59,0.05127980609734853,0.05028210381666819,0.9977019429206848,0.06107946112751961,0.55
60,0.05282218207915624,0.05162765185038249,1.194529938697815,0.07302810996770859,0.55
61,0.06063492223620415,0.05902853608131409,1.6063859065373738,0.06678783893585205,0.5
62,0.0564973421394825,0.05510460833708445,1.392733589808146,0.0682770237326622,0.5
63,0.053215461472670235,0.05199788163105647,1.2175796747207641,0.06430691480636597,0.43333333333333335
64,0.052714731792608896,0.05168506900469462,1.0296623587608338,0.0663730800151825,0.4666666666666667
65,0.048575491458177564,0.04758863349755605,0.9868574102719625,0.0633765310049057,0.525
66,0.04878704945246379,0.04780675247311592,0.9802966952323914,0.06668794900178909,0.425
67,0.04932849953571956,0.04842190792163213,0.9065919756889343,0.06341760605573654,0.5416666666666666
68,0.051449583222468696,0.0504822793106238,0.9673036932945251,0.06740347295999527,0.49166666666666664
69,0.053304082403580345,0.052173269788424174,1.1308133244514464,0.06732065975666046,0.48333333333333334
70,0.04978462681174278,0.048902159680922826,0.88246674935023,0.06617600470781326,0.4083333333333333
71,0.04942002221941948,0.048438372711340584,0.9816495656967164,0.06342887878417969,0.5916666666666667
72,0.04893714139858882,0.0480257881184419,0.9113530198733012,0.064842589199543,0.6083333333333333
73,0.04994782606760661,0.048956331859032316,0.9914942145347595,0.06965550035238266,0.425
74,0.057259735216697055,0.05604293743769328,1.2167975465456644,0.06187700480222702,0.475
75,0.05613872831066449,0.05518910537163416,0.9496232151985169,0.06896631419658661,0.4583333333333333
76,0.051168561726808545,0.050127216676870985,1.0413453300793967,0.06459305435419083,0.5166666666666667
77,0.050070506831010185,0.04915424411495527,0.9162628849347433,0.06580911576747894,0.5166666666666667
78,0.053208287060260775,0.05200679923097293,1.2014875809351604,0.06439612060785294,0.45
79,0.054903954019149145,0.05355861112475395,1.3453430970509848,0.06373077630996704,0.5083333333333333
80,0.0558202455441157,0.05441547979911168,1.404765745004018,0.06859863549470901,0.4583333333333333
81,0.05383186886707942,0.05257280394434929,1.259064491589864,0.06309865415096283,0.525
82,0.051478761434555056,0.05055727238456408,0.9214886506398519,0.0677366629242897,0.575
83,0.05239037200808525,0.0513142041862011,1.0761675039927165,0.06652391701936722,0.4583333333333333
84,0.052333961923917136,0.051447434226671855,0.8865275979042053,0.06428448110818863,0.6
85,0.048598236342271166,0.047562416394551596,1.0358198444048563,0.07064016163349152,0.5833333333333334
86,0.04977033759156863,0.048856520652771,0.9138170043627422,0.06405672430992126,0.44166666666666665
87,0.04877876838048299,0.04776907190680504,1.0096967498461404,0.06619947403669357,0.5
88,0.05098452816406886,0.04985215465227763,1.1323729356129963,0.062456198036670685,0.55
89,0.04882734343409538,0.04777897372841835,1.0483695030212403,0.06669024378061295,0.6
90,0.0502306488653024,0.04933108761906624,0.8995607773462931,0.08281062543392181,0.6
91,0.05490277111530304,0.0538498821357886,1.052888568242391,0.06522075831890106,0.575
92,0.051776418338219325,0.050638683636983234,1.137734846274058,0.06714899837970734,0.5833333333333334
93,0.05005556990702947,0.04907020901640256,0.9853610475858052,0.06908828765153885,0.5916666666666667
94,0.052531686673561735,0.05112321252624194,1.408473781744639,0.07433588802814484,0.5333333333333333
95,0.05021302377184232,0.0488273357351621,1.3856878240903219,0.06705613434314728,0.5333333333333333
96,0.05001959279179573,0.04896047413349151,1.0591188232103983,0.0688343420624733,0.5333333333333333
97,0.04749578560392062,0.046486850331226987,1.0089353998502095,0.06927048414945602,0.5166666666666667
98,0.05044668242335319,0.0493392917017142,1.1073904871940612,0.08883897960186005,0.55
99,0.05164300824205081,0.05065673440694809,0.9862734238306682,0.06783950328826904,0.5833333333333334
100,0.048559083292881645,0.047590381403764086,0.968701712290446,0.06955687701702118,0.55
101,0.05052393525838852,0.04939531733592351,1.1286179105440775,0.06588274985551834,0.4083333333333333
102,0.04824752360582352,0.04716590493917465,1.0816189567248027,0.06842989474534988,0.425
103,0.05054488455255826,0.049470305691162744,1.0745790521303813,0.06985561549663544,0.5166666666666667
104,0.05229287048180898,0.05142253786325455,0.8703327417373657,0.06775563210248947,0.5166666666666667
105,0.048213370392719904,0.047335027158260344,0.8783435225486755,0.06396722048521042,0.525
106,0.04859207396705945,0.04752159565687179,1.070478093624115,0.0673893466591835,0.5833333333333334
107,0.046569299697875974,0.045580948889255526,0.9883508721987406,0.06448006629943848,0.5333333333333333
108,0.047329307347536084,0.046397042274475095,0.9322648843129476,0.06782754510641098,0.49166666666666664
109,0.04682564263542493,0.04598596220215161,0.8396800279617309,0.06445298343896866,0.6
110,0.04680101076761881,0.04585663576920827,0.9443755229314168,0.06670697778463364,0.55
111,0.046701690554618834,0.04582935521999995,0.8723351955413818,0.06567461043596268,0.5666666666666667
112,0.04664420187473297,0.045763699958721794,0.8805020133654277,0.06598904728889465,0.525
113,0.052025412271420164,0.050946482767661415,1.078929849465688,0.07025989890098572,0.55
114,0.048610724757115045,0.04765056073665619,0.960164201259613,0.06814110279083252,0.5416666666666666
115,0.0500372643272082,0.048926245669523874,1.1110184470812479,0.06845281273126602,0.5
116,0.04739600196480751,0.046350803971290586,1.0451977968215942,0.0656784400343895,0.5666666666666667
117,0.047083197782437004,0.04617341284950574,0.909785266717275,0.08456742763519287,0.5083333333333333
118,0.056922711928685504,0.05570946435133616,1.2132476568222046,0.07021018862724304,0.5083333333333333
119,0.058057690411806105,0.05689166287581126,1.1660280625025432,0.08025575429201126,0.5666666666666667
120,0.04822383572657903,0.04716248661279678,1.0613488634427388,0.06908687949180603,0.5
121,0.04598713939388593,0.04495680381854375,1.030336078008016,0.06630183756351471,0.4666666666666667
122,0.04728396236896515,0.046213219811518984,1.0707427144050599,0.06995780020952225,0.5833333333333334
123,0.04940241103370984,0.04818696950872739,1.2154412825902303,0.06900238990783691,0.55
124,0.05141394038995107,0.05034307837486267,1.0708621422449747,0.07125224173069,0.5083333333333333
125,0.050206388781468075,0.049117370943228406,1.0890176137288412,0.07242177426815033,0.49166666666666664
126,0.0502233965943257,0.04915070235729217,1.072694178422292,0.07412006705999374,0.48333333333333334
127,0.0520497960348924,0.05096851885318756,1.0812766313552857,0.07298999279737473,0.5166666666666667
128,0.04628504067659378,0.04532594879468282,0.9590920170148214,0.06797713041305542,0.5416666666666666
129,0.046068041523297625,0.04524697115023931,0.8210709055264791,0.07403309643268585,0.4583333333333333
130,0.050361381471157075,0.049181784689426425,1.179596197605133,0.06763440370559692,0.48333333333333334
131,0.04760715986291567,0.04646630013982455,1.140859345595042,0.07312671840190887,0.45
132,0.04854234382510185,0.047476657976706825,1.0656858444213868,0.07020499557256699,0.5083333333333333
133,0.04718323349952698,0.04617190112670263,1.0113325158754984,0.06920336186885834,0.5333333333333333
134,0.05054883112510045,0.049302676568428676,1.2461540500322978,0.06927061080932617,0.475
135,0.048621622224648796,0.047640943278868995,0.9806785186131796,0.06777216494083405,0.55
136,0.045683470120032627,0.04479549800356229,0.8879721283912658,0.07163555920124054,0.39166666666666666
137,0.046459896365801494,0.045443206032117205,1.0166898171106975,0.06935197860002518,0.55
138,0.05041635508338611,0.049186151723066965,1.2302027861277263,0.0728156641125679,0.5083333333333333
139,0.04929327741265297,0.0482193723320961,1.0739051739374796,0.0689530298113823,0.4583333333333333
140,0.0482944260040919,0.047175548722346625,1.1188769459724426,0.0670100525021553,0.5
141,0.044269508123397826,0.04342618236939112,0.8433253486951192,0.0686110109090805,0.575
142,0.04504479244351387,0.04397157082955042,1.0732219099998475,0.07248057425022125,0.45
143,0.04759714355071386,0.046498044828573865,1.0990988969802857,0.06959515810012817,0.5416666666666666
144,0.04453959142168363,0.04366426517566045,0.8753260533014934,0.07121466845273972,0.5333333333333333
145,0.0463084580997626,0.04549792955319087,0.8105286558469137,0.07349042594432831,0.5166666666666667
146,0.04636801580588023,0.04536355013648669,1.0044649442036946,0.0639781728386879,0.65
147,0.04416511356830597,0.0431887390712897,0.9763742645581563,0.07446705549955368,0.4666666666666667
148,0.048335966964562736,0.04717070832848549,1.1652584314346313,0.06742197275161743,0.5333333333333333
149,0.044944736858208975,0.043924322724342345,1.0204140583674113,0.07531673461198807,0.4166666666666667
150,0.04740410943826039,0.04634044642249743,1.0636629660924275,0.07354018092155457,0.49166666666666664
151,0.04722871532042821,0.04608035112420718,1.1483641743659974,0.06719830632209778,0.525
152,0.04334111909071604,0.04249669313430786,0.844425642490387,0.06658869236707687,0.5083333333333333
153,0.042314810554186504,0.04148184905449549,0.8329614520072937,0.06670043617486954,0.575
154,0.042916834354400635,0.04210975120464961,0.8070830543835957,0.06651689857244492,0.525
155,0.04462107246120771,0.043748938292264936,0.8721338947614033,0.06804614514112473,0.6
156,0.046922889351844785,0.04595894267161687,0.9639464894930522,0.0681106448173523,0.55
157,0.043593671669562656,0.042687522371610005,0.90614941517512,0.06766896694898605,0.4583333333333333
158,0.044620015223821,0.04359503760933876,1.0249773462613423,0.06539012491703033,0.6
159,0.04469146157304446,0.04373296747605006,0.9584939360618592,0.06972000747919083,0.38333333333333336
160,0.047093039751052855,0.04619835168123245,0.8946882843971252,0.06551960855722427,0.5916666666666667
161,0.042846838012337685,0.04198056322832902,0.8662748694419861,0.06869430094957352,0.5333333333333333
162,0.045942867547273634,0.04506382818023364,0.8790395895640055,0.06550108641386032,0.5833333333333334
163,0.04340853008131186,0.042518025264143944,0.8905047416687012,0.06763626635074615,0.5083333333333333
164,0.04331722507874171,0.042392927159865694,0.924298123518626,0.0681326761841774,0.525
165,0.04423948352535566,0.043346598744392395,0.8928848107655843,0.06555593013763428,0.5583333333333333
166,0.044196153928836183,0.043291280915339785,0.9048725883165996,0.06624554842710495,0.48333333333333334
167,0.042373749117056526,0.041497852404912314,0.8758971333503723,0.07061212509870529,0.575
168,0.04659472182393074,0.045561366528272626,1.0333552320798238,0.0723317340016365,0.55
169,0.048210373520851134,0.04731369242072105,0.8966811815897624,0.07271134853363037,0.5833333333333334
170,0.05070011888941129,0.04961929942170779,1.0808194875717163,0.06999778002500534,0.5583333333333333
171,0.0454136773943901,0.04443774297833443,0.9759340206782023,0.06768153607845306,0.5916666666666667
172,0.04572446917494138,0.04468939577539762,1.035073192914327,0.06888847798109055,0.5166666666666667
173,0.04760867382089297,0.04634393739203612,1.2647359490394592,0.07554248720407486,0.5333333333333333
174,0.04976163059473038,0.048596829921007154,1.1648008227348328,0.07148350775241852,0.5583333333333333
175,0.05267827957868576,0.051643988490104674,1.0342912554740906,0.07583104819059372,0.5166666666666667
176,0.04800159285465876,0.04694650868574778,1.055083735783895,0.07132982462644577,0.49166666666666664
177,0.04720797563592593,0.045997152229150136,1.2108232458432515,0.06719548255205154,0.5666666666666667
178,0.04618036771814028,0.04517406200369199,1.006305734316508,0.07066810876131058,0.49166666666666664
179,0.044915699710448585,0.043866869807243344,1.048829166094462,0.06825732439756393,0.5333333333333333
180,0.0459324116508166,0.044718510409196215,1.213901448249817,0.06461431086063385,0.5833333333333334
181,0.04394610201319059,0.04294494837522507,1.001153532663981,0.06638719886541367,0.4666666666666667
182,0.04391568501790365,0.04307237043976784,0.8433148503303528,0.07143107056617737,0.5916666666666667
183,0.04242180238167445,0.04147636940081914,0.9454329490661622,0.06360390037298203,0.4666666666666667
184,0.04109547038873037,0.04023464967807134,0.8608206550280253,0.07024212181568146,0.5083333333333333
185,0.04661540960272153,0.045419205973545713,1.1962033748626708,0.0676460713148117,0.5083333333333333
186,0.04841524461905162,0.04735489636659622,1.0603488127390543,0.06946238875389099,0.48333333333333334
187,0.04312378118435542,0.042263983935117724,0.8597971836725871,0.0689893439412117,0.44166666666666665
188,0.04323152899742126,0.04237790182232857,0.8536272207895915,0.06435452401638031,0.525
189,0.044976595292488736,0.044096238911151886,0.8803562959035237,0.07283049821853638,0.575
190,0.04932963748772939,0.04832407881816228,1.0055585861206056,0.06714824587106705,0.55
191,0.04668886736035347,0.04555222888787588,1.1366382122039795,0.07223287969827652,0.525
192,0.04342138369878133,0.04256723200281461,0.8541516105333964,0.07105589658021927,0.575
193,0.04358002915978432,0.04266190342605114,0.9181256890296936,0.06728468835353851,0.5166666666666667
194,0.0411529199530681,0.04019827594359716,0.9546438455581665,0.07045304775238037,0.5583333333333333
195,0.043747524420420326,0.04270469496647517,1.0428293824195862,0.07365139573812485,0.525
196,0.04312278553843498,0.04229301561911901,0.8297693610191346,0.07007765024900436,0.6166666666666667
197,0.04836542954047521,0.04746290644009908,0.9025229334831237,0.06954225897789001,0.475
198,0.04564982404311498,0.04472961351275444,0.920210866133372,0.06365892291069031,0.5083333333333333
199,0.045026371628046034,0.04407424305876096,0.9521286845207214,0.07011014223098755,0.44166666666666665
200,0.04213506132364273,0.04129294951756795,0.8421118418375652,0.06708486378192902,0.5416666666666666
201,0.04592022697130839,0.04480243151386579,1.1177961548169455,0.0702158734202385,0.48333333333333334
202,0.04488220438361168,0.043762324998776116,1.1198797186215719,0.06641093641519547,0.425
203,0.044350204865137736,0.04347365250190099,0.8765518228212993,0.0678420141339302,0.5583333333333333
204,0.04150951976577441,0.04065389931201935,0.8556201418240865,0.06740865111351013,0.5416666666666666
205,0.04282468780875206,0.04199581543604533,0.8288719097773234,0.07167290896177292,0.5083333333333333
206,0.04459786961476008,0.043584103137254714,1.0137664834658304,0.07337472587823868,0.5083333333333333
207,0.04582675099372864,0.044872109591960904,0.9546407659848531,0.06788959354162216,0.475
208,0.043604614088932674,0.04265779952208201,0.9468146324157715,0.07180742174386978,0.5083333333333333
209,0.047725131114323936,0.046722275267044706,1.0028552929560344,0.07425998151302338,0.5166666666666667
210,0.04456867550810178,0.0436407004793485,0.9279755234718323,0.0699627473950386,0.6083333333333333
211,0.04361942162116369,0.04263426885008812,0.985152006149292,0.06697769463062286,0.4666666666666667
212,0.04299983953436216,0.042066310594479246,0.9335290789604187,0.06298898905515671,0.525
213,0.042625435441732404,0.04171989125510057,0.905544372399648,0.07618178427219391,0.44166666666666665
214,0.04622025266289711,0.045263793071111044,0.9564595381418864,0.0681828111410141,0.5416666666666666
215,0.0480173776547114,0.04693103035291036,1.0863469560941061,0.07415791600942612,0.5166666666666667
216,0.0466720516482989,0.04556370327870051,1.1083477179209391,0.06409277766942978,0.5833333333333334
217,0.046776394049326576,0.045827243973811466,0.9491504589716594,0.06933130323886871,0.5333333333333333
218,0.042156851788361864,0.04134660338362058,0.810247806708018,0.06681100279092789,0.575
219,0.04120086605350177,0.04037569165229797,0.8251749873161316,0.06670752912759781,0.5083333333333333
220,0.04254626656572024,0.041686726113160454,0.8595397273699442,0.06692206859588623,0.55
221,0.04277917966246605,0.04187144972383976,0.9077300866444905,0.06452445685863495,0.48333333333333334
222,0.04159996584057808,0.040794668594996135,0.805297044912974,0.06651683896780014,0.5
223,0.04266960831979911,0.04180680364370346,0.8628044764200846,0.07039446383714676,0.5416666666666666
224,0.043968701362609865,0.04281180774172147,1.1568936586380005,0.06457583606243134,0.49166666666666664
225,0.04117876986662547,0.04018298561374346,0.9957840005556743,0.07098458707332611,0.5416666666666666
226,0.04230597863594691,0.04129740819334984,1.0085707187652588,0.06919820606708527,0.6
227,0.040813537190357844,0.03987472082177798,0.9388164560000102,0.06626888364553452,0.55
228,0.04208008423447609,0.04119295030832291,0.8871337056159974,0.07274946570396423,0.6083333333333333
229,0.043357645223538084,0.042267563939094546,1.0900808930397035,0.07460540533065796,0.4583333333333333
230,0.043103130037585896,0.041997192551692326,1.1059372226397197,0.06975817680358887,0.49166666666666664
231,0.040601615731914835,0.03980732013781865,0.7942955215771993,0.06736378371715546,0.55
232,0.039689091096321745,0.03890770052870115,0.7813900232315063,0.07066358625888824,0.5
233,0.04561438684662183,0.044699038316806154,0.9153484066327413,0.06411542743444443,0.5083333333333333
234,0.042647058020035426,0.04176897282401721,0.8780850966771444,0.06954217702150345,0.5916666666666667
235,0.04212424655755361,0.041228484362363815,0.8957623561223348,0.07160314172506332,0.48333333333333334
236,0.04430842747290929,0.043172246466080345,1.1361808935801188,0.07093142718076706,0.48333333333333334
237,0.04004759887854258,0.03916918933391571,0.8784098148345947,0.0683383047580719,0.4083333333333333
238,0.04390307317177455,0.043052803228298825,0.8502706567446391,0.06822934746742249,0.5916666666666667
239,0.04178410495320956,0.04099544659256935,0.7886580467224121,0.06600558757781982,0.575
240,0.04259479095538457,0.04168958986798922,0.9052011728286743,0.0660620853304863,0.5166666666666667
241,0.040297454595565795,0.03943772241473198,0.8597325682640076,0.0688476487994194,0.5666666666666667
242,0.04332237193981806,0.04229487255215645,1.0274994850158692,0.0758500024676323,0.5083333333333333
243,0.044353065888086955,0.04318014954527219,1.1729164083798727,0.0725216343998909,0.49166666666666664
244,0.04312071253856023,0.042159342269102736,0.9613703648249309,0.07202793657779694,0.45
245,0.04467132464051247,0.04370555579662323,0.965768285592397,0.06496886163949966,0.5
246,0.04237927819291751,0.04144397626320521,0.9353016336758931,0.06707315891981125,0.4583333333333333
247,0.04145811175306638,0.040458722660938896,0.9993892709414164,0.06761427223682404,0.575
248,0.04203968867659569,0.041044750312964125,0.9949385682741801,0.06451448798179626,0.525
249,0.04404676457246145,0.043027874827384946,1.0188900709152222,0.0668477788567543,0.475
250,0.04349309280514717,0.04248460407058398,1.008489207426707,0.06193369999527931,0.6
251,0.046852403630812965,0.045947479208310445,0.9049237291018168,0.07247644662857056,0.4666666666666667
252,0.042865205307801565,0.04195256779591242,0.9126377741495768,0.06550803035497665,0.5416666666666666
253,0.04269896348317464,0.04179276153445244,0.9062021374702454,0.06659629940986633,0.5583333333333333
254,0.042105519026517865,0.041200091938177745,0.9054271539052328,0.07266149669885635,0.6
255,0.039714140941699345,0.03886104275782903,0.8530984799067179,0.06613282114267349,0.5666666666666667
256,0.03850319012999535,0.037683193758130076,0.8199967622756958,0.07119563221931458,0.5416666666666666
257,0.04179768313964208,0.040805181860923766,0.9925010363260905,0.07343318313360214,0.475
258,0.04251398667693138,0.041470632205406824,1.043354590733846,0.07074521481990814,0.5833333333333334
259,0.04572086160381635,0.04479509145021439,0.9257697979609172,0.06952162086963654,0.5666666666666667
260,0.039101503292719525,0.038258550316095354,0.8429532845815023,0.06715080142021179,0.5416666666666666
261,0.04043119835356871,0.039607886349161466,0.8233122229576111,0.07393749803304672,0.6166666666666667
262,0.043284492443005244,0.04210822433233261,1.176267965634664,0.07063701003789902,0.44166666666666665
263,0.04491571858525276,0.04362105056643486,1.2946678121884665,0.0694224089384079,0.4583333333333333
264,0.04180872117479642,0.04073103417952855,1.0776871244112651,0.06717207282781601,0.5083333333333333
265,0.040726895133654274,0.03973701869448026,0.9898757338523865,0.06723902374505997,0.48333333333333334
266,0.041185566286245985,0.04016307567556699,1.0224908709526062,0.06862465292215347,0.5666666666666667
267,0.040165624022483824,0.03913556908567747,1.0300549586613974,0.06537271291017532,0.5083333333333333
268,0.04115925033887227,0.04015132909019788,1.007921036084493,0.06503909826278687,0.5333333333333333
269,0.03943438393374284,0.03859229361017545,0.8420904676119486,0.06716115772724152,0.5583333333333333
270,0.03922357286016146,0.03837666735053062,0.8469053427378337,0.0661972239613533,0.4583333333333333
271,0.038073948274056114,0.037193228801091514,0.880719264348348,0.06831909716129303,0.5
272,0.03890219951669375,0.038124331086874005,0.7778682271639507,0.06789825111627579,0.4583333333333333
273,0.038678111632665,0.03792409685750802,0.7540140231450398,0.07279561460018158,0.5916666666666667
274,0.043521931519111,0.042565123612682026,0.9568079312642416,0.067710280418396,0.5333333333333333
275,0.03865696266293526,0.03783526966969172,0.8216932972272237,0.06881469488143921,0.575
276,0.0400702390819788,0.03929277285933495,0.7774663090705871,0.06966399401426315,0.5333333333333333
277,0.04171822406351566,0.0409090306609869,0.8091935157775879,0.06610250473022461,0.525
278,0.036772424603501955,0.036090304826696715,0.6821199973424276,0.06503631919622421,0.6083333333333333
279,0.04055136988560359,0.03969066912929217,0.8607008655865988,0.0709550678730011,0.475
280,0.040059943993886314,0.03918731038769086,0.8726328651110331,0.06518183648586273,0.5
281,0.0380144864320755,0.037277525290846825,0.7369614998499553,0.0711388811469078,0.5333333333333333
282,0.042430571963389715,0.04154597943027814,0.8845926761627197,0.07500766962766647,0.5166666666666667
283,0.04245009298125903,0.04142191919187705,1.0281738320986429,0.07348159700632095,0.5083333333333333
284,0.041868719706932706,0.040754491835832594,1.1142277320226033,0.0743262767791748,0.6166666666666667
285,0.04379327769080798,0.04283630028367043,0.9569774707158406,0.0652145966887474,0.5333333333333333
286,0.04042297874887784,0.03954466208815575,0.8783159891764323,0.07018803060054779,0.55
287,0.04096560850739479,0.04002367990712325,0.9419282277425131,0.07007963210344315,0.525
288,0.04157236715157827,0.04047272875905037,1.0996387084325154,0.07068639248609543,0.4666666666666667
289,0.04031217048565547,0.039332445710897446,0.9797248880068461,0.07389248162508011,0.5166666666666667
290,0.0417806180814902,0.040728010485569635,1.0526073058446248,0.06981270760297775,0.5166666666666667
291,0.03879057839512825,0.03792898257573445,0.8615959366162618,0.06764863431453705,0.5583333333333333
292,0.03622808294991652,0.035490270952383676,0.7378120303153992,0.0700221061706543,0.5
293,0.039495263372858365,0.038535182178020475,0.9600813269615174,0.07545705139636993,0.44166666666666665
294,0.0425864743689696,0.04160470937689145,0.9817651708920797,0.07237688452005386,0.575
295,0.04281444201866786,0.04190021182099978,0.9142298022905986,0.07061012834310532,0.48333333333333334
296,0.04072474737962087,0.03992716756959756,0.7975799043973287,0.07138555496931076,0.49166666666666664
297,0.03985114792982737,0.039018763974308965,0.832383950551351,0.07097211480140686,0.5166666666666667
298,0.038978821908434234,0.03816216625273228,0.8166555762290955,0.0673825740814209,0.6
299,0.039261706670125324,0.03846032147606214,0.801385498046875,0.06875623762607574,0.4583333333333333
300,0.03902838428815206,0.03824678299327691,0.7816008885701498,0.06576381623744965,0.5
301,0.039611801008383435,0.038659971207380295,0.9518300731976826,0.07301471382379532,0.5916666666666667
302,0.03903402984142303,0.038128223891059555,0.9058056632677715,0.07075246423482895,0.475
303,0.03572172534962495,0.03490379254023234,0.8179323156674703,0.07375673949718475,0.625
304,0.037656468773881596,0.03672030543287595,0.9361635684967041,0.07097949832677841,0.55
305,0.03687535636126995,0.03612250424921513,0.7528516332308451,0.07165112346410751,0.49166666666666664
306,0.03874013535678387,0.03792572816212972,0.8144070704778036,0.06814569979906082,0.48333333333333334
307,0.03940931670367718,0.03852316463987033,0.8861518661181133,0.07296784967184067,0.55
308,0.04283776233593623,0.04190804014603297,0.9297223885854086,0.0758485198020935,0.525
309,0.04050124039252599,0.039602611462275186,0.8986292243003845,0.07038317620754242,0.5166666666666667
310,0.0398876557747523,0.03900872965653737,0.8789262215296427,0.07610265165567398,0.5
311,0.041950599600871406,0.04098897849520047,0.9616214036941528,0.0713142529129982,0.5083333333333333
312,0.03825228251516819,0.03748135939240456,0.7709232211112976,0.07130402326583862,0.48333333333333334
313,0.03769372329115868,0.03687428956230481,0.8194336334864298,0.07037495076656342,0.5083333333333333
314,0.03945316324631373,0.0385134090979894,0.9397543509801228,0.06769324094057083,0.5416666666666666
315,0.03623348151644071,0.03535753128429254,0.8759500026702881,0.07361540198326111,0.43333333333333335
316,0.039043866097927094,0.0378942700723807,1.14959659576416,0.06979066133499146,0.5583333333333333
317,0.036728671938180926,0.03591824832061927,0.8104233304659526,0.06642770022153854,0.6
318,0.038183499003450076,0.037293433025479314,0.8900661508242289,0.07135368138551712,0.6166666666666667
319,0.03760671963294347,0.03681383679310481,0.7928825656572978,0.07058926671743393,0.5083333333333333
320,0.040865793079137805,0.039965140322844185,0.9006527105967204,0.06847310066223145,0.525
321,0.04196701695521673,0.04106061657269796,0.9064005772272746,0.07156512886285782,0.44166666666666665
322,0.037083002055684725,0.03632405723134677,0.758944304784139,0.07237432897090912,0.575
323,0.040653637051582335,0.039852108185489975,0.8015290419260661,0.0720849260687828,0.4
324,0.03785134566326936,0.03705755608777205,0.7937893549601237,0.07822992652654648,0.4666666666666667
325,0.04311916381120682,0.042205001165469484,0.9141624450683594,0.07600660622119904,0.44166666666666665
326,0.04215361177921295,0.041209711134433745,0.9439009428024292,0.06804735958576202,0.49166666666666664
327,0.040599276622136436,0.03978126471241315,0.8180117249488831,0.06941593438386917,0.5083333333333333
328,0.04036427500347296,0.03947391932209333,0.8903560479482014,0.06968177855014801,0.5666666666666667
329,0.0378648708264033,0.037038418526450796,0.8264521479606628,0.0734994187951088,0.49166666666666664
330,0.03961281503240267,0.0387155090769132,0.8973059097925822,0.07850336283445358,0.48333333333333334
331,0.03807595632970333,0.03725411283473174,0.8218437870343526,0.0705825462937355,0.5416666666666666
332,0.03819274865090847,0.037390946348508196,0.80180238087972,0.07016169279813766,0.48333333333333334
333,0.03909903516372045,0.03821586507062117,0.8831698815027873,0.07177966088056564,0.5083333333333333
334,0.0371104267736276,0.03627704828977585,0.8333786964416504,0.07296405732631683,0.525
335,0.03700763868788878,0.036232714727520945,0.774923833211263,0.0722188800573349,0.5
336,0.03859552020827929,0.037779178470373154,0.8163412849108378,0.07328666001558304,0.475
337,0.040203928699096045,0.0391988846162955,1.0050440470377604,0.07468018680810928,0.5166666666666667
338,0.042118220527966814,0.0412943460047245,0.8238746364911397,0.06917953491210938,0.5166666666666667
339,0.03919234549005826,0.0383022611339887,0.8900836666425069,0.0737898200750351,0.525
340,0.03872157409787178,0.037703829755385714,1.0177444497744241,0.07801035046577454,0.5333333333333333
341,0.04200023437539736,0.04082798634966214,1.1722479065259297,0.07681649923324585,0.44166666666666665
342,0.0405593076099952,0.03946990594267845,1.0894015113512674,0.07278364151716232,0.48333333333333334
343,0.03609195152918498,0.035294814656178154,0.7971367398897807,0.07033692300319672,0.5416666666666666
344,0.03548213181396325,0.03464873743553956,0.8333942890167236,0.0743868499994278,0.4666666666666667
345,0.039137844492991763,0.03829668611288071,0.8411580125490824,0.07337731868028641,0.48333333333333334
346,0.03936325882871946,0.03854200666149457,0.8212521036465963,0.07311483472585678,0.475
347,0.040301133692264554,0.03934538004299005,0.9557536125183106,0.07682734727859497,0.4666666666666667
348,0.038489273935556415,0.037491458281874654,0.9978153427441915,0.06912747770547867,0.48333333333333334
349,0.03783163304130236,0.036990661174058914,0.8409718195597331,0.07750009745359421,0.5583333333333333
350,0.037003963937362036,0.03618314104775588,0.8208222111066182,0.06995660066604614,0.5166666666666667
351,0.039270909627278645,0.03838156287868818,0.8893474221229554,0.07236691564321518,0.5416666666666666
352,0.037643274292349815,0.036713007589181265,0.9302662372589111,0.07601697742938995,0.49166666666666664
353,0.03751810193061829,0.036626042301456135,0.8920595049858093,0.07371382415294647,0.375
354,0.03619502323369185,0.03548541503647963,0.7096078435579936,0.07456866651773453,0.5916666666666667
355,0.03682328040401141,0.036031428103645645,0.7918524265289306,0.07326873391866684,0.45
356,0.03693920982380708,0.0361776248862346,0.7615847150484721,0.06916245073080063,0.4583333333333333
357,0.038299363727370896,0.03739608190953732,0.9032815059026083,0.06903532147407532,0.5166666666666667
358,0.03646494460602601,0.035637919480601944,0.8270255009333293,0.07760372012853622,0.45
359,0.038946686188379924,0.038039414460460344,0.9072718183199565,0.07054053992033005,0.575
360,0.0391962468624115,0.03842764024933179,0.7686058600743612,0.07051360607147217,0.625
361,0.03668917678296566,0.035920719429850576,0.7684571305910747,0.07123847305774689,0.48333333333333334
362,0.0368109256029129,0.036119334399700165,0.6915911833445231,0.07274963706731796,0.5333333333333333
363,0.038331437731782596,0.03742839942375819,0.9030382593472799,0.07417859137058258,0.4083333333333333
364,0.03624214852849642,0.035367374991377196,0.874773649374644,0.07442238181829453,0.5583333333333333
365,0.037498652065793676,0.03664908359448115,0.8495684186617534,0.07397305220365524,0.5416666666666666
366,0.03583531181017558,0.03507065512239933,0.7646563490231831,0.07163730263710022,0.575
367,0.03607205686469873,0.035273293033242226,0.7987634817759196,0.0731063187122345,0.4583333333333333
368,0.03684880683819453,0.035986585170030595,0.8622216502825419,0.07842089235782623,0.55
369,0.0379949651658535,0.037126535549759865,0.8684292912483216,0.07232585549354553,0.55
370,0.038847094774246214,0.03793705714245637,0.9100373029708863,0.06970275193452835,0.43333333333333335
371,0.03578570820391178,0.03491827882826328,0.8674293677012126,0.07024656981229782,0.5916666666666667
372,0.035460751379529636,0.03470915568371614,0.7515958507855733,0.0733531266450882,0.4666666666666667
373,0.034734464312593145,0.03395751776794593,0.776945972442627,0.08165354281663895,0.5083333333333333
374,0.03958022395769755,0.03861295779546102,0.9672661383946737,0.07384511083364487,0.48333333333333334
375,0.03999486118555069,0.03910846523940563,0.8863958597183228,0.07637207210063934,0.55
376,0.036346306651830675,0.03563004496196906,0.7162613113721211,0.07308581471443176,0.5
377,0.036793088043729466,0.03599341958761215,0.7996683955192566,0.08281225711107254,0.5833333333333334
378,0.039444753030935926,0.03849932054678599,0.9454326669375102,0.07607156038284302,0.425
379,0.03538384189208348,0.0345370148619016,0.8468267758687337,0.07233712822198868,0.475
380,0.03546277992427349,0.03471021304527919,0.7525668938954672,0.07497640699148178,0.45
381,0.036763071268796924,0.035921668509642284,0.841402554512024,0.07260757684707642,0.5916666666666667
382,0.03798698099950949,0.03706830193599065,0.9186790267626445,0.07439054548740387,0.49166666666666664
383,0.03723371649781863,0.03624096376200517,0.9927523374557495,0.073062963783741,0.38333333333333336
384,0.03804074761768182,0.037150725598136584,0.8900216897328694,0.070604108273983,0.5083333333333333
385,0.03724864746133486,0.036413140843311945,0.8355064789454142,0.06930674612522125,0.6416666666666667
386,0.03774094159404437,0.036816439529259996,0.9245019515355428,0.07294769585132599,0.4583333333333333
387,0.03512984638412794,0.03430645888050397,0.8233873844146729,0.07108104974031448,0.575
388,0.03632270333667596,0.03553196539481481,0.7907377560933431,0.07376395910978317,0.48333333333333334
389,0.03842210272947947,0.03753381359080474,0.8882893721262614,0.07564292848110199,0.4583333333333333
390,0.03650425150990486,0.03570308188597361,0.8011694312095642,0.07106445729732513,0.5166666666666667
391,0.03591475151479244,0.03519596594075362,0.7187855839729309,0.07239548861980438,0.525
392,0.03613762358824412,0.03538663449386756,0.7509889364242553,0.07197479158639908,0.525
393,0.03932362049818039,0.038385679076115294,0.9379411896069845,0.07710284739732742,0.375
394,0.03750233377019564,0.03660109788179398,0.9012360254923503,0.07242760062217712,0.4666666666666667
395,0.0363751499603192,0.035468081509073573,0.907068379720052,0.07628332078456879,0.48333333333333334
396,0.03730671120186647,0.03640755626062552,0.8991548379262289,0.07538474351167679,0.5166666666666667
397,0.03844920322299004,0.03743941262364388,1.0097902854283651,0.07397013902664185,0.5166666666666667
398,0.03495419658720493,0.0340813306470712,0.8728659272193908,0.07360737025737762,0.5
399,0.033795169368386266,0.03305764608085156,0.7375229279200236,0.07873509079217911,0.5
400,0.03495159993569056,0.03425360756615798,0.6979923288027445,0.07765470445156097,0.5
401,0.03855307698249817,0.037723022326827046,0.8300546884536744,0.07221050560474396,0.5666666666666667
402,0.03788036641975244,0.036952337995171544,0.9280287663141886,0.0714903399348259,0.45
403,0.03444103114306927,0.0337078711638848,0.733159867922465,0.07370778918266296,0.4583333333333333
404,0.03587950070699056,0.03517755431433519,0.7019460717837016,0.07889030128717422,0.48333333333333334
405,0.03966609053313732,0.03879309209684531,0.8729979395866394,0.07527125626802444,0.475
406,0.03984920009970665,0.038943136607607204,0.9060631473859151,0.07355406135320663,0.5416666666666666
407,0.039125193779667215,0.03830917750795682,0.8160165389378865,0.08091787993907928,0.425
408,0.036355354636907575,0.035453220332662266,0.9021343986193339,0.07761365175247192,0.44166666666666665
409,0.038703777144352594,0.037757642070452374,0.9461349447568258,0.07731129229068756,0.5166666666666667
410,0.03975703070561091,0.03869241053859393,1.0646201491355896,0.07466289401054382,0.4666666666666667
411,0.03729339924951394,0.03649743472536405,0.7959644317626953,0.07435990124940872,0.5416666666666666
412,0.03474051890273889,0.03398587517440319,0.7546443780263264,0.07707968354225159,0.43333333333333335
413,0.034557054316004115,0.03369811984399954,0.8589346408843994,0.08041521161794662,0.4666666666666667
414,0.03726493467887242,0.03628966535131137,0.97526935338974,0.07179331034421921,0.38333333333333336
415,0.036917375028133394,0.036047020182013514,0.8703551054000854,0.07575290650129318,0.55
416,0.03549338156978289,0.0347344022244215,0.7589792013168335,0.07940854132175446,0.49166666666666664
417,0.034606198966503146,0.03391925729811192,0.6869416395823161,0.07486863434314728,0.48333333333333334
418,0.03527100284894307,0.03451373527447383,0.7572673718134563,0.07443763315677643,0.525
419,0.03570187216003736,0.03489852572480837,0.8033462524414062,0.0794290080666542,0.5
420,0.0343896812448899,0.033711065724492076,0.6786153833071391,0.0764368399977684,0.5166666666666667
421,0.03589807314177354,0.03513052004079024,0.7675536870956421,0.07618315517902374,0.45
422,0.03624911494553089,0.03539172808329264,0.8573866526285807,0.07958923280239105,0.5166666666666667
423,0.03536379374563694,0.03448690623044968,0.8768879413604737,0.07506789267063141,0.475
424,0.0343636571119229,0.033526936918497084,0.836720363299052,0.07566124945878983,0.5333333333333333
425,0.0337744368861119,0.03302973794440429,0.7446989019711813,0.0790979191660881,0.4583333333333333
426,0.03681490272283554,0.03590176987151305,0.9131324966748555,0.08014462143182755,0.55
427,0.034782898426055905,0.0340291744718949,0.7537240982055664,0.07208336144685745,0.5083333333333333
428,0.03587751177450021,0.035075049847364426,0.8024617393811544,0.07410184293985367,0.575
429,0.03408213146030903,0.03334524954358737,0.7368816097577413,0.07536669820547104,0.4083333333333333
430,0.03416134255627791,0.033349882314602536,0.8114604036013285,0.08048125356435776,0.4083333333333333
431,0.03409239761531353,0.03328530689080556,0.8070904215176901,0.07577534019947052,0.55
432,0.034179173037409784,0.03345048986375332,0.728683332602183,0.07749053090810776,0.5833333333333334
433,0.036058373376727106,0.03519979727764924,0.8585762898127238,0.07811187207698822,0.49166666666666664
434,0.03550070313115915,0.03469089592496554,0.8098068118095398,0.07274742424488068,0.4083333333333333
435,0.03268666776518027,0.03194905444979668,0.7376134753227234,0.07631063461303711,0.48333333333333334
436,0.033369822924335796,0.03265451279779275,0.715310267607371,0.07779022306203842,0.4666666666666667
437,0.03432933700581391,0.03366423646608988,0.6651003559430441,0.08373063057661057,0.55
438,0.03642399733265241,0.03568649726609389,0.7374998966852824,0.08023212850093842,0.55
439,0.03591181201239427,0.03501798299451669,0.8938286383946736,0.07841845601797104,0.475
440,0.035162372266252837,0.03429006561636925,0.8723064263661703,0.07783759385347366,0.5083333333333333
441,0.03304541930556297,0.032207104315360384,0.8383151292800903,0.07683099061250687,0.5333333333333333
442,0.03634586545328299,0.0352835966895024,1.0622686743736267,0.0778822973370552,0.49166666666666664
443,0.03425684335331122,0.03342604773739974,0.8307957649230957,0.0825914517045021,0.44166666666666665
444,0.035151660069823266,0.034378485505779585,0.7731744805971782,0.08010032027959824,0.5
445,0.03840333546201388,0.03753155345718066,0.8717818419138591,0.07663725316524506,0.575
446,0.035764663790663086,0.03483042890826861,0.9342349966367086,0.07811735570430756,0.5083333333333333
447,0.035215061902999875,0.03420581581691901,1.0092462182044983,0.08236087113618851,0.5166666666666667
448,0.03349951803684235,0.032645547514160475,0.8539705077807108,0.07683300971984863,0.5583333333333333
449,0.032248566920558615,0.031491216644644736,0.7573503176371257,0.07770836353302002,0.425
450,0.03239641574521859,0.03166630466779073,0.7301108439763387,0.07899223268032074,0.49166666666666664
451,0.033279060199856755,0.03249226038654645,0.786799410978953,0.0793360248208046,0.48333333333333334
452,0.034134289746483165,0.03334463400145372,0.7896556496620178,0.08025931566953659,0.44166666666666665
453,0.035729807987809184,0.03494880360861619,0.7810046235720317,0.07594950497150421,0.55
454,0.032794743527968725,0.03206369218726953,0.7310510675112406,0.07720921188592911,0.49166666666666664
455,0.03564664473136266,0.03485270005961259,0.7939444343249004,0.07887743413448334,0.525
456,0.03534703676899274,0.03449354891975721,0.8534877061843872,0.07783825695514679,0.49166666666666664
457,0.03660101853311062,0.035821596657236415,0.7794217785199483,0.08904331177473068,0.4083333333333333
458,0.03447857735057672,0.033648280426859856,0.8302970647811889,0.07934244722127914,0.4666666666666667
459,0.033694542571902276,0.0329829104244709,0.7116326212882995,0.07159138470888138,0.5083333333333333
460,0.03374279737472534,0.03301972610255082,0.723071014881134,0.07792218774557114,0.48333333333333334
461,0.03494663226107756,0.03413371878365676,0.8129133621851603,0.0850013941526413,0.45
462,0.03325641291836898,0.03250151077906291,0.7549024105072022,0.0814727172255516,0.5083333333333333
463,0.03308766856789589,0.03236585259437561,0.7218159019947052,0.08080602437257767,0.45
464,0.03264493184785048,0.031920736903945604,0.7241948843002319,0.07629380375146866,0.525
465,0.03582219084103902,0.035060947636763255,0.7612428625424703,0.08551861345767975,0.5833333333333334
466,0.033515894785523415,0.032734967519839606,0.7809277017911275,0.08721146732568741,0.5166666666666667
467,0.03385407912234465,0.03315164496501287,0.7024341821670532,0.076819509267807,0.475
468,0.035359436025222145,0.03463017878433069,0.7292577346165975,0.0813702940940857,0.5416666666666666
469,0.03351657316088676,0.03275967674950759,0.7568964163462321,0.07760355621576309,0.5333333333333333
470,0.03346944178144137,0.03258457966148853,0.8848621606826782,0.0857250988483429,0.5583333333333333
471,0.0397499597320954,0.03891179126997789,0.838168199857076,0.07609730958938599,0.5416666666666666
472,0.03548871874809265,0.03446178237597148,1.0269360303878785,0.08162898570299149,0.525
473,0.03399083378414313,0.032971395552158354,1.0194386045138042,0.079488106071949,0.38333333333333336
474,0.03594607735673586,0.035154201090335846,0.791876471042633,0.08150506019592285,0.35
475,0.03532198145985603,0.03451793467005094,0.8040463089942932,0.080416738986969,0.4166666666666667
476,0.033054208382964134,0.032293062657117844,0.7611455917358398,0.0792650431394577,0.5333333333333333
477,0.03190003049870332,0.031202397495508193,0.6976330518722534,0.08101367205381393,0.5
478,0.03356864936649799,0.03280078768730164,0.7678619186083476,0.083635613322258,0.4
479,0.03499400342504184,0.034245244786143304,0.7487585107485454,0.08207917958498001,0.48333333333333334
480,0.03503870293498039,0.03419005274772644,0.8486500382423401,0.07448449730873108,0.5333333333333333
481,0.03581996026138465,0.03495654153327147,0.8634189168612162,0.07678680121898651,0.5583333333333333
482,0.03334624742468198,0.032660112529993054,0.6861354589462281,0.078009694814682,0.5333333333333333
483,0.03330356615285079,0.032515882328152654,0.7876836816469829,0.08109132200479507,0.5333333333333333
484,0.03310123185316722,0.03224466629326343,0.856565527121226,0.08220188319683075,0.45
485,0.033815938606858255,0.032990411917368574,0.8255266944567362,0.0750664472579956,0.575
486,0.033382914463679,0.03263927673300107,0.7436376094818116,0.08178038150072098,0.4583333333333333
487,0.03247066934903463,0.031760850176215175,0.7098191102345784,0.07888490706682205,0.5583333333333333
488,0.03108755759894848,0.03040381856262684,0.6837390482425689,0.08356931805610657,0.4083333333333333
489,0.031677441050608955,0.030914158374071122,0.763282585144043,0.07569756358861923,0.575
490,0.034146552284558616,0.03320773368080457,0.9388184825579325,0.07757404446601868,0.55
491,0.03361151379843553,0.032812266548474626,0.7992470026016235,0.0844092071056366,0.4166666666666667
492,0.03256603665649891,0.031918416793147726,0.6476199388504028,0.07457693666219711,0.4666666666666667
493,0.03628531023859978,0.03558490388095379,0.7004065871238708,0.07640151679515839,0.5
494,0.03759552886088689,0.03677061448494593,0.8249141494433085,0.08253516256809235,0.55
495,0.03582794877390067,0.034960774208108586,0.8671744743982951,0.08046621829271317,0.49166666666666664
496,0.03351473696529865,0.03271941890319188,0.7953177730242411,0.07989363372325897,0.5916666666666667
497,0.03218869517246882,0.03151427817841371,0.6744168400764465,0.07658664882183075,0.5333333333333333
498,0.0358651127666235,0.03514618823925654,0.7189245879650116,0.08682893961668015,0.45
499,0.03445094861090183,0.03364861868321896,0.8023295958836874,0.0805327519774437,0.4583333333333333
500,0.03201838495830695,0.031208604201674463,0.809780995051066,0.08712561428546906,0.5583333333333333
