epoch,train_loss,rmse_loss,trend_loss,val_rmse,val_trend_acc
0,0.1948146899541219,0.1852325345079104,9.582154258092244,0.1080884337425232,0.44166666666666665
1,0.08178001542886099,0.07867896631360054,3.101048954327901,0.07544964551925659,0.5
2,0.0673596866428852,0.06501672267913819,2.342962948481242,0.07059208303689957,0.5416666666666666
3,0.065610521286726,0.06355126077930133,2.059260439872742,0.06283307820558548,0.5833333333333334
4,0.060914312054713565,0.05929640978574753,1.6179020881652832,0.05851370468735695,0.5666666666666667
5,0.05808836097518603,0.05655193999409676,1.5364207983016969,0.061606116592884064,0.55
6,0.056610046327114104,0.05518442566196124,1.4256200154622396,0.06307151168584824,0.45
7,0.05807216266791026,0.05648788288235664,1.5842796405156454,0.06219831854104996,0.48333333333333334
8,0.05576391890645027,0.05445791035890579,1.3060087045033772,0.06491701304912567,0.5083333333333333
9,0.05542818456888199,0.054221608738104506,1.2065757274627686,0.06449393182992935,0.36666666666666664
10,0.05591248869895935,0.05467821458975474,1.2342730402946471,0.06247173994779587,0.5916666666666667
11,0.05816783433159192,0.056814799457788466,1.353034774462382,0.06254493445158005,0.48333333333333334
12,0.06054021616776784,0.059228050212065377,1.3121657927831014,0.07588158547878265,0.5833333333333334
13,0.06489596838752429,0.06311729128162066,1.7786769628524781,0.06899797916412354,0.48333333333333334
14,0.059227530906597776,0.05774808327356974,1.4794480721155803,0.06316113471984863,0.475
15,0.05962071095903714,0.05809505482514699,1.5256559133529664,0.062266044318675995,0.575
16,0.055025892704725264,0.05381531963745753,1.2105731169382732,0.060732100158929825,0.625
17,0.05474463552236557,0.05360884169737498,1.1357937932014466,0.06126994267106056,0.5083333333333333
18,0.05507908463478088,0.053888458261887234,1.1906261603037516,0.06135519966483116,0.525
19,0.055251203229029974,0.05406902035077413,1.1821836153666179,0.07650177925825119,0.55
20,0.05985748420159022,0.05859938189387322,1.2581017732620239,0.07178737223148346,0.475
21,0.0586008258163929,0.05754985560973485,1.050969398021698,0.05719626694917679,0.45
22,0.05618757555882136,0.05505765328804652,1.1299229343732198,0.05929930880665779,0.425
23,0.05618404348691305,0.05512891660133998,1.0551268935203553,0.06630341708660126,0.45
24,0.06209818497300148,0.060429426530996956,1.6687584837277731,0.06381862610578537,0.5
25,0.05685175930460294,0.05556333735585213,1.2884216864903768,0.059384722262620926,0.43333333333333335
26,0.05500075270732244,0.05380102545022965,1.199726899464925,0.05924539268016815,0.4
27,0.061157370607058205,0.05980201835433642,1.3553525368372599,0.06714370846748352,0.5166666666666667
28,0.05422585258881251,0.05310305878520012,1.1227936307589212,0.05851546302437782,0.4
29,0.054946891218423846,0.053911860287189486,1.035031004746755,0.0657510757446289,0.5666666666666667
30,0.05863974293073018,0.05729859496156375,1.3411479234695434,0.072426937520504,0.525
31,0.057687229663133624,0.05648943881193797,1.1977909008661907,0.057597074657678604,0.5833333333333334
32,0.0542359009385109,0.05316823273897171,1.0676677743593852,0.061120305210351944,0.5666666666666667
33,0.05633587315678597,0.055212459464867907,1.123413117726644,0.062124103307724,0.48333333333333334
34,0.061197662353515626,0.059856919447580974,1.3407427072525024,0.07107555121183395,0.44166666666666665
35,0.06038221468528112,0.05925630405545235,1.1259101510047913,0.06806791573762894,0.49166666666666664
36,0.06454768205682436,0.06305538068215052,1.4923006693522136,0.05942210555076599,0.49166666666666664
37,0.053140523533026375,0.0521937794983387,0.9467440327008565,0.0649467334151268,0.5416666666666666
38,0.053638545672098796,0.05247688715656598,1.1616577744483947,0.06008238345384598,0.425
39,0.05557088255882263,0.05443753351767858,1.1333492596944172,0.06658075749874115,0.49166666666666664
40,0.054739136497179666,0.05367343152562777,1.0657050609588623,0.06379790604114532,0.475
41,0.054284993062416714,0.05312569389740626,1.1592994888623556,0.06258337944746017,0.5083333333333333
42,0.053111315021912256,0.05206656008958817,1.0447547713915506,0.059144020080566406,0.49166666666666664
43,0.055926599105199176,0.05468321839968363,1.2433807333310445,0.06110384687781334,0.425
44,0.06065040056904157,0.059304823726415636,1.3455769777297975,0.06463517993688583,0.38333333333333336
45,0.058000184843937555,0.05666116053859393,1.3390241463979085,0.062240637838840485,0.4583333333333333
46,0.05674312114715576,0.05533051316936811,1.412607995669047,0.06371299922466278,0.5
47,0.05631942177812258,0.05500979746381442,1.3096246004104615,0.059413377195596695,0.43333333333333335
48,0.05512843628724416,0.053753214329481123,1.375221562385559,0.0632203072309494,0.39166666666666666
49,0.058558099716901776,0.05705459838112195,1.5035017450650534,0.06501621007919312,0.4666666666666667
50,0.05676449810465177,0.05538616999983788,1.3783281842867534,0.06310141831636429,0.45
51,0.05364351371924082,0.052527930090824765,1.1155835509300231,0.06414035707712173,0.48333333333333334
52,0.058078851302464804,0.05667543684442838,1.4034147103627523,0.0643056258559227,0.5833333333333334
53,0.057402776926755904,0.056269667794307074,1.1331088105837503,0.062274105846881866,0.44166666666666665
54,0.0609079676369826,0.05967687765757243,1.2310896317164104,0.05991067364811897,0.5333333333333333
55,0.05438247273365657,0.05327961767713229,1.1028551737467447,0.061332959681749344,0.5333333333333333
56,0.0558549498518308,0.05446063627799352,1.3943132400512694,0.0625779926776886,0.5583333333333333
57,0.054011933505535126,0.0529276783267657,1.0842550992965698,0.059555262327194214,0.4583333333333333
58,0.053642687698205314,0.05262405946850777,1.0186286052068074,0.06603576242923737,0.5666666666666667
59,0.053436167538166046,0.052315322558085124,1.1208452423413595,0.0623759999871254,0.5
60,0.05565272296468417,0.05455935423572858,1.0933685660362245,0.06756045669317245,0.5416666666666666
61,0.05776484434803327,0.056560246149698894,1.2045985579490661,0.06355638056993484,0.55
62,0.056228419144948326,0.05497371554374695,1.2547039151191712,0.06595171988010406,0.5333333333333333
63,0.058857367187738416,0.05752450947960218,1.332857894897461,0.07660872489213943,0.4583333333333333
64,0.06225218549370766,0.06079411233464877,1.4580725034077961,0.06951508671045303,0.5
65,0.05868863488237063,0.05750754823287328,1.1810866634051005,0.05776564031839371,0.5833333333333334
66,0.05619957720239957,0.054880198836326596,1.3193792382876077,0.07311517745256424,0.5916666666666667
67,0.057950265953938165,0.05651851544777552,1.4317508459091186,0.0691414326429367,0.48333333333333334
68,0.0570335790514946,0.055652978271245955,1.3806008338928222,0.06270098686218262,0.5166666666666667
69,0.05422204906741778,0.0530272476375103,1.1948009689648946,0.06223706901073456,0.5916666666666667
70,0.05159396082162857,0.050594786057869594,0.9991749962170918,0.06580767035484314,0.4666666666666667
71,0.05727280552188555,0.056128132591644925,1.144672648111979,0.06895431876182556,0.6
72,0.05594904025395711,0.05463149771094322,1.3175424814224244,0.06351412087678909,0.425
73,0.05293702632188797,0.05170052672425906,1.2365000089009603,0.062047723680734634,0.4666666666666667
74,0.05457665448387464,0.05337548976143201,1.201164706548055,0.06408706307411194,0.5666666666666667
75,0.05691102966666221,0.05512272914250692,1.788300331433614,0.06268413364887238,0.5833333333333334
76,0.054261793941259386,0.05290973136822383,1.352062503496806,0.06203165650367737,0.55
77,0.05374959756930669,0.05266485710938772,1.0847405115763347,0.06709013879299164,0.44166666666666665
78,0.0550089659790198,0.05376377875606219,1.2451870878537497,0.060883618891239166,0.49166666666666664
79,0.05222366899251938,0.05118626306454341,1.037406607468923,0.0634768009185791,0.4583333333333333
80,0.05421342005332311,0.05312979519367218,1.083625030517578,0.061815932393074036,0.45
81,0.05565585245688756,0.05446572105089823,1.1901316165924072,0.07059787213802338,0.4166666666666667
82,0.060612113277117415,0.05904800221323967,1.5641105731328329,0.07975195348262787,0.425
83,0.06444115241368611,0.06281291345755259,1.6282388051350911,0.06529589742422104,0.5416666666666666
84,0.05710377842187882,0.05585023363431295,1.2535449822743734,0.05860992893576622,0.5583333333333333
85,0.0548985796670119,0.05344504863023758,1.4535302956899008,0.06495378166437149,0.575
86,0.05464481885234515,0.053142487754424414,1.5023306131362915,0.06325531005859375,0.4
87,0.058764227728048964,0.05743389775355657,1.3303292791048686,0.06219132989645004,0.48333333333333334
88,0.05398886501789093,0.052718141674995424,1.2707228461901348,0.06294725835323334,0.49166666666666664
89,0.05718785102168719,0.055624554554621376,1.5632961471875508,0.06829165667295456,0.38333333333333336
90,0.05560566534598668,0.054419736564159396,1.1859288454055785,0.06359873712062836,0.38333333333333336
91,0.05721407582362493,0.0560100719332695,1.2040038267771402,0.06168769672513008,0.5833333333333334
92,0.05241454591353734,0.05126362616817157,1.1509193380673726,0.06231918931007385,0.4083333333333333
93,0.05290912215908369,0.051711607227722806,1.197515034675598,0.0609816275537014,0.4166666666666667
94,0.05368697916467984,0.052646239101886746,1.0407403707504272,0.05921991541981697,0.5083333333333333
95,0.054854583988587065,0.05372250527143478,1.1320781032244365,0.06296444684267044,0.5666666666666667
96,0.054644191761811574,0.05330074156324069,1.3434500217437744,0.06363072991371155,0.5333333333333333
97,0.05277839601039887,0.051616769284009933,1.1616272846857707,0.06456070393323898,0.4666666666666667
98,0.05202437440554301,0.05088806500037511,1.1363091270128887,0.0682196244597435,0.5166666666666667
99,0.05374915301799774,0.05264486769835154,1.1042855739593507,0.0607241727411747,0.5
100,0.05412003497282664,0.0530036819477876,1.1163525462150574,0.06165608391165733,0.475
101,0.05497337058186531,0.053714767346779504,1.2586033900578817,0.06695457547903061,0.5583333333333333
102,0.056211513777573906,0.05515689079960187,1.0546229203542075,0.06308813393115997,0.5166666666666667
103,0.054852941632270814,0.05382483651240667,1.0281052549680074,0.06566064804792404,0.525
104,0.05378402744730314,0.052701589713493986,1.0824376742045085,0.06535904854536057,0.45
105,0.05365014250079791,0.052519573271274565,1.1305694023768107,0.07302601635456085,0.525
106,0.05658967470129331,0.05529961908857028,1.2900557478268941,0.06177469715476036,0.4
107,0.05351918414235115,0.05232585271199544,1.1933315555254618,0.0667048990726471,0.48333333333333334
108,0.0517025592426459,0.050657909363508224,1.0446495731671652,0.0588291734457016,0.5166666666666667
109,0.04872113813956579,0.04783610850572586,0.8850297172864278,0.059825051575899124,0.5833333333333334
110,0.05229577198624611,0.05118665968378385,1.1091118097305297,0.06006935238838196,0.44166666666666665
111,0.05158163830637932,0.0505685788889726,1.0130596240361531,0.06675555557012558,0.48333333333333334
112,0.05208045567075412,0.05090243294835091,1.1780219594637553,0.07309575378894806,0.525
113,0.05572560901443164,0.05452751144766808,1.198097538948059,0.0673706978559494,0.525
114,0.05569383427500725,0.05458808292945226,1.1057512124379476,0.06585635244846344,0.475
115,0.05170423537492752,0.050628527005513506,1.075708305835724,0.06454548239707947,0.575
116,0.05037240982055664,0.0492935799062252,1.078829570611318,0.061376411467790604,0.5166666666666667
117,0.05306683008869489,0.05173529411355655,1.3315362731615703,0.059385575354099274,0.5333333333333333
118,0.052196162690718965,0.05108374233047167,1.1124203085899353,0.05989304184913635,0.425
119,0.05361781219641368,0.052448868999878565,1.1689430117607116,0.05975811928510666,0.575
120,0.052936533093452455,0.05171022117137909,1.226311775048574,0.07066221535205841,0.45
121,0.056356647859017055,0.05483387957016627,1.522768211364746,0.07273654639720917,0.44166666666666665
122,0.05856641307473183,0.05723225325345993,1.3341600020726523,0.07086337357759476,0.525
123,0.05643579413493474,0.05506051232417424,1.3752819061279298,0.06006249040365219,0.6
124,0.05221786523858706,0.051124126712481184,1.093738579750061,0.06485826522111893,0.5083333333333333
125,0.05184173832337061,0.050807263950506845,1.034474460283915,0.06185589358210564,0.5916666666666667
126,0.05128642519315084,0.05025640254219373,1.0300228118896484,0.06951811909675598,0.525
127,0.052464934438467024,0.051404967655738196,1.0599664529164632,0.06365934014320374,0.5166666666666667
128,0.05027361065149307,0.04912033056219419,1.1532799522082011,0.06040544807910919,0.5833333333333334
129,0.053613514204819995,0.052305433278282486,1.3080804665883383,0.06403037160634995,0.6083333333333333
130,0.0515057884156704,0.05029115031162898,1.2146384994188943,0.07425399124622345,0.6
131,0.059611117094755174,0.058414562791585925,1.196554442246755,0.07436425983905792,0.5416666666666666
132,0.05544680655002594,0.05429391215244929,1.1528943022092184,0.06024057790637016,0.4666666666666667
133,0.050744893650213875,0.04973604306578636,1.0088507731755574,0.0605149045586586,0.5583333333333333
134,0.05267960329850515,0.05157083893815676,1.1087646484375,0.0635489746928215,0.4666666666666667
135,0.05086657131711642,0.04967673743764559,1.1898335178693136,0.06344448775053024,0.4583333333333333
136,0.05261346449454626,0.05138118912776311,1.2322751760482789,0.05996989831328392,0.525
137,0.05391051198045413,0.0527470663189888,1.1634459217389426,0.061496980488300323,0.49166666666666664
138,0.050318017850319544,0.0493480883538723,0.9699293176333109,0.06097663566470146,0.5
139,0.04895979166030884,0.04794368768731753,1.016104265054067,0.061064865440130234,0.55
140,0.05025750274459521,0.04928744683663051,0.9700556874275208,0.061203181743621826,0.55
141,0.05444856435060501,0.05334104274710019,1.1075218200683594,0.06346336007118225,0.475
142,0.051735166211922964,0.05057857384284337,1.1565919955571493,0.06126166507601738,0.5333333333333333
143,0.05238837550083796,0.051306583484013873,1.081792171796163,0.06568387895822525,0.44166666666666665
144,0.05305723572770755,0.05183644766608874,1.2207878947257995,0.0612294040620327,0.55
145,0.05034489358464877,0.04921141937375069,1.1334742029507956,0.06355809420347214,0.6
146,0.05044305796424548,0.049248868227005006,1.194188908735911,0.06407549232244492,0.45
147,0.050285809735457106,0.049206957469383875,1.078852367401123,0.0607634112238884,0.55
148,0.05064955279231072,0.04958508387207985,1.0644689281781514,0.06181418523192406,0.49166666666666664
149,0.05095169295867284,0.04980997790892919,1.1417152404785156,0.062058426439762115,0.5
150,0.05185306668281555,0.05074626853068669,1.1067982951800028,0.06963513046503067,0.43333333333333335
151,0.052281669030586876,0.051151597996552785,1.130070734024048,0.06293204426765442,0.5
152,0.04969948877890905,0.048579017321268715,1.1204714059829712,0.0621451698243618,0.5
153,0.050583675503730774,0.04958519364396731,0.9984821160634358,0.06517250835895538,0.5083333333333333
154,0.05274214496215184,0.05172136127948761,1.0207833528518677,0.068739153444767,0.5083333333333333
155,0.05403824001550674,0.053118975708882014,0.9192638993263245,0.0626811608672142,0.49166666666666664
156,0.05114073306322098,0.05008544400334358,1.0552886366844176,0.06426870077848434,0.5666666666666667
157,0.0467851256330808,0.04589842011531194,0.8867053588231405,0.061603792011737823,0.375
158,0.04852580949664116,0.047577563176552456,0.9482460737228393,0.06737659126520157,0.4166666666666667
159,0.04992061605056127,0.04884923323988914,1.0713830669720967,0.06066010892391205,0.43333333333333335
160,0.04890468617280324,0.047799207270145416,1.1054787397384644,0.06355448067188263,0.5916666666666667
161,0.05256818135579427,0.051439764847358065,1.1284165461858113,0.06252611428499222,0.5583333333333333
162,0.04909188374876976,0.04814258093635241,0.9493029793103536,0.060192808508872986,0.4666666666666667
163,0.05167534276843071,0.05066540837287903,1.0099345564842224,0.06284788995981216,0.6
164,0.05309520363807678,0.05204276715715726,1.0524365305900574,0.0630936399102211,0.45
165,0.053256800522406895,0.05201999271909396,1.2368083119392395,0.06148543208837509,0.5583333333333333
166,0.04995059644182523,0.04871522908409436,1.2353674252827962,0.0599089190363884,0.5833333333333334
167,0.04969593112667402,0.04863327716787656,1.062653648853302,0.06352291256189346,0.5333333333333333
168,0.04989176044861476,0.048823216805855434,1.0685434420903523,0.06370560824871063,0.6083333333333333
169,0.04861634323994319,0.047518616914749144,1.0977260907491049,0.05996907129883766,0.55
170,0.049724551290273665,0.04864052434762319,1.0840267340342205,0.06396181136369705,0.5333333333333333
171,0.04954513534903526,0.048535887400309244,1.009248399734497,0.06314993649721146,0.575
172,0.0520994467039903,0.0507627251247565,1.3367212732632956,0.0746319591999054,0.475
173,0.05200080697735151,0.050938861817121504,1.0619449814160664,0.06186455115675926,0.5166666666666667
174,0.05140622804562251,0.05044412513573964,0.9621023535728455,0.06432703137397766,0.475
175,0.05376777276396751,0.05277244498332342,0.9953280687332153,0.06834607571363449,0.48333333333333334
176,0.051080517222483954,0.04997315853834152,1.107358169555664,0.06535037606954575,0.6
177,0.049204997966686884,0.04800836071372032,1.1966370900472005,0.08165964484214783,0.425
178,0.05431109244624774,0.053011212249596915,1.2998803059260051,0.07296198606491089,0.44166666666666665
179,0.050721916804711026,0.049582852174838384,1.1390653649965923,0.0727725699543953,0.45
180,0.051302216947078705,0.05006217782696088,1.240038847923279,0.06902318447828293,0.43333333333333335
181,0.04827055384715398,0.04730540389815966,0.9651504000027974,0.06401785463094711,0.575
182,0.04908171767989795,0.048001120487848915,1.0805979172388713,0.06572135537862778,0.5666666666666667
183,0.045946334550778074,0.04504566888014475,0.9006653944651286,0.0641913041472435,0.55
184,0.050761493295431136,0.049830420811971025,0.9310719807942708,0.06245157867670059,0.575
185,0.047707852472861606,0.04670589889089267,1.001953403155009,0.06351383030414581,0.5166666666666667
186,0.049947287887334824,0.04898966550827026,0.9576223969459534,0.061576832085847855,0.525
187,0.04772822434703509,0.04671856115261714,1.009663188457489,0.06353586167097092,0.43333333333333335
188,0.048009111732244494,0.04698006485899289,1.0290466268857321,0.06334785372018814,0.49166666666666664
189,0.04894993454217911,0.047953956325848895,0.995978041489919,0.0672512799501419,0.425
190,0.04902843510111173,0.04803990125656128,0.988533866405487,0.06159031391143799,0.5916666666666667
191,0.04696094815929731,0.04598779951532682,0.9731483658154806,0.06179185211658478,0.55
192,0.04673277313510577,0.045714125782251355,1.0186470985412597,0.06586845219135284,0.38333333333333336
193,0.04854522074262301,0.047427819669246675,1.11740087668101,0.06730275601148605,0.49166666666666664
194,0.05035809526840846,0.049388406922419865,0.9696883638699849,0.06415015459060669,0.5583333333333333
195,0.04938993752002716,0.048294160266717276,1.095776919523875,0.06376902759075165,0.48333333333333334
196,0.04825250282883644,0.04713447963198026,1.1180233200391134,0.07591291517019272,0.5416666666666666
197,0.05558490653832753,0.054335771252711614,1.2491347710291545,0.06864316016435623,0.475
198,0.051893731206655504,0.05068419724702835,1.2095338503519695,0.06258152425289154,0.5166666666666667
199,0.04944618145624797,0.048435291896263756,1.0108894864718119,0.06246325746178627,0.475
200,0.04791954532265663,0.04701859975854556,0.9009452978769938,0.06266426295042038,0.43333333333333335
201,0.04661983574430148,0.04569334263602893,0.9264932910601298,0.06630613654851913,0.5833333333333334
202,0.04859255800644557,0.04762709488471349,0.965462573369344,0.06605131924152374,0.45
203,0.04834078848361969,0.047293511033058164,1.0472776174545289,0.06849706172943115,0.43333333333333335
204,0.04732953409353892,0.0464155875146389,0.9139464497566223,0.06219083070755005,0.5666666666666667
205,0.047924083471298215,0.0470189926524957,0.9050908009211223,0.06302454322576523,0.4166666666666667
206,0.04675972387194634,0.04585349187254906,0.9062319119771322,0.06579667329788208,0.6
207,0.04600455164909363,0.045126331100861235,0.8782204389572144,0.06374300271272659,0.5166666666666667
208,0.04654861365755399,0.04563108856479327,0.9175245563189188,0.06378129869699478,0.45
209,0.0469296524922053,0.046082141002019246,0.8475111921628317,0.064052514731884,0.6166666666666667
210,0.04927618776758512,0.04820409541328748,1.0720919291178386,0.07300204783678055,0.625
211,0.05127880200743675,0.05009622573852539,1.1825762788454692,0.06771738827228546,0.55
212,0.05029484331607818,0.04905960783362388,1.2352354049682617,0.06370263546705246,0.6166666666666667
213,0.047431241472562155,0.04641669591267904,1.0145457903544108,0.0635785236954689,0.49166666666666664
214,0.04583262925346692,0.04496518820524216,0.8674407919247945,0.06406591832637787,0.6416666666666667
215,0.047114573419094086,0.046203049023946126,0.9115244110425313,0.06330591440200806,0.625
216,0.04446677391727765,0.04353546798229217,0.9313057502110799,0.06974052637815475,0.4666666666666667
217,0.04789798433581988,0.046869871020317075,1.0281131148338318,0.06313472241163254,0.5333333333333333
218,0.04891743063926697,0.047851646691560744,1.0657831033070881,0.06610468775033951,0.5
219,0.04783688386281331,0.04677224159240723,1.064642035961151,0.06186543405056,0.5083333333333333
220,0.04783646066983541,0.04680249442656835,1.033965539932251,0.06122029200196266,0.5166666666666667
221,0.04718383252620697,0.04619206885496775,0.9917633851369222,0.06456898152828217,0.4666666666666667
222,0.04968595008055369,0.04870395759741465,0.9819925189018249,0.06292843818664551,0.65
223,0.04690722773472468,0.045934930940469104,0.9722964604695638,0.06278407573699951,0.5916666666666667
224,0.047303323696057005,0.04631897682944933,0.984347395102183,0.06634780764579773,0.575
225,0.04736366719007492,0.046222057193517685,1.1416099667549133,0.06790284067392349,0.5083333333333333
226,0.046284039566914244,0.04527603661020597,1.008003008365631,0.06200141832232475,0.5833333333333334
227,0.04781143665313721,0.04687842130661011,0.9330156048138937,0.06879188865423203,0.4583333333333333
228,0.047399758050839104,0.04643183598915736,0.967922306060791,0.06380432844161987,0.5416666666666666
229,0.04577383001645406,0.04489897514382998,0.8748541911443074,0.061249442398548126,0.5916666666666667
230,0.04444372778137525,0.04364023407300313,0.8034936984380087,0.06301313638687134,0.49166666666666664
231,0.043848511576652524,0.04309450015425682,0.7540117820103963,0.06427042186260223,0.5333333333333333
232,0.054239344348510105,0.053148252268632255,1.0910913983980814,0.08321549743413925,0.5666666666666667
233,0.055580049256483716,0.05450795814394951,1.0720909158388774,0.06548698246479034,0.5916666666666667
234,0.04697560941179593,0.04604697252313296,0.9286360581715901,0.07374081760644913,0.49166666666666664
235,0.05779104928175608,0.05635595594843228,1.435093673070272,0.06426364928483963,0.5416666666666666
236,0.049684182306130725,0.04853470449646314,1.1494776646296183,0.06477688252925873,0.5416666666666666
237,0.0448024146258831,0.043979286402463916,0.8231279134750367,0.06424814462661743,0.5166666666666667
238,0.04860929151376089,0.04760516981283824,1.0041218082110086,0.06873583048582077,0.625
239,0.05013505270083745,0.04913008734583855,1.0049651583035788,0.06636723130941391,0.5083333333333333
240,0.04630328168471654,0.045457304020722705,0.8459772745768229,0.0637877881526947,0.4
241,0.04393317600091298,0.04305816292762756,0.875012977917989,0.0671166479587555,0.5166666666666667
242,0.0453058198094368,0.04439290339748065,0.9129161556561788,0.0648951381444931,0.5333333333333333
243,0.04531359449028969,0.04448215340574582,0.8314410169919332,0.06973359733819962,0.5
244,0.047556596746047335,0.04657215550541878,0.9844407796859741,0.06637506932020187,0.475
245,0.0493509940803051,0.048402890314658484,0.948103400071462,0.0709683820605278,0.5416666666666666
246,0.04735085094968478,0.04632950748006503,1.0213436563809712,0.06433889269828796,0.5583333333333333
247,0.04553452879190445,0.04455140084028244,0.9831277251243591,0.06690812855958939,0.45
248,0.047339688241481784,0.04645067006349564,0.8890187382698059,0.06672169268131256,0.5
249,0.047686782230933505,0.04669459611177444,0.9921858787536622,0.064447320997715,0.5583333333333333
250,0.04458735709389051,0.043695888171593346,0.891468858718872,0.06555487215518951,0.5583333333333333
251,0.045282246669133504,0.04443307841817538,0.8491683761278789,0.07242169976234436,0.45
252,0.047115478416283926,0.046134334554274875,0.9811434467633565,0.06634846329689026,0.5083333333333333
253,0.05110088313619296,0.049952833851178484,1.1480487863222757,0.06977272778749466,0.4583333333333333
254,0.053141533335049944,0.05200746680299441,1.1340660413106283,0.07285565137863159,0.6083333333333333
255,0.049062561988830564,0.04784159610668818,1.220965584119161,0.06749408692121506,0.5833333333333334
256,0.04561483512322108,0.04462799156705539,0.9868431448936462,0.06549867242574692,0.6083333333333333
257,0.04882552971442541,0.047860525796810785,0.965003780523936,0.06453364342451096,0.5166666666666667
258,0.0482141338288784,0.04726980452736219,0.9443292339642843,0.06463160365819931,0.5333333333333333
259,0.05033863658706347,0.049226675430933634,1.111961023012797,0.06945982575416565,0.525
260,0.046727919081846876,0.045705242455005644,1.0226765394210815,0.06647967547178268,0.5333333333333333
261,0.04723495120803515,0.046287925789753596,0.9470257639884949,0.06953655183315277,0.575
262,0.04443986179927985,0.04365117326378822,0.788688604036967,0.0689573734998703,0.48333333333333334
263,0.049725708862145744,0.04877205888430278,0.9536500970522562,0.06610853970050812,0.5333333333333333
264,0.0495455061395963,0.0485890860358874,0.9564196745554606,0.0637827217578888,0.44166666666666665
265,0.047228722274303435,0.04618362362186114,1.0450979948043824,0.06560295075178146,0.575
266,0.04417815506458282,0.04330556914210319,0.8725857496261596,0.0635872557759285,0.55
267,0.045365215837955476,0.044432113567988075,0.9331020236015319,0.06546574085950851,0.525
268,0.047936539103587465,0.04693021203080813,1.0063275774319966,0.06987323611974716,0.5
269,0.04736492981513341,0.046205655485391614,1.1592745264371236,0.07411659508943558,0.5833333333333334
270,0.047419399271408716,0.04640297864874204,1.0164207498232523,0.06886035203933716,0.525
271,0.04453671847780546,0.04370528161525726,0.8314366539319357,0.06587649881839752,0.45
272,0.047506229331096016,0.046578058352073036,0.928171161810557,0.06585914641618729,0.4666666666666667
273,0.048533548663059874,0.04761063282688459,0.9229154507319133,0.06925628334283829,0.425
274,0.04834624007344246,0.04739601463079453,0.9502255002657573,0.0699404776096344,0.5166666666666667
275,0.045066392670075096,0.04413990924755732,0.9264837225278219,0.06608951836824417,0.5416666666666666
276,0.04527943705519041,0.044273468355337776,1.0059688011805217,0.06822719424962997,0.5666666666666667
277,0.044893256823221844,0.04400902986526489,0.8842267950375875,0.06710533797740936,0.5333333333333333
278,0.04353550771872203,0.04268380105495453,0.8517065564791362,0.07303887605667114,0.44166666666666665
279,0.04740808134277662,0.04650617068012555,0.9019104242324829,0.06680957227945328,0.49166666666666664
280,0.04739699810743332,0.046439754962921145,0.9572435816129049,0.0645713359117508,0.48333333333333334
281,0.04641174450516701,0.045400170236825944,1.0115739345550536,0.07002684473991394,0.475
282,0.04660538459817568,0.04546705732742946,1.138327952226003,0.06650176644325256,0.49166666666666664
283,0.04972562740246455,0.04876928751667341,0.9563399473826091,0.06781764328479767,0.4083333333333333
284,0.04810968240102132,0.04710945462187131,1.0002278804779052,0.0694388747215271,0.48333333333333334
285,0.051162467896938325,0.049911526342233024,1.2509414037068685,0.07640021294355392,0.6083333333333333
286,0.05258838708202044,0.05132201040784518,1.2663765986760458,0.06497024744749069,0.5166666666666667
287,0.04620880881945292,0.045264679938554764,0.9441291133562724,0.0674886479973793,0.43333333333333335
288,0.04313964520891508,0.042202151566743853,0.9374932289123535,0.06942801922559738,0.5916666666666667
289,0.04670424138506254,0.04571301167209943,0.9912299036979675,0.06751441210508347,0.39166666666666666
290,0.048979320128758747,0.04794446776310603,1.0348522543907166,0.06945618242025375,0.575
291,0.04290218551953633,0.042151462038358053,0.7507233103116353,0.06564818322658539,0.5333333333333333
292,0.04341554840405782,0.04261798933148384,0.7975591421127319,0.06554382294416428,0.425
293,0.044804103672504425,0.04385539218783378,0.948712162176768,0.06756056100130081,0.5666666666666667
294,0.0448406179745992,0.04378186489144961,1.058753256003062,0.06989506632089615,0.6
295,0.04782914419968923,0.046913598229487735,0.9155463695526123,0.0708405077457428,0.5333333333333333
296,0.045848056425650915,0.04493619774778684,0.9118589758872986,0.0709049254655838,0.475
297,0.04855644603570302,0.04754849225282669,1.0079539934794108,0.0699736624956131,0.5166666666666667
298,0.046267484625180565,0.04532414724429448,0.943337368965149,0.0689850002527237,0.44166666666666665
299,0.044237503161033,0.04339723587036133,0.8402667959531148,0.06782287359237671,0.4
300,0.04584607382615407,0.04481616740425428,1.0299062689145406,0.07060309499502182,0.5583333333333333
301,0.05055632342894872,0.04936009794473648,1.1962259769439698,0.06790082901716232,0.55
302,0.04674291784564654,0.04569563666979472,1.047281265258789,0.06744326651096344,0.575
303,0.04338437120119731,0.042476928482453026,0.9074420611063639,0.0714375451207161,0.525
304,0.04481883173187574,0.04393046572804451,0.8883659323056539,0.07024562358856201,0.4
305,0.046686701476573944,0.04570776149630547,0.978939950466156,0.07303880155086517,0.5416666666666666
306,0.04621787443757057,0.045257547249396644,0.9603274504343668,0.06772692501544952,0.5583333333333333
307,0.045921428501605986,0.04497709199786186,0.9443363865216573,0.06729835271835327,0.5583333333333333
308,0.043872992197672524,0.04301188290119171,0.8611090302467346,0.06658641248941422,0.5833333333333334
309,0.04373887379964193,0.04286777128775914,0.8711022893587749,0.06645854562520981,0.6166666666666667
310,0.043940073996782306,0.04311696191628774,0.8231121261914571,0.0720348060131073,0.575
311,0.047184534122546515,0.04628329078356425,0.9012433966000875,0.06789125502109528,0.5333333333333333
312,0.04388409107923508,0.04305245503783226,0.8316360632578532,0.06930165737867355,0.5333333333333333
313,0.04463628232479096,0.043743165334065755,0.8931172410647075,0.07999121397733688,0.43333333333333335
314,0.04854165067275365,0.047439289589722954,1.1023605704307555,0.0694161206483841,0.43333333333333335
315,0.050191037853558856,0.04900636946161588,1.1846681356430053,0.07171647250652313,0.5166666666666667
316,0.04964303498466809,0.048420688261588414,1.2223469614982605,0.06569664180278778,0.5583333333333333
317,0.04417062352101008,0.043122138579686484,1.048484782377879,0.06469730287790298,0.5
318,0.045461612194776534,0.044545899331569674,0.9157131791114808,0.06816048175096512,0.475
319,0.04428077042102814,0.04328278303146362,0.9979875644048055,0.07093589007854462,0.5666666666666667
320,0.045929235965013505,0.044768123577038445,1.1611125826835633,0.06617839634418488,0.5916666666666667
321,0.05127331018447876,0.0500763088464737,1.1970009048779806,0.07407274097204208,0.5416666666666666
322,0.04894938791791598,0.0478802132109801,1.0691749294598898,0.06436890363693237,0.6
323,0.04553213715553284,0.044676045328378676,0.8560915191968282,0.06922133266925812,0.48333333333333334
324,0.04351639126737913,0.042657735447088875,0.8586554527282715,0.06748748570680618,0.5833333333333334
325,0.044769747803608574,0.043833087136348085,0.9366609613100688,0.06988752633333206,0.4166666666666667
326,0.04415132751067479,0.04321878130237262,0.9325459321339925,0.07147558033466339,0.5416666666666666
327,0.04249593988060951,0.04157264108459155,0.9232988516489665,0.07197503000497818,0.48333333333333334
328,0.044449296593666074,0.043625699480374654,0.823596735795339,0.07021086663007736,0.575
329,0.04418759296337763,0.0433114618062973,0.8761311531066894,0.06693215668201447,0.55
330,0.044959931075572966,0.044131212929884596,0.8287182847658793,0.06923414766788483,0.5
331,0.042979702601830164,0.0421859269340833,0.7937760154406229,0.06827384978532791,0.5833333333333334
332,0.044914600004752475,0.04404405082265536,0.8705487569173177,0.06382641941308975,0.5416666666666666
333,0.04328368032972018,0.04230485695103804,0.978822934627533,0.06851305812597275,0.5083333333333333
334,0.0439623807867368,0.04295450523495674,1.007875386873881,0.06494460999965668,0.5083333333333333
335,0.04502855775256952,0.04413812334338824,0.8904344956080119,0.06901899725198746,0.49166666666666664
336,0.04362230698267619,0.042727380494276684,0.8949266910552979,0.07074689865112305,0.5083333333333333
337,0.043038805077473326,0.042288105189800265,0.7506998022397359,0.06647428125143051,0.49166666666666664
338,0.04328792318701744,0.0424974225461483,0.790500819683075,0.06502106040716171,0.6
339,0.04483392735322316,0.04389153445760409,0.94239262342453,0.06501259654760361,0.43333333333333335
340,0.04556232343117396,0.044563624262809756,0.9986993511517842,0.06910733878612518,0.4583333333333333
341,0.04305075034499169,0.04206675812602043,0.9839921991030375,0.06810685247182846,0.5083333333333333
342,0.04823452929655711,0.047179201742013295,1.0553273638089498,0.06752515584230423,0.48333333333333334
343,0.04653243074814479,0.045439305653174715,1.0931244333585104,0.07102980464696884,0.5416666666666666
344,0.04351634904742241,0.04258819669485092,0.9281524300575257,0.07250788062810898,0.5666666666666667
345,0.04690879409511884,0.04592284709215164,0.9859474182128907,0.06415309756994247,0.43333333333333335
346,0.04617843478918075,0.04528166055679321,0.8967743595441182,0.07228608429431915,0.575
347,0.048296920706828436,0.04737274224559466,0.9241782903671265,0.0664527416229248,0.475
348,0.0422133373717467,0.04137434437870979,0.8389930208524068,0.06919559091329575,0.5083333333333333
349,0.044940587629874545,0.04398076757788658,0.9598196824391683,0.06983497738838196,0.5
350,0.04231486991047859,0.041434554010629655,0.8803159117698669,0.06958485394716263,0.5083333333333333
351,0.045257282257080075,0.04417148381471634,1.085797913869222,0.06935223937034607,0.4583333333333333
352,0.04552030588189761,0.04429098019997279,1.229325501124064,0.06693007051944733,0.5833333333333334
353,0.04314521327614784,0.042287619411945344,0.8575939416885376,0.069960817694664,0.6
354,0.04568755626678467,0.04469278603792191,0.9947696288426717,0.06978290528059006,0.55
355,0.04632013166944186,0.04539258802930514,0.9275440017382304,0.06621945649385452,0.44166666666666665
356,0.04504237249493599,0.04419994279742241,0.8424299359321594,0.06636147946119308,0.5416666666666666
357,0.04338816106319428,0.04249481310447057,0.8933478037516276,0.07410696893930435,0.5583333333333333
358,0.04627034266789754,0.04527719716231028,0.9931453506151835,0.07066728919744492,0.5833333333333334
359,0.04441348264614741,0.04351543808976809,0.8980443159739177,0.07439034432172775,0.5
360,0.045425468931595485,0.04449530641237895,0.9301620841026306,0.07015956938266754,0.575
361,0.04494835411508878,0.043917123973369596,1.0312300086021424,0.07354509830474854,0.425
362,0.04283427894115448,0.041873063519597055,0.9612152655919393,0.06831996887922287,0.5083333333333333
363,0.04484592626492182,0.043756317098935446,1.0896088480949402,0.06949365884065628,0.5583333333333333
364,0.043280085424582164,0.042295049379269284,0.9850360910097758,0.06978999823331833,0.43333333333333335
365,0.0443990983068943,0.04353769545753797,0.8614029248555501,0.07250210642814636,0.43333333333333335
366,0.04538144494096438,0.04437678630153338,1.0046584606170654,0.0768231749534607,0.4583333333333333
367,0.043654781331618625,0.04272852266828219,0.926258138815562,0.06715787202119827,0.45
368,0.043645430356264114,0.04281950145959854,0.8259286284446716,0.06837021559476852,0.55
369,0.043014150982101755,0.042138603329658506,0.8755478938420613,0.06945304572582245,0.575
370,0.043481501191854476,0.04267485539118449,0.8066461722056071,0.06877674162387848,0.5
371,0.042867217461268106,0.04196843380729357,0.8987833897272746,0.07070230692625046,0.43333333333333335
372,0.04684627378980319,0.04588036562005679,0.9659082174301148,0.07018003612756729,0.575
373,0.04345681344469388,0.042468294873833655,0.9885192116101583,0.06662803888320923,0.5833333333333334
374,0.04221256176630656,0.04125567575295766,0.9568857471148173,0.06743475049734116,0.49166666666666664
375,0.043759811917940775,0.042914938554167746,0.8448737223943075,0.07482805103063583,0.55
376,0.046917101244131725,0.04583342981835206,1.083671228090922,0.07163011282682419,0.5583333333333333
377,0.0426992562909921,0.04189199507236481,0.807261049747467,0.07471565157175064,0.43333333333333335
378,0.0428086722890536,0.04198794824381669,0.8207237919171652,0.0756831169128418,0.48333333333333334
379,0.04266294613480568,0.04185988356669744,0.803062641620636,0.06935412436723709,0.5083333333333333
380,0.04142115712165832,0.040570876499017076,0.8502804835637411,0.06648122519254684,0.4
381,0.041673235843578973,0.040887583916385965,0.7856518507003785,0.07132880389690399,0.5333333333333333
382,0.04159625396132469,0.0407990222175916,0.797231912612915,0.0691600888967514,0.6
383,0.04108929758270582,0.040232966840267184,0.8563309073448181,0.06989966332912445,0.375
384,0.04415141890446345,0.042994068811337154,1.1573501149813334,0.0699831172823906,0.475
385,0.044180526336034136,0.043217737972736356,0.9627882560094198,0.0725051611661911,0.5333333333333333
386,0.04271033282081286,0.04176080736021201,0.9495253523190816,0.07515617460012436,0.475
387,0.04500278135140737,0.04404852092266083,0.9542604287465414,0.076008141040802,0.4666666666666667
388,0.04222053711613019,0.04123754774530729,0.9829894701639811,0.07218099385499954,0.5416666666666666
389,0.039744627103209494,0.03893093926211198,0.813688063621521,0.07011130452156067,0.5
390,0.040888284395138426,0.04009692048033078,0.7913640260696411,0.06970572471618652,0.48333333333333334
391,0.043242377291123076,0.042455990612506864,0.7863869508107503,0.07252244651317596,0.5333333333333333
392,0.04367360745867093,0.042700841277837756,0.9727660099665324,0.07010792195796967,0.4083333333333333
393,0.04561005507906278,0.04442640642325083,1.1836487929026285,0.07054855674505234,0.5083333333333333
394,0.04131232611835003,0.04044383292396863,0.8684932033220927,0.07210623472929001,0.5416666666666666
395,0.04302744865417481,0.04204988380273183,0.9775649189949036,0.07191222161054611,0.625
396,0.040961121767759325,0.04013909138739109,0.8220304528872172,0.07379084080457687,0.5333333333333333
397,0.04140520791212718,0.04053414563337962,0.8710625131924947,0.07069424539804459,0.575
398,0.041998524715503055,0.04115820576747258,0.8403183341026306,0.07387818396091461,0.5
399,0.04429463048775991,0.043518971651792526,0.7756582379341126,0.0723366066813469,0.4666666666666667
400,0.04137858649094899,0.04044897307952245,0.9296133478482564,0.0731898695230484,0.5416666666666666
401,0.04135943216582139,0.040515506515900294,0.8439256389935811,0.07340344786643982,0.475
402,0.04266130452354749,0.04171659499406814,0.9447094599405924,0.06479598581790924,0.48333333333333334
403,0.04205171912908554,0.04115728835264842,0.8944307406743367,0.0713890790939331,0.5
404,0.042321489999691646,0.041431473940610884,0.8900159796079,0.07211039215326309,0.5333333333333333
405,0.04212900338073571,0.04123428364594777,0.894719906648,0.07426486909389496,0.55
406,0.041211188832918806,0.040383924792210264,0.8272642374038697,0.07164955139160156,0.4666666666666667
407,0.043583935995896654,0.042739533632993695,0.8444023251533508,0.0682460218667984,0.48333333333333334
408,0.04029514268040657,0.03945701830089092,0.8381242513656616,0.06749683618545532,0.5916666666666667
409,0.047057050714890164,0.04589961916208267,1.1574318567911783,0.07188329100608826,0.49166666666666664
410,0.04624097819129626,0.044841023782889046,1.3999542355537415,0.0665302723646164,0.49166666666666664
411,0.04388338550925255,0.042898353685935336,0.9850314656893412,0.07298006117343903,0.4
412,0.04538524076342583,0.04429562191168467,1.0896183768908183,0.07150726020336151,0.49166666666666664
413,0.041295502334833145,0.040395931154489514,0.8995710968971252,0.07289706915616989,0.44166666666666665
414,0.039543415606021884,0.03883624648054441,0.7071692744890848,0.06865338981151581,0.5333333333333333
415,0.04077629844347636,0.039923643320798875,0.8526552160580952,0.07173347473144531,0.39166666666666666
416,0.03989860117435455,0.039112839847803116,0.7857615788777669,0.07089968025684357,0.625
417,0.04067877357204755,0.03986853075524171,0.8102423548698425,0.06959906965494156,0.5083333333333333
418,0.04317424769202868,0.042384034395217894,0.7902133782704671,0.0797230526804924,0.525
419,0.043146903564532595,0.04231247579058011,0.8344279011090596,0.07175460457801819,0.4583333333333333
420,0.04103701909383138,0.040156063189109165,0.8809558033943177,0.07079747319221497,0.425
421,0.04475993315378825,0.04371784130732218,1.042091965675354,0.08113844692707062,0.575
422,0.04578465446829796,0.044753065705299376,1.031588904062907,0.07190396636724472,0.5
423,0.0411489116648833,0.0403267631928126,0.8221481283505757,0.06862349063158035,0.425
424,0.040454943229754764,0.0396348071595033,0.8201362490653992,0.0692581981420517,0.4666666666666667
425,0.04225423485040665,0.04122417867183685,1.0300556580225626,0.07381100207567215,0.6083333333333333
426,0.04168201461434364,0.04085176835457484,0.8302465836207072,0.06691920012235641,0.5166666666666667
427,0.04087044397989909,0.04014887933929761,0.7215646664301555,0.0723944753408432,0.39166666666666666
428,0.041656841586033506,0.04080747192104658,0.8493690292040507,0.06845596432685852,0.44166666666666665
429,0.04253398428360621,0.04170488230884075,0.8291021585464478,0.06392943859100342,0.5666666666666667
430,0.04300445293386777,0.042137550314267476,0.8669029951095581,0.07098227739334106,0.5166666666666667
431,0.04430414661765099,0.04329295555750529,1.01119122505188,0.07537300884723663,0.5833333333333334
432,0.04297682320078214,0.042095476388931276,0.8813467621803284,0.07535941898822784,0.44166666666666665
433,0.04216575523217519,0.041260847946008046,0.9049071907997132,0.07605927437543869,0.4583333333333333
434,0.039891315748294194,0.039067482699950536,0.8238327463467916,0.07193249464035034,0.43333333333333335
435,0.040960080549120904,0.04008391412595908,0.8761660178502401,0.07141587138175964,0.575
436,0.04086896851658821,0.039945131788651146,0.9238366802533468,0.07123316079378128,0.4666666666666667
437,0.0395518071949482,0.038807709515094754,0.7440978089968363,0.07351547479629517,0.5333333333333333
438,0.04314204926292101,0.04226646721363068,0.8755820989608765,0.0838923305273056,0.4666666666666667
439,0.04527796655893326,0.044198161115249,1.0798052946726482,0.0766834169626236,0.45
440,0.041350793465971945,0.040524404123425485,0.8263892849286397,0.07526124268770218,0.55
441,0.04589602922399839,0.04493691821893056,0.9591109236081441,0.0727577656507492,0.525
442,0.04391665756702423,0.042961596449216204,0.9550608078638713,0.06871668249368668,0.5
443,0.04438708896438281,0.04352672025561333,0.8603685100873312,0.06767799705266953,0.525
444,0.041885301719109216,0.04106951182087262,0.8157899300257365,0.07234102487564087,0.48333333333333334
445,0.043781170000632606,0.0428266815841198,0.9544888695081075,0.06805820018053055,0.4583333333333333
446,0.04283296912908554,0.041955869148174924,0.8771005590756734,0.07313578575849533,0.525
447,0.04273389950394631,0.04184545700748762,0.8884425242741902,0.07731426507234573,0.48333333333333334
448,0.04025732676188151,0.039494822671016054,0.7625036398569743,0.0714212954044342,0.4666666666666667
449,0.04021190255880356,0.03939954452216625,0.8123579223950704,0.07269144803285599,0.575
450,0.04178728635112445,0.04104660550753276,0.7406810839970907,0.07200223207473755,0.5
451,0.04230470011631648,0.04145262613892555,0.852073880036672,0.07179009169340134,0.45
452,0.04026136472821236,0.03941149413585663,0.8498701333999634,0.07163579761981964,0.4166666666666667
453,0.043219262609879176,0.04226310153802236,0.9561605850855509,0.0665445402264595,0.5583333333333333
454,0.048544062425692876,0.04745220045248667,1.091862138112386,0.07738970965147018,0.5166666666666667
455,0.05052996724843979,0.04954867338140805,0.9812939643859864,0.07818259298801422,0.4666666666666667
456,0.04584616074959437,0.04473674446344376,1.1094162066777546,0.07385953515768051,0.39166666666666666
457,0.041354956477880477,0.04053028176228205,0.8246748646100363,0.07278686761856079,0.5083333333333333
458,0.04147544577717781,0.04068810616930326,0.7873395085334778,0.07108379155397415,0.5
459,0.04141160945097606,0.04049892028172811,0.9126891414324443,0.07711293548345566,0.48333333333333334
460,0.045681600272655484,0.044805610676606496,0.8759900212287903,0.07434812188148499,0.5
461,0.04190564155578613,0.04106356253226598,0.8420793096224467,0.0765761211514473,0.5083333333333333
462,0.04217120297253132,0.04134302847087383,0.8281745990117391,0.07481083273887634,0.425
463,0.04167082284887632,0.04083314711848895,0.8376748720804851,0.07230531424283981,0.4
464,0.03947827816009521,0.03871788022418817,0.7603973786036173,0.07337871193885803,0.39166666666666666
465,0.04211666348079841,0.04126240399976571,0.8542597770690918,0.0765216127038002,0.4166666666666667
466,0.04264148622751236,0.04182031452655792,0.821172297000885,0.08277475088834763,0.45
467,0.045171043773492174,0.04409471998612086,1.0763237118721007,0.08025740087032318,0.38333333333333336
468,0.04077443430821101,0.039902804791927336,0.8716296593348185,0.07548584043979645,0.5
469,0.0429979828496774,0.042104255904754,0.8937268495559693,0.07940012961626053,0.6083333333333333
470,0.041344667226076125,0.0404380848010381,0.9065823117891948,0.07829397916793823,0.4666666666666667
471,0.0418235478301843,0.041068033998211226,0.7555143276850382,0.08736751973628998,0.5166666666666667
472,0.044886331011851625,0.04409636780619621,0.7899633288383484,0.08253371715545654,0.5416666666666666
473,0.04396500637133916,0.0429335206747055,1.0314855257670084,0.079279825091362,0.49166666666666664
474,0.03917084038257599,0.03839503638446331,0.7758041818936666,0.07937347888946533,0.5
475,0.04075656160712242,0.03992982183893522,0.8267397960027059,0.08537312597036362,0.55
476,0.0484638142089049,0.047355253249406815,1.1085613290468852,0.07484173029661179,0.575
477,0.043792309860388436,0.04275163548688094,1.0406737565994262,0.07654007524251938,0.5
478,0.0398391991853714,0.03896452610691389,0.8746732592582702,0.07513405382633209,0.4583333333333333
479,0.04139133890469869,0.040510269502798714,0.8810690442721049,0.08291894197463989,0.43333333333333335
480,0.044470989455779396,0.04324016273021698,1.230826489130656,0.07549884170293808,0.4166666666666667
481,0.040608614186445874,0.039640611658493675,0.9680023829142252,0.07403245568275452,0.6
482,0.041089783608913424,0.04021147613724073,0.8783077200253805,0.07190027087926865,0.525
483,0.041681707526246704,0.040752780189116794,0.9289273500442505,0.07241668552160263,0.5333333333333333
484,0.0407493818551302,0.03992553936938445,0.8238419373830159,0.07233814895153046,0.44166666666666665
485,0.03975935392081738,0.03900782925387224,0.7515244483947754,0.06967299431562424,0.4583333333333333
486,0.03910598779718081,0.03823694710930189,0.8690405249595642,0.07032637298107147,0.5416666666666666
487,0.04115214223663012,0.04011899853746096,1.0331437746683756,0.07085796445608139,0.48333333333333334
488,0.03805431611835956,0.03721744331220786,0.836873193581899,0.07626106590032578,0.5083333333333333
489,0.04091262755294641,0.039993050942818326,0.9195767164230346,0.07741250097751617,0.475
490,0.04179423078894615,0.04091770475109418,0.8765262325604757,0.07211358100175858,0.5416666666666666
491,0.04051108111937841,0.03973337908585866,0.7777020533879598,0.0673028901219368,0.525
492,0.03924758943418662,0.03848004986842473,0.7675392985343933,0.0731530636548996,0.5416666666666666
493,0.039211648205916085,0.03842964184780916,0.7820060729980469,0.07651858031749725,0.5
494,0.04144764666755994,0.040653637548287706,0.7940093517303467,0.07699175924062729,0.44166666666666665
495,0.04120403677225113,0.040237483630577726,0.9665527105331421,0.0702793151140213,0.4666666666666667
496,0.042358868817488356,0.04132661744952202,1.0322515487670898,0.06944307684898376,0.5666666666666667
497,0.040522737552722295,0.03943216552337011,1.090572214126587,0.07703812420368195,0.425
498,0.04157560095191002,0.0404290609061718,1.1465400377909343,0.07599024474620819,0.4083333333333333
499,0.04042043487230937,0.039511463791131976,0.9089712381362915,0.08352506160736084,0.45
500,0.042582026372353234,0.041559129705031714,1.022896444797516,0.07674933969974518,0.375
