epoch,train_loss,mse_loss,trend_loss,val_mse,val_mae,val_trend_acc
0,0.1597737818956375,0.13999359800169867,19.780184841156007,0.015046629123389721,0.09896863996982574,0.4375
1,0.02225710532317559,0.016827997037520012,5.429108158747355,0.0047213356010615826,0.05148392543196678,0.4166666666666667
2,0.008518162711213032,0.005183481751009822,3.3346807956695557,0.0023565099108964205,0.03587488830089569,0.4583333333333333
3,0.005745012095818917,0.0034409662708640098,2.3040457804997763,0.0011058729141950607,0.024393416941165924,0.5208333333333334
4,0.0042118551520009834,0.0024134457111358643,1.7984093189239503,0.000978976022452116,0.02296668291091919,0.5625
5,0.0035451249219477176,0.002081330252500872,1.4637945810953776,0.0010457499884068966,0.02486637979745865,0.4791666666666667
6,0.0032497487962245943,0.0019205916246088843,1.3291570703188578,0.0008270075195468962,0.022176604717969894,0.5416666666666666
7,0.0030576594329128665,0.0018150960560888052,1.2425632754961649,0.0010816686553880572,0.027079720050096512,0.5
8,0.0033109542913734914,0.0019237990879143279,1.3871551275253295,0.0010209938045591116,0.026288220658898354,0.5
9,0.0028607620236774287,0.0016497380255411068,1.2110239307085673,0.0013393521076068282,0.029091421514749527,0.5416666666666666
10,0.0032747294132908183,0.0018809877956906954,1.3937415758768716,0.0008523024735040963,0.021250585094094276,0.4375
11,0.002758616597081224,0.0016101046523544938,1.1485118508338927,0.0007331546512432396,0.019411493092775345,0.4166666666666667
12,0.002892717602662742,0.0016445244623658557,1.248193101088206,0.0010978053323924541,0.026976177468895912,0.5208333333333334
13,0.002975514593223731,0.0016288495001693566,1.3466650644938152,0.0013687810860574245,0.03110833279788494,0.4375
14,0.003047912831728657,0.001588051797201236,1.4598609368006388,0.0013684580335393548,0.02915542759001255,0.4791666666666667
15,0.0032296564740439257,0.0016573746882689495,1.5722817301750183,0.00082119379658252,0.021634163334965706,0.4583333333333333
16,0.0025790364636729163,0.0014045714982785285,1.1744649608929951,0.0007831963594071567,0.021322645246982574,0.4166666666666667
17,0.0023688701136658588,0.0013533073749082785,1.0155626773834228,0.0010849222308024764,0.02597593516111374,0.4166666666666667
18,0.002565432991832495,0.0014118905450838308,1.153542399406433,0.0010535615729168057,0.026458919048309326,0.5
19,0.002558830566704273,0.001390191784594208,1.1686387419700623,0.0009594961884431541,0.024595558643341064,0.5208333333333334
20,0.0026485858329882224,0.0013752528117038309,1.273332945505778,0.0008799543138593435,0.022075217217206955,0.4375
21,0.002731951931491494,0.0014130413493451974,1.3189105113347372,0.000879045226611197,0.022726519033312798,0.4791666666666667
22,0.0027893440797924995,0.0014061742889073987,1.3831697463989259,0.001206731772981584,0.028713250532746315,0.4166666666666667
23,0.003323898247132699,0.0015238817897625268,1.8000163555145263,0.0007817233563400805,0.020433459430933,0.4791666666666667
24,0.0026313459190229573,0.0013659271877259015,1.2654187043507894,0.0009568209643475711,0.024425607174634933,0.4375
25,0.002567153004929423,0.0013278009563994905,1.2393519401550293,0.0010065404931083322,0.02421678975224495,0.5208333333333334
26,0.002718810861309369,0.0013508866463477413,1.3679241816202798,0.0008655794663354754,0.021866554394364357,0.4583333333333333
27,0.0028155294712632895,0.0013762921405335268,1.4392372608184814,0.000919198733754456,0.025401052087545395,0.4791666666666667
28,0.002362641024713715,0.0012758728892852862,1.086768090724945,0.0006454980466514826,0.020203236490488052,0.5416666666666666
29,0.002063548075966537,0.0011838080128654838,0.879740039507548,0.0008683994528837502,0.02243860252201557,0.4583333333333333
30,0.002804834279231727,0.0013431950472295284,1.4616391897201537,0.0016432696720585227,0.03369126096367836,0.5208333333333334
31,0.0031425690433631343,0.0014722391109292705,1.6703298568725586,0.000717008369974792,0.01788155362010002,0.5833333333333334
32,0.002829545550048351,0.001346754926877717,1.4827905495961506,0.0013242532731965184,0.02831888012588024,0.375
33,0.002472834444294373,0.0013296153473978242,1.1432190457979838,0.000723202945664525,0.020391132682561874,0.5
34,0.002205805092429121,0.001173612455992649,1.032192556063334,0.0007594279595650733,0.020795635879039764,0.5208333333333334
35,0.002784667924667398,0.00138279446400702,1.4018733938535055,0.0009971556719392538,0.025363031774759293,0.5
36,0.0028520480108757814,0.0013528489624150097,1.4991989811261495,0.0008110933122225106,0.022673262283205986,0.5416666666666666
37,0.002415746838475267,0.001308326500778397,1.107420265674591,0.0009529681410640478,0.020090023055672646,0.5833333333333334
38,0.0023209200395892062,0.0012934209390853843,1.0274990598360698,0.0008389785652980208,0.023939915001392365,0.4791666666666667
39,0.0022691937318692606,0.0012289753222527603,1.0402183612187703,0.0011483744019642472,0.02741938643157482,0.5208333333333334
40,0.002663695067167282,0.0013081596310560901,1.3555353919665019,0.0008578908746130764,0.021656323224306107,0.4791666666666667
41,0.002312189736403525,0.0012163064015718798,1.09588330189387,0.000756813446059823,0.02278934232890606,0.4583333333333333
42,0.0021239979347834983,0.0011277074071889123,0.9962904890378316,0.0006339200190268457,0.01927158609032631,0.5416666666666666
43,0.0021101227573429543,0.0011128496029414237,0.9972731113433838,0.0009025820763781667,0.020628387108445168,0.5833333333333334
44,0.0022491708863526584,0.0011835913872346282,1.0655794342358906,0.000731258827727288,0.022357691079378128,0.5208333333333334
45,0.002289142032774786,0.0011499718530103564,1.1391701022783915,0.0006607651012018323,0.01831400766968727,0.5625
46,0.002359688476038476,0.0012331043641703825,1.1265840450922648,0.00097640510648489,0.02424789033830166,0.4791666666666667
47,0.002611653584366043,0.001257061803092559,1.354591715335846,0.0006329455645754933,0.01887725666165352,0.5416666666666666
48,0.0025529998587444425,0.0012971467571333052,1.255853029092153,0.0011244321940466762,0.025899136438965797,0.5
49,0.002794125070795417,0.0015915146640812358,1.2026103297869364,0.0014360868372023106,0.030741926282644272,0.4583333333333333
50,0.002674535180752476,0.0014262379767994086,1.248297095298767,0.0006548793171532452,0.01875067874789238,0.5208333333333334
51,0.002542881644330919,0.001312574934369574,1.2303066849708557,0.0006565853836946189,0.019677750766277313,0.5416666666666666
52,0.0023122146570434174,0.0011994998979692657,1.1127147237459818,0.0010247499449178576,0.025891777127981186,0.4375
53,0.002598708247145017,0.001263752292531232,1.334955926736196,0.0008369514835067093,0.02317328006029129,0.5208333333333334
54,0.002416227292269468,0.0012836130685172976,1.1326141635576883,0.000635499251075089,0.01826607994735241,0.5208333333333334
55,0.0021465693600475786,0.0011737586930394173,0.9728106419245403,0.0013628726592287421,0.02871660701930523,0.5416666666666666
56,0.002214627806097269,0.0012081345194019377,1.0064932266871134,0.0007641578558832407,0.022242693230509758,0.5
57,0.002361354821672042,0.0011666236561723054,1.194731096426646,0.0006999000324867666,0.019605271518230438,0.5208333333333334
58,0.0021194278029724955,0.0011278879440700014,0.9915398001670838,0.0007754586404189467,0.022732073441147804,0.5
59,0.002633910533040762,0.0012623819095703463,1.3715285380681357,0.0012730362359434366,0.028556155040860176,0.5416666666666666
60,0.0024994063734387357,0.0012931136724849543,1.2062926332155863,0.000753140018787235,0.022888263687491417,0.5
61,0.002279461749518911,0.001246522394164155,1.0329393068949382,0.0009217620245181024,0.026245707646012306,0.5208333333333334
62,0.0022255073999986053,0.0012579079096515973,0.9675994594891866,0.0005545224412344396,0.01750180870294571,0.5416666666666666
63,0.002573517539228002,0.0014052973361685871,1.1682201504707337,0.0006962096667848527,0.020086858421564102,0.4375
64,0.0025935726162667075,0.0015128827847850819,1.0806898117065429,0.0006340703112073243,0.019093774259090424,0.5625
65,0.002093659907889863,0.001157840946689248,0.9358189225196838,0.0008786966791376472,0.021359656006097794,0.5208333333333334
66,0.0022715413011610507,0.001188916941949477,1.0826242764790852,0.0011098344111815095,0.028654323890805244,0.5
67,0.0024470247405891615,0.0012887575236770015,1.1582671721776328,0.0008747202227823436,0.024297358468174934,0.5208333333333334
68,0.0026602440203229586,0.0012514702781724434,1.408773708343506,0.0008633047109469771,0.023255255073308945,0.4375
69,0.002334846439771354,0.0012819113830725352,1.052934996287028,0.002083786763250828,0.03852938860654831,0.5208333333333334
70,0.003598843902970354,0.001664601662196219,1.9342421611150107,0.0011005965061485767,0.025949005037546158,0.5208333333333334
71,0.0030864220423003036,0.001500320543224613,1.5861013491948446,0.001159659936092794,0.026160115376114845,0.5625
72,0.002257327316328883,0.0011453373202433188,1.1119899471600851,0.0008558263652957976,0.020970355719327927,0.5625
73,0.002600179659202695,0.0014505847512433926,1.1495948592821756,0.0007358409347943962,0.022255297750234604,0.4583333333333333
74,0.0026044009408603113,0.001352374942507595,1.2520259420077007,0.000637626217212528,0.01983541063964367,0.5416666666666666
75,0.0025217425000543395,0.0012955510096314053,1.226191473007202,0.0007943534874357283,0.023350410163402557,0.4791666666666667
76,0.0023083909492318828,0.0011851265095174312,1.1232644001642862,0.0014384841779246926,0.028620745986700058,0.5208333333333334
77,0.0025138620131959517,0.0012545907598299284,1.2592711965243022,0.0011896786745637655,0.027913594618439674,0.6041666666666666
78,0.0023995350347831845,0.0013218102821459373,1.0777246793111166,0.0009095199638977647,0.0250479057431221,0.5416666666666666
79,0.002324532895969848,0.001152333590046813,1.1721992492675781,0.0007128366851247847,0.01921648159623146,0.5208333333333334
80,0.00250400776664416,0.001210564801779886,1.2934428930282593,0.0006655135657638311,0.020863737910985947,0.5833333333333334
81,0.002107304707169533,0.0010798803453023235,1.0274243195851644,0.0006803476135246456,0.020864205434918404,0.5416666666666666
82,0.002146203195055326,0.001124023785814643,1.022179373105367,0.0009388613398186862,0.02273164875805378,0.5833333333333334
83,0.002499353311335047,0.0013836033836317559,1.1157498319943746,0.0008658227743580937,0.023041997104883194,0.5
84,0.0021436410723254086,0.0011365173268131912,1.0071236968040467,0.0007698083645664155,0.023352771997451782,0.5416666666666666
85,0.002060934086330235,0.0011287357076071203,0.9321983337402344,0.0006302326801232994,0.01809629611670971,0.5208333333333334
86,0.002421735894555847,0.0012830102544588347,1.1387255668640137,0.001109595992602408,0.0279510710388422,0.5208333333333334
87,0.003171393120040496,0.0014758379004585246,1.6955551465352376,0.0012088465737178922,0.026715479791164398,0.5208333333333334
88,0.0031389213632792234,0.0016302852192893625,1.5086360931396485,0.0008236145367845893,0.0201885886490345,0.5208333333333334
89,0.0021503212085614604,0.0011672622252566118,0.9830589294433594,0.0010400597238913178,0.0234786756336689,0.5625
90,0.002395510130251447,0.001283799868542701,1.1117102225621542,0.0014225916238501668,0.02702716365456581,0.5208333333333334
91,0.0022837757365778088,0.0011461063288152218,1.1376693367958068,0.0006596313905902207,0.019100314006209373,0.5416666666666666
92,0.0018892171249414484,0.0010214941226877271,0.8677229483922323,0.0007762269233353436,0.018621403723955154,0.5833333333333334
93,0.002311406486357252,0.0012033599467637637,1.1080464919408162,0.0009791776537895203,0.024831710383296013,0.3958333333333333
94,0.0025585131098826725,0.0012011413152019184,1.357371723651886,0.0005905384314246476,0.018082106485962868,0.6458333333333334
95,0.002045807739098867,0.0010502187069505453,0.9955889582633972,0.001800134195946157,0.03665421903133392,0.4375
96,0.002989855765675505,0.0014494745410047472,1.5403811454772949,0.0009842757135629654,0.024300646036863327,0.4166666666666667
97,0.0030417050079753,0.0013698395380439857,1.6718653837839763,0.001098871580325067,0.025175929069519043,0.5208333333333334
98,0.0028297499753534793,0.001314289472065866,1.5154604236284892,0.001195702818222344,0.028044750913977623,0.5625
99,0.0029723011888563634,0.0014223808965956172,1.5499202171961466,0.001151839504018426,0.029041524976491928,0.4791666666666667
100,0.0027400508833428225,0.0013305324168565373,1.4095184167226156,0.0011251551331952214,0.026021532714366913,0.5833333333333334
101,0.0022872741256530086,0.0011334838733697932,1.1537901878356933,0.0010590662714093924,0.02543003298342228,0.5208333333333334
102,0.002517363072062532,0.0011301990520829956,1.3871639768282573,0.0006693097529932857,0.020241474732756615,0.5208333333333334
103,0.002478640611904363,0.0011184440304835637,1.3601965228716533,0.00056415272410959,0.018745331093668938,0.5833333333333334
104,0.0021825699523712197,0.0011567115667276084,1.0258582949638366,0.0008229483501054347,0.024066153913736343,0.5208333333333334
105,0.0020988603743414083,0.00107487563121443,1.023984702428182,0.0006326832226477563,0.017227403819561005,0.5208333333333334
106,0.0020845373238747317,0.001051940016138057,1.0325972080230712,0.0009195171878673136,0.022072432562708855,0.5416666666666666
107,0.0024783326623340446,0.0013513045307869712,1.1270280718803405,0.0012847559992223978,0.027034278959035873,0.4583333333333333
108,0.002923923684284091,0.0014612581270436445,1.4626654704411826,0.0012939084554091096,0.02867625281214714,0.5625
109,0.0026496661361306907,0.0013645398896187544,1.2851261536280314,0.0013924847589805722,0.030067376792430878,0.5625
110,0.0027763198828324675,0.0013377256458625198,1.4385941942532858,0.00123050925321877,0.02771071158349514,0.5625
111,0.00209985226392746,0.0011163736848781507,0.9834785540898641,0.0008830878650769591,0.023606671020388603,0.5208333333333334
112,0.001858142577111721,0.0009893509132477144,0.8687916239102681,0.0009181281202472746,0.024900643154978752,0.5625
113,0.002129043623184164,0.0011374601977877318,0.9915833671887716,0.0013374625705182552,0.028646478429436684,0.5208333333333334
114,0.00250275485838453,0.0012686696213980516,1.234085202217102,0.0010829708771780133,0.028501076623797417,0.5
115,0.002450445434078574,0.0013211125701976319,1.1293328166007996,0.000517617620062083,0.01726642996072769,0.5833333333333334
116,0.0021653063440074524,0.0011019790855546793,1.063327185312907,0.0007209332543425262,0.020788749679923058,0.625
117,0.0020034568073848884,0.0010747403255663812,0.9287164648373921,0.0012541287578642368,0.032019589096307755,0.5625
118,0.002344830233293275,0.0013359734943757455,1.008856681982676,0.0007158321677707136,0.021046441048383713,0.5
119,0.00225556130365779,0.0011451123127092918,1.110448964436849,0.0009178692125715315,0.025979528203606606,0.4791666666666667
120,0.0020097774143020314,0.001103239122312516,0.9065382560094197,0.0008353051962330937,0.02299162559211254,0.4583333333333333
121,0.0021981291317691404,0.0011268357591082653,1.0712933222452798,0.0010057776235044003,0.024483658373355865,0.5208333333333334
122,0.0021733042240763703,0.0010564034765896699,1.1169006903966268,0.00094747100956738,0.024982143193483353,0.5208333333333334
123,0.0030579346387336654,0.001357189880218357,1.7007446765899659,0.0008307701791636646,0.02385135553777218,0.5416666666666666
124,0.003047531408568223,0.001353893952909857,1.6936373949050902,0.000868592644110322,0.023108070716261864,0.5208333333333334
125,0.002224147265466551,0.0010663969325833023,1.1577502608299255,0.0008279234170913696,0.022482721135020256,0.4375
126,0.0021460399962961673,0.001129467812522004,1.016572149594625,0.0005560709978453815,0.018510304391384125,0.5833333333333334
127,0.00205724760890007,0.0010471371041300395,1.0101104458173116,0.0007539467769674957,0.021113866940140724,0.4583333333333333
128,0.0024319743349527317,0.0011082124275465807,1.3237617890040079,0.0012421298306435347,0.024660514667630196,0.5208333333333334
129,0.0021423889712120095,0.0010706955644612512,1.0716933449109396,0.0007208918104879558,0.021436268463730812,0.4583333333333333
130,0.0018590195958192149,0.0009922682928542295,0.8667512853940328,0.000832154240924865,0.023647984489798546,0.5208333333333334
131,0.002094104715312521,0.001034556038212031,1.0595486362775166,0.0007096434128470719,0.021698273718357086,0.4791666666666667
132,0.00233221350548168,0.0011996825186846157,1.1325309514999389,0.0009401050047017634,0.02368069812655449,0.5208333333333334
133,0.0024998297449201345,0.001128058647736907,1.3717710574467976,0.000993220368400216,0.024178387597203255,0.4375
134,0.0024038156339277823,0.0011728054300571482,1.231010131041209,0.0015019257552921772,0.031822338700294495,0.4791666666666667
135,0.0025312010354051986,0.0012657239257047573,1.2654770334561667,0.0007706207688897848,0.0225639920681715,0.4791666666666667
136,0.0018342723371461034,0.0009735250515708079,0.860747238000234,0.0008162338635884225,0.024430125951766968,0.5625
137,0.0023342420502255362,0.0012168439066347976,1.1173980712890625,0.0008602222078479826,0.023868093267083168,0.5416666666666666
138,0.002392063483906289,0.0011322594014927744,1.2598040541013082,0.0007019927143119276,0.021049948409199715,0.4375
139,0.0020324650298183164,0.0009911261848174035,1.04133882522583,0.0007113275351002812,0.021215161308646202,0.5
140,0.002060936647467315,0.0011248162404323618,0.936120355129242,0.0006888450589030981,0.01911558024585247,0.5416666666666666
141,0.0020345244323834778,0.0009963283431716264,1.038196043173472,0.0011104928562417626,0.0266018845140934,0.5625
142,0.0026125245184327166,0.0011899372252325217,1.4225872119267782,0.0010747292544692755,0.029470335692167282,0.5
143,0.002451344672590494,0.0012669998453930021,1.184344756603241,0.0009289257577620447,0.02420840971171856,0.5208333333333334
144,0.0022725903739531836,0.0010879675353256365,1.1846227963765463,0.0011656819842755795,0.026833994314074516,0.5208333333333334
145,0.00257916656943659,0.0011602951058497031,1.4188714265823363,0.0008651617099530995,0.022020507603883743,0.5208333333333334
146,0.0024607319850474597,0.0011534991324879229,1.3072328329086305,0.0008742192876525223,0.024082733318209648,0.5625
147,0.002285793493501842,0.0011471719830296935,1.138621461391449,0.0006324538262560964,0.020464647561311722,0.6041666666666666
148,0.002312245584713916,0.001032231554078559,1.2800139983495076,0.0007267923792824149,0.022572385147213936,0.5625
149,0.0024903727074464164,0.001195740889913092,1.2946317513783774,0.0009386244346387684,0.02617325633764267,0.6458333333333334
150,0.0025674451996261873,0.001397267666955789,1.1701774915059409,0.0017621595179662108,0.03808047994971275,0.5
151,0.002502453699707985,0.0012935699002506833,1.208883766333262,0.0009930613450706005,0.025309782475233078,0.5208333333333334
152,0.0021841137359539667,0.001104931595424811,1.0791820724805197,0.0006298857624642551,0.01960860565304756,0.5208333333333334
153,0.002185816876590252,0.0010898577864281833,1.0959590156873067,0.0011944618308916688,0.027990292757749557,0.4166666666666667
154,0.002215865293207268,0.0011502286147636672,1.0656366030375162,0.0013950855936855078,0.03247407451272011,0.4791666666666667
155,0.002090931194834411,0.0011033947307926913,0.9875364065170288,0.000609261856880039,0.018937982618808746,0.4583333333333333
156,0.0018389977437133591,0.0010120242446040113,0.8269734422365824,0.0012967768125236034,0.026152849197387695,0.5833333333333334
157,0.002634020010009408,0.0013792836068508526,1.254736336072286,0.00120754714589566,0.02451396733522415,0.5625
158,0.0024458111729472876,0.0012127068708650767,1.2331042369206746,0.0005939352558925748,0.020308153703808784,0.625
159,0.001872026074367265,0.0010285376726339261,0.8434883673985799,0.0007510501309297979,0.021995995193719864,0.3958333333333333
160,0.0022731167109062275,0.0011912893465099235,1.0818272988001505,0.001333588152192533,0.029594896361231804,0.4791666666666667
161,0.0029666656938691933,0.0014723992091603578,1.4942663788795472,0.0009305785642936826,0.026671113446354866,0.5
162,0.002403774958414336,0.001226144617733856,1.1776302695274352,0.000638164347037673,0.0193830244243145,0.5625
163,0.0019560773236056168,0.0009731159235040347,0.9829613407452901,0.0006869064527563751,0.01826983317732811,0.5416666666666666
164,0.0018577403699358305,0.0009402431004370252,0.9174972494443258,0.0012613340513780713,0.027963770553469658,0.5208333333333334
165,0.002539176098071039,0.0011992420147483548,1.3399340430895488,0.0005999932764098048,0.0189026091247797,0.4583333333333333
166,0.0018291052741309006,0.0009482122608460486,0.8808929443359375,0.0008926570299081504,0.02369210310280323,0.5208333333333334
167,0.0023035004812603193,0.0011157099856063724,1.1877904216448465,0.000632678100373596,0.017495254054665565,0.5
168,0.002673375591014822,0.001184833759907633,1.4885417819023132,0.0007722657755948603,0.021322838962078094,0.5625
169,0.0023798125485579172,0.0011164164093012611,1.2633960604667664,0.0007597659132443368,0.022289562970399857,0.4791666666666667
170,0.002584800240583718,0.001256482695074131,1.3283174991607667,0.0009655030444264412,0.02484971471130848,0.5625
171,0.0024944704802085955,0.0011980473684767882,1.296423065662384,0.0009957897709682584,0.022621916607022285,0.5208333333333334
172,0.00206078269208471,0.001106625310300539,0.9541573405265809,0.0006010748911648989,0.01784178428351879,0.4166666666666667
173,0.0020592874692132077,0.0010254820187886556,1.0338053901990254,0.0006736922659911215,0.020726632326841354,0.5208333333333334
174,0.002183474142414828,0.0011706641254325709,1.0128100117047627,0.0007174591301009059,0.019890954717993736,0.5416666666666666
175,0.002134869845273594,0.0010028360256304344,1.1320337812105814,0.0009041223092935979,0.024064606055617332,0.5416666666666666
176,0.002489127893932164,0.0011578391461322705,1.3312887032826741,0.0006692376337014139,0.019277423620224,0.5
177,0.002355322381481528,0.0010668942045109968,1.2884281357129415,0.000913084193598479,0.023400481790304184,0.4166666666666667
178,0.0020511937405293186,0.001015332550741732,1.0358611464500427,0.0007912213332019746,0.02179091051220894,0.4166666666666667
179,0.0020297402748838066,0.0010371908739519617,0.9925493717193603,0.0008036395302042365,0.022379692643880844,0.5
180,0.0023528530029579995,0.0010943420832821478,1.2585108598073325,0.0010260564740747213,0.025784162804484367,0.4583333333333333
181,0.002087660444279512,0.001018467906396836,1.0691925128300985,0.0010123734828084707,0.025119228288531303,0.5416666666666666
182,0.0022138784096265834,0.0012571890372782945,0.9566893100738525,0.0011358560295775533,0.02593628689646721,0.4166666666666667
183,0.0024499021315326293,0.00131548335775733,1.1344187577565512,0.0009731135796755552,0.02322462387382984,0.5416666666666666
184,0.0018105086171999573,0.0009555516337665419,0.8549569209416708,0.0010038892505690455,0.022809743881225586,0.5625
185,0.0021082536860679586,0.0011022278612169126,1.006025763352712,0.0009037150302901864,0.020582742989063263,0.5208333333333334
186,0.0020607306544358534,0.0010364751641949018,1.0242554823557535,0.0020320883486419916,0.035706207156181335,0.5208333333333334
187,0.002799108950421214,0.0014101049047894776,1.3890039801597596,0.000977852614596486,0.02262754552066326,0.5
188,0.0021846223544950286,0.0011563268567745884,1.0282954096794128,0.0007206464651972055,0.018456032499670982,0.625
189,0.001921552085938553,0.0009790845642176768,0.9424675027529399,0.0007773312972858548,0.02293357625603676,0.5833333333333334
190,0.0018991845427080989,0.0009808460056471328,0.9183384815851847,0.0005594036774709821,0.01826680824160576,0.5625
191,0.0019016800913959741,0.0009875864100952942,0.9140936533610026,0.0007225240697152913,0.021458715200424194,0.5625
192,0.0022802325586477917,0.001117674990867575,1.1625575264294943,0.0007222208078019321,0.018426857888698578,0.5208333333333334
193,0.002039220960189899,0.0010769768656852345,0.9622440338134766,0.0008781939977779984,0.021312197670340538,0.5416666666666666
194,0.00197964437926809,0.0009689507423900068,1.0106935501098633,0.0012463937746360898,0.027169842272996902,0.6458333333333334
195,0.0025700236515452464,0.0012005355092696846,1.3694880684216817,0.0008325591334141791,0.020572328940033913,0.4375
196,0.002308366921109458,0.0010959611701158187,1.2124056975046793,0.0010229493491351604,0.024101369082927704,0.4583333333333333
197,0.002709477418102324,0.0011807556419322887,1.5287216782569886,0.0013719911221414804,0.029705649241805077,0.4166666666666667
198,0.002210754482075572,0.0011026159355727336,1.1081385294596353,0.0006439522258006036,0.01895652897655964,0.5208333333333334
199,0.0018206763779744506,0.0009373431404431661,0.8833331982294719,0.0009238739148713648,0.022796358913183212,0.5416666666666666
200,0.0021789446317901215,0.0010603790908741454,1.1185654759407044,0.000671406218316406,0.017366396263241768,0.5416666666666666
201,0.0019110985100269317,0.0010160467587411403,0.8950517098108928,0.0007817414007149637,0.023407844826579094,0.6458333333333334
202,0.0018334008598079284,0.0009948731283657252,0.8385276953379314,0.0009632130386307836,0.025888897478580475,0.375
203,0.0020450673764571548,0.0010190102892617384,1.0260570406913758,0.0008034009370021522,0.02202484756708145,0.3958333333333333
204,0.0018078575376421213,0.0009097978433904549,0.8980596701304118,0.0009612271096557379,0.02654540166258812,0.5833333333333334
205,0.002483011083677411,0.0011643555325766405,1.31865549882253,0.0006312655168585479,0.020715486258268356,0.6875
206,0.002408691627594332,0.0010966666198025147,1.3120249470074972,0.001383428112603724,0.030894625931978226,0.5208333333333334
207,0.0024515178985893725,0.0011766928092887005,1.2748250007629394,0.0006926198839209974,0.020623862743377686,0.5208333333333334
208,0.0021048591860259574,0.0009868390741758048,1.1180200775464375,0.001014849403873086,0.02694520354270935,0.5
209,0.0019776495406404137,0.0009606832929421217,1.0169662316640218,0.0006169927655719221,0.019416464492678642,0.5208333333333334
210,0.0022353214987864095,0.0010478458328483005,1.187475605805715,0.0006087140645831823,0.01821029931306839,0.5625
211,0.0024027367665742836,0.001038208658186098,1.3645280480384827,0.0007625485304743052,0.022344810888171196,0.5833333333333334
212,0.0021423239959403872,0.0009859578839192787,1.1563660621643066,0.0007226718007586896,0.021979590877890587,0.5208333333333334
213,0.0024204827301825085,0.0010895056650042534,1.3309769988059998,0.0005781809450127184,0.01854822412133217,0.5625
214,0.002037462149746716,0.0009947149665094912,1.0427471121152243,0.0008804367389529943,0.02171332761645317,0.3958333333333333
215,0.0020581355318427088,0.001078305917326361,0.9798295776049296,0.0012306143762543797,0.026483910158276558,0.5208333333333334
216,0.0019401013463114698,0.0010257942602038383,0.9143070459365845,0.0010014679282903671,0.024358529597520828,0.4583333333333333
217,0.0020932703201348582,0.0010613605535278717,1.0319096883138021,0.0009069733205251396,0.021457981318235397,0.5416666666666666
218,0.0017031721382712325,0.0008972170413471759,0.8059550722440084,0.000670700566843152,0.018545694649219513,0.5625
219,0.0018760259418437878,0.0009392367792315781,0.9367890993754069,0.0010264978045597672,0.023744095116853714,0.5416666666666666
220,0.0023434618022292854,0.0011009873822331428,1.242474369208018,0.0005852252943441272,0.017808174714446068,0.5833333333333334
221,0.0018892643119518956,0.0008774737982700268,1.0117904504140218,0.0005917910020798445,0.01855432614684105,0.5416666666666666
222,0.0017589595324049394,0.0009127648004020254,0.8461946527163188,0.0006819103145971894,0.019182341173291206,0.5208333333333334
223,0.0019678952482839423,0.001073645963333547,0.8942492405573527,0.0006331581971608102,0.019603321328759193,0.6458333333333334
224,0.0020013704740752774,0.0009516919225764771,1.0496785163879394,0.000651434704195708,0.020343387499451637,0.4791666666666667
225,0.001897147965307037,0.0009686320515659948,0.9285158594449361,0.0007894663722254336,0.02186335250735283,0.5416666666666666
226,0.002360275116128226,0.0010492388741113246,1.311036185423533,0.0011967842001467943,0.02562742680311203,0.5416666666666666
227,0.002145858535853525,0.0009961482835933566,1.149710194269816,0.0008623210014775395,0.02368474006652832,0.4375
228,0.0025632510737826427,0.0012171033731040856,1.346147632598877,0.0009392419015057385,0.022686855867505074,0.5208333333333334
229,0.0023491274875899154,0.0013152442251642546,1.0338831782341003,0.0008853729814291,0.022364342585206032,0.625
230,0.001904392793464164,0.0010357634668859343,0.8686293085416158,0.0008498322567902505,0.02440508082509041,0.4791666666666667
231,0.0020752538926899432,0.0009958398256761332,1.0794140219688415,0.001214867690578103,0.025943903252482414,0.4375
232,0.0021481491470088563,0.0010542459087446332,1.0939031839370728,0.0007078605121932924,0.02074027992784977,0.5416666666666666
233,0.00184438347350806,0.0009360947102929155,0.9082887132962545,0.0008973258663900197,0.02275913581252098,0.5625
234,0.002447481771620611,0.001151017165587594,1.2964645346005759,0.0009347765590064228,0.023562097921967506,0.5416666666666666
235,0.0023379858893652758,0.0011421782585481802,1.1958075563112895,0.0006451019435189664,0.018699772655963898,0.5625
236,0.0021330059583609304,0.0010124748727927606,1.1205310503641763,0.001584122539497912,0.03109380044043064,0.4375
237,0.002527073087791602,0.0011791227074960868,1.347950315475464,0.0012271628947928548,0.030787872150540352,0.5
238,0.002401435871918996,0.0013540440044986705,1.0473918358484904,0.001361484290100634,0.03058997355401516,0.5
239,0.0028130612956980866,0.0014335438647928337,1.3795173486073813,0.001139083644375205,0.028811464086174965,0.5416666666666666
240,0.0021307468879967926,0.001141108568602552,0.9896382649739583,0.0008333281730301678,0.020615605637431145,0.5
241,0.0028298879507929085,0.0012692382481570045,1.5606495936711628,0.00161026231944561,0.03273402154445648,0.4583333333333333
242,0.0026539985944206515,0.0011959845510621865,1.4580140113830566,0.0012193468865007162,0.028129614889621735,0.4583333333333333
243,0.0020213737618178127,0.0009939460006232062,1.0274277130762737,0.0007865352090448141,0.02240632101893425,0.5625
244,0.0018353160315503676,0.0010135190250972906,0.8217969576517741,0.0008184165344573557,0.024379145354032516,0.5416666666666666
245,0.001953046815469861,0.0010257938411086798,0.9272529363632203,0.0007657497772015631,0.020071029663085938,0.4791666666666667
246,0.002237547670180599,0.0011450338060967624,1.0925137956937154,0.0008361994987353683,0.020823847502470016,0.4583333333333333
247,0.0025792598103483518,0.001271113947344323,1.308145825068156,0.0014508020831272006,0.027423134073615074,0.5208333333333334
248,0.002624990371987224,0.0012419785683353741,1.3830117106437683,0.0009939479641616344,0.0246941689401865,0.5625
249,0.002486789831891656,0.0010722470392162601,1.4145427346229553,0.001514576026238501,0.03197142109274864,0.5208333333333334
250,0.0030832729457567136,0.0013018594317448636,1.7814134279886882,0.0007420687470585108,0.019240854308009148,0.4583333333333333
251,0.0019711224207033715,0.0009163993643596768,1.0547229886054992,0.001000076998025179,0.02180110663175583,0.5833333333333334
252,0.0018166736311589677,0.0008889163698768243,0.927757195631663,0.0008443932747468352,0.021543899551033974,0.4791666666666667
253,0.0026453910395503044,0.0012594986629361907,1.3858922878901163,0.0013263109140098095,0.028035443276166916,0.625
254,0.0024469150385508934,0.0012846435497825344,1.1622713923454284,0.0012098054867237806,0.026542922481894493,0.4583333333333333
255,0.0021077147607381145,0.0010466478997841477,1.0610668023427328,0.0008416013442911208,0.023349599912762642,0.5208333333333334
256,0.0029293450526893137,0.0013767442006307343,1.5526007731755576,0.000807405449450016,0.019155224785208702,0.4583333333333333
257,0.0019038913849120339,0.0009118399776828786,0.992051382859548,0.0006820505950599909,0.017403628677129745,0.5416666666666666
258,0.001908922855121394,0.0009827054144504169,0.9262174169222513,0.0010584702249616385,0.022880328819155693,0.5
259,0.0018173039890825749,0.0009557562336946527,0.8615477085113525,0.0008468212909065187,0.020351508632302284,0.4166666666666667
260,0.0019712918903678654,0.000987692945636809,0.9835989236831665,0.0006068742950446904,0.018167955800890923,0.5833333333333334
261,0.0022098263027146457,0.0010815108117337028,1.1283154527346293,0.0009751747129485011,0.023942915722727776,0.4375
262,0.002382647416864832,0.0010387266403995455,1.3439206957817078,0.0009668458951637149,0.02370181679725647,0.5208333333333334
263,0.0024730401501680413,0.0011244384882350762,1.3486016313234965,0.000862476765178144,0.02147972211241722,0.4583333333333333
264,0.0020896084529037277,0.001007739706741025,1.0818686803181967,0.0007729183416813612,0.01987396366894245,0.5416666666666666
265,0.0017030792078003287,0.0008738462910211335,0.8292328596115113,0.0008192046079784632,0.022297639399766922,0.5208333333333334
266,0.002181637682951987,0.0010071750613860786,1.1744625369707744,0.001188421854749322,0.026126625016331673,0.5625
267,0.002378361742012203,0.0011025565986831983,1.2758050600687663,0.0008526260498911142,0.021502386778593063,0.5
268,0.001879260060377419,0.0010038500418886541,0.875409992535909,0.0008034859201870859,0.02089349366724491,0.4166666666666667
269,0.0020147311578815183,0.0009853818104602397,1.0293493310610453,0.001087705371901393,0.02417503111064434,0.4583333333333333
270,0.001966521058542033,0.0009335697783778111,1.032951255639394,0.0009431531652808189,0.024400919675827026,0.5416666666666666
271,0.0019988796518494683,0.0009669497919579347,1.031929850578308,0.0008171457448042929,0.021459776908159256,0.5
272,0.0018633430202802022,0.0009013005959180495,0.9620423714319865,0.0006969758542254567,0.019854627549648285,0.5416666666666666
273,0.002145670175862809,0.000991107562246422,1.1545625766118368,0.0007750805816613138,0.02164294384419918,0.5416666666666666
274,0.0019608165991182127,0.0009488425954865912,1.0119739929835,0.0010088657727465034,0.02823512814939022,0.5208333333333334
275,0.0019835594963903227,0.0009804334685516855,1.003126029173533,0.0009568938985466957,0.022819502279162407,0.4166666666666667
276,0.001985501676487426,0.0010438212115938465,0.9416804273923238,0.001303645665757358,0.027029624208807945,0.4375
277,0.0024152546810607117,0.0012230791888820627,1.1921754320462545,0.001199769671075046,0.026563208550214767,0.4791666666666667
278,0.002092668677990635,0.0010394807167661687,1.053187902768453,0.0006585742812603712,0.01827007159590721,0.4583333333333333
279,0.0017058980418369174,0.0009054259203063945,0.8004720528920491,0.0008071053889580071,0.020876172930002213,0.5
280,0.0017304771346971393,0.0009271335050774118,0.8033435781796773,0.000704126141499728,0.018696026876568794,0.5208333333333334
281,0.001704857808848222,0.0008820918117028972,0.8227659702301026,0.0008747898391447961,0.02053443342447281,0.5416666666666666
282,0.0021050823309148353,0.000978038968363156,1.127043318748474,0.0008488257881253958,0.022161338478326797,0.5625
283,0.0019716893633206687,0.0009085918505055209,1.0630974332491556,0.0006504050688818097,0.01997765339910984,0.5208333333333334
284,0.0020108153112232685,0.0009848608751781285,1.0259543816248575,0.0007070662686601281,0.020311154425144196,0.5208333333333334
285,0.002059496628741423,0.0010199194347175458,1.0395771463712056,0.0010847870726138353,0.025846661999821663,0.4375
286,0.001925032624664406,0.0009479451691731811,0.977087406317393,0.0006998997996561229,0.021335173398256302,0.5625
287,0.002226576938604315,0.0010394672203498582,1.1871097008387248,0.0016364807961508632,0.029541505500674248,0.4375
288,0.0022840300186847645,0.0010753702255897224,1.2086597363154092,0.0010290059726685286,0.02215072140097618,0.5833333333333334
289,0.001973411883227527,0.0009673615335486829,1.0060502807299296,0.0007864871877245605,0.021145232021808624,0.5416666666666666
290,0.0018434416114663085,0.000879675541849186,0.9637659867604573,0.000685813429299742,0.020572181791067123,0.5208333333333334
291,0.0018677278577039639,0.000977859226986766,0.8898685773213705,0.0010834374697878957,0.024457430467009544,0.4583333333333333
292,0.0026784033359338838,0.0010881673932696381,1.5902358531951903,0.001082098577171564,0.02688697539269924,0.5208333333333334
293,0.002147293797073265,0.0009672376133191088,1.180056134859721,0.0007606901926919818,0.022604571655392647,0.4791666666666667
294,0.0018037089767555395,0.0009162389324046671,0.8874699791272481,0.000762074429076165,0.019632287323474884,0.5416666666666666
295,0.001765047300917407,0.000869617968176802,0.895429261525472,0.0006826805183663964,0.019033439457416534,0.4375
296,0.0016864326549693941,0.000850586302112788,0.8358463207880656,0.0013560742372646928,0.031196558848023415,0.4583333333333333
297,0.002152498757156233,0.0011269299391036232,1.0255687872568766,0.0014955889200791717,0.033335354179143906,0.4583333333333333
298,0.0022008269326761363,0.0012197369360364974,0.9810899297396342,0.001469978829845786,0.03206204995512962,0.4583333333333333
299,0.0027125869877636434,0.0013149190926924348,1.3976678609848023,0.0009516190038993955,0.022810306400060654,0.5416666666666666
300,0.0022754996394117673,0.0010778788050326209,1.1976207772890726,0.0011546890018507838,0.025249989703297615,0.5625
301,0.0024321331021686394,0.001109048945363611,1.3230841279029846,0.000972938141785562,0.021573586389422417,0.4583333333333333
302,0.002100087593620022,0.0009845041592294972,1.1155833641688029,0.0008372946176677942,0.021586021408438683,0.5208333333333334
303,0.0017136885629345973,0.0008425725003083547,0.8711160063743592,0.0008863249677233398,0.0251914132386446,0.5833333333333334
304,0.002037357989077767,0.0009606757472890118,1.076682198047638,0.0007491121650673449,0.020519880577921867,0.3541666666666667
305,0.0016993145380790034,0.0009188693948090076,0.7804451068242391,0.0006364839500747621,0.018222330138087273,0.5208333333333334
306,0.0017937234758088987,0.0008997832657769323,0.8939401865005493,0.001184158492833376,0.02994018979370594,0.5416666666666666
307,0.00184618072429051,0.0009640603869532546,0.8821202715237936,0.0007896795868873596,0.02061070129275322,0.5625
308,0.0016651748990019163,0.000863067212048918,0.8021076401074727,0.0007935099420137703,0.020335795357823372,0.4375
309,0.0017101748380810022,0.0008863534293292711,0.8238213618596395,0.0011261261533945799,0.026886779814958572,0.4166666666666667
310,0.0020752493835364777,0.0010654751172599693,1.0097742239634195,0.0008633750840090215,0.022312771528959274,0.5625
311,0.0017979919522379836,0.0008732410458226999,0.9247508605321249,0.0007978861685842276,0.020455390214920044,0.4166666666666667
312,0.002133241792519887,0.0009466951286109785,1.1865466157595317,0.0007517548510804772,0.020142020657658577,0.625
313,0.0017684791081895431,0.000933415077937146,0.8350639820098877,0.0014024762203916907,0.02818862535059452,0.5
314,0.001779289652282993,0.0010328802512958647,0.7464093804359436,0.0008190719527192414,0.02206786535680294,0.4791666666666667
315,0.0019750641581291954,0.0009502412440876167,1.0248228192329407,0.0010659652762115002,0.02599482052028179,0.5416666666666666
316,0.002112596241446833,0.0010059444583021104,1.106651751200358,0.0008343920344486833,0.022779230028390884,0.5208333333333334
317,0.0018909533508121967,0.0009262347593903542,0.9647185325622558,0.0012071375967934728,0.028605129569768906,0.5208333333333334
318,0.002138638938777149,0.0011553698180553813,0.9832691033681233,0.0010172480251640081,0.025167636573314667,0.5
319,0.002255868717717628,0.0010688361867020528,1.1870324810345967,0.0007785061607137322,0.019965212792158127,0.5208333333333334
320,0.0021211310445020596,0.0009848835101972024,1.13624746799469,0.0008911669137887657,0.022006040439009666,0.5
321,0.0022542149061337115,0.0010650080861523748,1.1892067790031433,0.0011465263087302446,0.026423148810863495,0.4166666666666667
322,0.002064735675230622,0.0009576308191753923,1.1071047941843668,0.0007847853703424335,0.020430121570825577,0.5416666666666666
323,0.0019284889257202545,0.0009331146643186609,0.9953742146492004,0.0009265870321542025,0.02178138867020607,0.5416666666666666
324,0.0017829774180427194,0.000844573419696341,0.9384039799372356,0.001084633287973702,0.026841653510928154,0.4166666666666667
325,0.0021154195768758655,0.0011195238718452554,0.9958957036336263,0.0009275617194361985,0.02580116130411625,0.4375
326,0.001783402357250452,0.000917783067173635,0.8656192421913147,0.0007822209154255688,0.02205018326640129,0.5416666666666666
327,0.0016811173176392914,0.0009251551101139437,0.7559621731440226,0.0010133720934391022,0.0254757609218359,0.4375
328,0.0019511565721283357,0.00095866589108482,0.9924906055132549,0.0010655921651050448,0.02765076607465744,0.4375
329,0.002046707218202452,0.001097962714266032,0.9487444202105204,0.002062173094600439,0.03866591677069664,0.3958333333333333
330,0.00225035164039582,0.001348527439404279,0.901824156443278,0.000808202603366226,0.0239141546189785,0.5208333333333334
331,0.0018482182562972109,0.0009328606460864346,0.9153575579325358,0.0007398120360448956,0.02029409445822239,0.4166666666666667
332,0.001743191092585524,0.0009115535106199483,0.8316375494003296,0.0006539378664456308,0.019743237644433975,0.5416666666666666
333,0.0016172969092925389,0.0008604543555217485,0.7568425019582112,0.0007103862590156496,0.021047770977020264,0.4375
334,0.0020673501926163833,0.000974309192194293,1.0930409709612527,0.0013341280864551663,0.027723783627152443,0.5208333333333334
335,0.002523015276528895,0.0011734396529694399,1.3495755712191264,0.0009434695239178836,0.022793272510170937,0.5
336,0.0020101094618439675,0.00108390028666084,0.9262091120084127,0.0009756962535902858,0.02261217124760151,0.5
337,0.0022897226580729088,0.0011767456851278742,1.1129769325256347,0.0007662673015147448,0.02210918255150318,0.6458333333333334
338,0.001909081886212031,0.0010554366822664936,0.8536451737085978,0.00099495192989707,0.02386235073208809,0.5208333333333334
339,0.0022535791465391713,0.0010741707131577034,1.1794083992640176,0.0011616015108302236,0.02512013167142868,0.4791666666666667
340,0.00193329401469479,0.0009889524701672296,0.9443415204683939,0.0012984792701900005,0.02543845772743225,0.5
341,0.0022887541369224587,0.0011770475112522641,1.111706562836965,0.0008346633985638618,0.021272264420986176,0.3958333333333333
342,0.0019247089124595125,0.000936706003267318,0.988002872467041,0.0010411322582513094,0.027151519432663918,0.5208333333333334
343,0.0019368086553489168,0.0009749980837417145,0.9618105093638102,0.000886620138771832,0.02121117152273655,0.5208333333333334
344,0.0021239265411471327,0.0011274434820127985,0.9964830001195272,0.000751161074731499,0.020722633227705956,0.5
345,0.0018286933501561484,0.0010004092124290763,0.8282840927441915,0.000695343129336834,0.019718362018465996,0.5416666666666666
346,0.0017748075149332484,0.0009261750771353642,0.8486323833465577,0.0007391961989924312,0.020220544189214706,0.4791666666666667
347,0.001832975191064179,0.0010157333958583574,0.8172417521476746,0.0007566155400127172,0.018411515280604362,0.5833333333333334
348,0.0017741803467894593,0.0009197164870177706,0.8544638117154439,0.0006819805130362511,0.020169364288449287,0.4791666666666667
349,0.002117315454718967,0.0009807949497674902,1.1365204532941182,0.0011299083707854152,0.025551406666636467,0.5208333333333334
350,0.0020377900373811523,0.0010448154411278666,0.9929745515187581,0.0010147040011361241,0.023965677246451378,0.4791666666666667
351,0.00177546760533005,0.0008520175508844356,0.9234499971071879,0.0008392707677558064,0.019152002409100533,0.5
352,0.001826988346874714,0.0008672312678148349,0.9597570578257243,0.0015863102162256837,0.0334993414580822,0.5
353,0.002534096494006614,0.0011154060795282325,1.4186903635660808,0.000723041535820812,0.020169345661997795,0.375
354,0.001980148108365635,0.0009837250768517454,0.9964229901631673,0.0012082840548828244,0.02858128771185875,0.625
355,0.0020506045393024882,0.000983206167196234,1.0673983136812846,0.0010461843339726329,0.026785604655742645,0.4583333333333333
356,0.0020834283825630945,0.0010699516453314573,1.0134766658147176,0.0008579552522860467,0.023410318419337273,0.4583333333333333
357,0.0017966711117575567,0.0008737410224663715,0.9229300340016683,0.0007979174260981381,0.023094912990927696,0.4375
358,0.0024574894613275926,0.001193050512423118,1.2644388596216838,0.00107882684096694,0.025828445330262184,0.4583333333333333
359,0.0021441970175753037,0.001077853220825394,1.0663437366485595,0.0009609757107682526,0.022382352501153946,0.4166666666666667
360,0.001810055086389184,0.0009194143892576297,0.890640644232432,0.0006729041342623532,0.01891466975212097,0.4166666666666667
361,0.0018227797312041123,0.0008793353568762541,0.9434443116188049,0.0006903549074195325,0.019513586536049843,0.5208333333333334
362,0.0015793824180339773,0.0007976245561925073,0.7817578196525574,0.0007978158537298441,0.023030079901218414,0.625
363,0.001771340270837148,0.0009243577253073454,0.8469825148582458,0.0007863790960982442,0.02174685336649418,0.5416666666666666
364,0.001993544112580518,0.0009493046711819867,1.044239354133606,0.0008542286814190447,0.021288635209202766,0.5208333333333334
365,0.002067149585733811,0.0009423360500174264,1.1248134891192119,0.0008890697499737144,0.023804182186722755,0.5416666666666666
366,0.0020593458243335287,0.0010485588340088726,1.0107869466145833,0.0009820162085816264,0.02588225156068802,0.5208333333333334
367,0.0018202368635684251,0.0009679662917430203,0.8522705554962158,0.0009403428412042558,0.022558586671948433,0.5416666666666666
368,0.0018130288459360599,0.0008634082255108903,0.9496205886205037,0.0008505962323397398,0.022844722494482994,0.6458333333333334
369,0.0017078378237783908,0.0008374420537923773,0.8703957160313924,0.0008603811147622764,0.022514881566166878,0.5416666666666666
370,0.0018791796096290152,0.0009595802829911311,0.9195992787679036,0.0008671889663673937,0.02208753116428852,0.5208333333333334
371,0.0021430852357298136,0.0010248155177881321,1.1182696580886842,0.0008423312101513147,0.02117767371237278,0.4583333333333333
372,0.0016912169599284728,0.0008481828961521387,0.843034036954244,0.001107479794882238,0.02783496305346489,0.4166666666666667
373,0.0025619228448097906,0.0013856468722224236,1.1762758890787761,0.0013357383431866765,0.027030328288674355,0.5416666666666666
374,0.002165293243403236,0.00114815584771956,1.017137348651886,0.0007508750422857702,0.018946778029203415,0.5625
375,0.0017276633763685823,0.0008836653161173065,0.8439980268478393,0.0007616404909640551,0.018799901008605957,0.5
376,0.0018531126047795017,0.0009345996542833746,0.9185129364331563,0.0006418986595235765,0.018784360960125923,0.5416666666666666
377,0.0020919271900008123,0.000909674675979962,1.1822524269421895,0.0007831468828953803,0.021266283467411995,0.5416666666666666
378,0.0022245663062979777,0.0009620655444450676,1.2625007073084513,0.000993698020465672,0.02407396025955677,0.5208333333333334
379,0.002123962971381843,0.0010085665077591937,1.1153964400291443,0.0009472049423493445,0.024000195786356926,0.5208333333333334
380,0.002199049519064526,0.001060243738659968,1.1388057390848796,0.001028016209602356,0.023573461920022964,0.4375
381,0.0019671775788689654,0.0010100735506663719,0.9571039954821269,0.000737544905859977,0.02054145373404026,0.3958333333333333
382,0.0018979737690339486,0.0009732276666909456,0.924746060371399,0.0007075433386489749,0.02099982462823391,0.5625
383,0.0018981283452982705,0.0010179764203106364,0.8801518519719441,0.0008721830672584474,0.025056254118680954,0.5416666666666666
384,0.0017428011012574037,0.0009318145651680728,0.8109864870707194,0.0010283241281285882,0.022543851286172867,0.4583333333333333
385,0.001907645887695253,0.0008755583704138796,1.032087504863739,0.0007504071691073477,0.01955341547727585,0.5625
386,0.0018868002419670422,0.0008998211900082728,0.9869790156682332,0.0011172592639923096,0.023368438705801964,0.4791666666666667
387,0.0019682840288927157,0.0009745954419486224,0.9936885356903076,0.001216387958265841,0.02591441385447979,0.5416666666666666
388,0.0023241311466942233,0.001094730229427417,1.229400889078776,0.0009343207930214703,0.022708484902977943,0.5208333333333334
389,0.0019369173794984817,0.0009367195656523108,1.0001977642377218,0.0014481148682534695,0.029595667496323586,0.5416666666666666
390,0.0025318923716743788,0.001296026799051712,1.2358655174573263,0.001186794019304216,0.02442217618227005,0.5416666666666666
391,0.0018661671861385305,0.0009201819348769884,0.9459851940472921,0.0008944344590418041,0.022986510768532753,0.5208333333333334
392,0.0016299612121656536,0.0007908938685432076,0.839067296187083,0.0006146318628452718,0.018186233937740326,0.5
393,0.0019231542091195783,0.00097584006919836,0.9473140915234883,0.001022370415739715,0.02394830249249935,0.5208333333333334
394,0.00230695743424197,0.0010956899534600476,1.2112674315770466,0.0015890764771029353,0.027514198794960976,0.6041666666666666
395,0.0022372265812009573,0.0011589157472675045,1.078310743967692,0.0015559641178697348,0.028379585593938828,0.5208333333333334
396,0.001995658501982689,0.0010721933290672799,0.9234651327133179,0.0008760783821344376,0.019804662093520164,0.4791666666666667
397,0.0017292116225386658,0.0008497249335050582,0.8794866482416789,0.0009036846458911896,0.02413289062678814,0.4791666666666667
398,0.0022674467802668613,0.0010622065281495451,1.2052402337392172,0.0009032517555169761,0.023823553696274757,0.4583333333333333
399,0.0017271477108200392,0.0008371957849400739,0.8899518767992656,0.0008490441250614822,0.021374890580773354,0.4583333333333333
400,0.0017499056179076434,0.0009029403251285354,0.8469652334849039,0.000695577880833298,0.01951134204864502,0.5208333333333334
401,0.0018124844025199612,0.0008741773509730895,0.9383070349693299,0.001268412102945149,0.026919877156615257,0.4791666666666667
402,0.002009588177315891,0.0010452358323770265,0.9643522938092549,0.0016132262535393238,0.030790237709879875,0.5625
403,0.0023696953896433113,0.001211971475277096,1.157723812262217,0.001021700445562601,0.02287585288286209,0.5416666666666666
404,0.001805557186404864,0.0009826781034159163,0.822879026333491,0.0009155292646028101,0.022594304755330086,0.4166666666666667
405,0.0018505340752502282,0.0010263410435679059,0.8241929809252421,0.0011497214436531067,0.023085253313183784,0.4375
406,0.002384059402781228,0.0010546990010576944,1.329360342025757,0.001010597450658679,0.022250132635235786,0.5
407,0.002618147044753035,0.0011913611243168512,1.4267858982086181,0.0014810067368671298,0.029935987666249275,0.4375
408,0.0027253464174767333,0.0011845040251500904,1.5408423304557801,0.0008656106656417251,0.0203106589615345,0.5416666666666666
409,0.0018824809386084477,0.0009136505036925276,0.968830406665802,0.000904969172552228,0.019840426743030548,0.5625
410,0.001617440232075751,0.0008213773078750819,0.7960628906885783,0.0007970027509145439,0.02084614895284176,0.4583333333333333
411,0.001580254725801448,0.0007987542601767927,0.7815004428227742,0.0009175603627227247,0.02193732187151909,0.5625
412,0.0017323571412513653,0.0008164391406656553,0.91591796875,0.0010852358536794782,0.026462076231837273,0.5208333333333334
413,0.0021573556509489815,0.0009486897809741398,1.2086658279101055,0.0013256951933726668,0.027186142280697823,0.5
414,0.0023938263145585853,0.0011144598519119123,1.279366385936737,0.0009348877938464284,0.02213306911289692,0.5416666666666666
415,0.0021018796289960545,0.0010304083776039382,1.0714711944262187,0.0011123918229714036,0.026257922872900963,0.4375
416,0.002167467982508242,0.0011581297420586148,1.0093381762504579,0.0016939410706982017,0.03505052998661995,0.4791666666666667
417,0.002332428082202872,0.001145110387975971,1.1873176455497743,0.0012243320234119892,0.029829856008291245,0.4583333333333333
418,0.0021058763066927593,0.001069402729626745,1.036473516623179,0.0007867811946198344,0.020385045558214188,0.5416666666666666
419,0.0016846001846715808,0.0008646002427364389,0.8199999133745829,0.0009098277078010142,0.022435389459133148,0.4791666666666667
420,0.0017715211181590954,0.0008825322768340508,0.8889887968699137,0.0011615754337981343,0.024805035442113876,0.5
421,0.0024486656455943983,0.0011511716758832336,1.2974939227104187,0.0009812420466914773,0.023038644343614578,0.4791666666666667
422,0.0019043011358007788,0.0009558162651956082,0.9484848101933797,0.0007601932156831026,0.020000034943223,0.4583333333333333
423,0.0020414262156312666,0.0009216724390474459,1.1197537342707315,0.0008956427918747067,0.02247191034257412,0.5416666666666666
424,0.0017762030630062023,0.0008865624472188453,0.8896405498186747,0.0009259770158678293,0.02286170795559883,0.3958333333333333
425,0.0019364178801576297,0.0009349293812798957,1.00148845911026,0.0006736012874171138,0.017764728516340256,0.5208333333333334
426,0.0019106942228972912,0.0009283808836092551,0.9823132872581481,0.0007334532565437257,0.020711926743388176,0.4375
427,0.0015738983095313112,0.0008050533089165886,0.7688449541727702,0.000856075610499829,0.02077620103955269,0.5208333333333334
428,0.0018873076497887573,0.0009132190064216653,0.9740885933240254,0.0009918847354128957,0.025262076407670975,0.4583333333333333
429,0.001712570843907694,0.000833929570702215,0.8786412278811137,0.0007298474083654583,0.019895663484930992,0.6458333333333334
430,0.0018007191130891443,0.0008561429509427399,0.9445761164029439,0.0007447758107446134,0.020591353997588158,0.5833333333333334
431,0.0018754908659805855,0.0009264119085855782,0.949078893661499,0.0007448853575624526,0.020237095654010773,0.5833333333333334
432,0.0019230275958155593,0.000916629327305903,1.0063982248306274,0.0008479053503833711,0.020388294011354446,0.5416666666666666
433,0.0018989990698173643,0.0009320277837105096,0.966971242427826,0.0009061188320629299,0.023228907957673073,0.2916666666666667
434,0.0017708463128656149,0.0008843819804800053,0.8864643096923828,0.0009381264098919928,0.023407697677612305,0.4583333333333333
435,0.0019547419777760904,0.0009041487122885883,1.0505932291348776,0.0006938409060239792,0.01885504089295864,0.5208333333333334
436,0.001624042020800213,0.0008149965239378313,0.8090454618136088,0.0008141221478581429,0.01967563107609749,0.5208333333333334
437,0.001786777648764352,0.0008845404508368422,0.9022371649742127,0.000754246604628861,0.018919730558991432,0.5208333333333334
438,0.0017940495784084002,0.0009201649324192355,0.8738846262296041,0.0010465687373653054,0.02273573726415634,0.4375
439,0.0018799427741517623,0.0009491461173941691,0.9307965954144796,0.001141916960477829,0.025261593982577324,0.3958333333333333
440,0.00205585405540963,0.0010451448887276152,1.0107091466585796,0.0008391093579120934,0.020667949691414833,0.4791666666666667
441,0.0023594742873683573,0.0010143208783119917,1.3451533555984496,0.0010392506374046206,0.022645212709903717,0.4791666666666667
442,0.002172200932788352,0.0009713118624252577,1.2008890151977538,0.001012332271784544,0.02341950125992298,0.3958333333333333
443,0.0019499435167138776,0.0009656655524546902,0.9842779159545898,0.0008119965204969049,0.022835195064544678,0.5208333333333334
444,0.0017771934236710271,0.0008647098516424497,0.9124835332234701,0.0009805300505831838,0.02611018344759941,0.4583333333333333
445,0.002418210357427597,0.0009462128742597997,1.4719974478085835,0.0011017047800123692,0.026463789865374565,0.5208333333333334
446,0.002193118662883838,0.0010263906287339827,1.1667279760042826,0.0009889235952869058,0.02713611163198948,0.5416666666666666
447,0.001962795713916421,0.0009439371293410659,1.018858520189921,0.0008832150488160551,0.024999478831887245,0.4583333333333333
448,0.001743127320272227,0.0008775661583058536,0.8655611236890157,0.0008325158269144595,0.023116976022720337,0.5416666666666666
449,0.0017916847097997864,0.0009008097345940769,0.8908749341964721,0.0008903362904675305,0.020046928897500038,0.6458333333333334
450,0.0019877757877111435,0.0009344719893609484,1.0533037304878234,0.0012242774246260524,0.027910232543945312,0.5208333333333334
451,0.001787566083172957,0.0008486201676229636,0.9389458457628886,0.0006997696473263204,0.021783508360385895,0.5416666666666666
452,0.0017114432295784355,0.0008859588589984924,0.8254843354225159,0.0007378256414085627,0.022024918347597122,0.4791666666666667
453,0.0017777916509658098,0.0008742746741821368,0.9035169204076131,0.0007922736695036292,0.022331304848194122,0.5416666666666666
454,0.002061192194620768,0.000947346561588347,1.1138455669085185,0.0012818261748179793,0.02832946367561817,0.5208333333333334
455,0.0022331125180547434,0.0009806890467492244,1.252423393726349,0.0008395022014155984,0.024306535720825195,0.5625
456,0.0021005330684905252,0.0010165388540675244,1.083994158109029,0.0006612667348235846,0.01936032623052597,0.6458333333333334
457,0.0018993510399013757,0.0010827079182490706,0.8166431148846944,0.0018102617468684912,0.03302778676152229,0.5833333333333334
458,0.0018678984061504403,0.0011519206377367179,0.7159777323404948,0.0010289306519553065,0.022711578756570816,0.4791666666666667
459,0.0019012861419469118,0.0009749602953282496,0.926325790087382,0.0009926430648192763,0.021812109276652336,0.5416666666666666
460,0.001755335833877325,0.0009470229949026058,0.8083127816518147,0.0009452279191464186,0.02170530892908573,0.4166666666666667
461,0.001682551313812534,0.0008478677676369747,0.8346835176150004,0.0007036878378130496,0.018399875611066818,0.4583333333333333
462,0.0015762970084324478,0.0008020576710502307,0.7742392838001251,0.0006589449476450682,0.01746135950088501,0.5625
463,0.0018273852299898862,0.0009095378375301758,0.9178473393122355,0.0009539130260236561,0.02203054539859295,0.5208333333333334
464,0.0018684476536388198,0.000875311220685641,0.9931363781293233,0.0007513573509640992,0.019625404849648476,0.6666666666666666
465,0.0022048427412907283,0.001053489282882462,1.151353398958842,0.0010712138609960675,0.0241744052618742,0.5
466,0.0023610528791323305,0.0011161232289547721,1.2449296116828918,0.0012235399335622787,0.027388785034418106,0.4583333333333333
467,0.0019616892328485846,0.0009344790363684296,1.0272101600964865,0.0008156209369190037,0.022769438102841377,0.5416666666666666
468,0.0017702396648625533,0.0008962489470529059,0.8739906787872315,0.0009261095547117293,0.02116941288113594,0.5
469,0.002087943892305096,0.0010402696672827006,1.0476741592089336,0.0010857064044103026,0.0226800125092268,0.4791666666666667
470,0.0019271553571646412,0.001061944973965486,0.8652103384335835,0.0015048718778416514,0.029577752575278282,0.5416666666666666
471,0.0020933476897577446,0.0011689298631002505,0.924417765935262,0.0010613302001729608,0.0242204200476408,0.4166666666666667
472,0.0017019843061765036,0.0009059727774001658,0.796011479695638,0.0009461307199671865,0.022318601608276367,0.5416666666666666
473,0.0018395040417090059,0.0009072586738814911,0.9322453300158183,0.0008262437186203897,0.019581172615289688,0.4791666666666667
474,0.0017251131668065986,0.0008680801489390433,0.8570329705874126,0.0013357034185901284,0.029575088992714882,0.4375
475,0.0022378408970932166,0.0010133701143786311,1.2244707187016806,0.0009298527147620916,0.021234048530459404,0.3958333333333333
476,0.0018836331786587835,0.0008739972797532876,1.009635849793752,0.0008594032260589302,0.02285458892583847,0.4583333333333333
477,0.00176866731295983,0.0008463545896423359,0.9223126928011577,0.000868985487613827,0.020416343584656715,0.5
478,0.0018694790701071422,0.0009371499919022124,0.9323290387789408,0.0012013526866212487,0.026195978745818138,0.5416666666666666
479,0.0020579858838270107,0.0009965827494549254,1.0614030798276266,0.0009630139102227986,0.024208830669522285,0.4166666666666667
480,0.0019188903427372376,0.0009128773992415518,1.0060128609339396,0.0011876191711053252,0.0250729750841856,0.5208333333333334
481,0.0019003183891375859,0.0009159384450564781,0.9843799074490865,0.0008501932607032359,0.021721770986914635,0.4166666666666667
482,0.0018224353746821482,0.0008592791700114806,0.9631561716397603,0.000834285223390907,0.021733110770583153,0.5208333333333334
483,0.001702473685145378,0.0008260523046677311,0.8764213363329569,0.0007270044879987836,0.018498620018363,0.4375
484,0.001948796585202217,0.0008961883800414701,1.0526081601778665,0.000928933615796268,0.02378849871456623,0.4166666666666667
485,0.002139387846303483,0.001016700481219838,1.122687311967214,0.0011853963369503617,0.02877420000731945,0.6041666666666666
486,0.0019076688447967171,0.0009902714363609752,0.917397391796112,0.0011182980379089713,0.027128182351589203,0.4583333333333333
487,0.001939468365162611,0.000909673150939246,1.0297951380411783,0.000921699102036655,0.0226509440690279,0.5208333333333334
488,0.001821831272294124,0.0008612354557650785,0.9605957905451457,0.000952829432208091,0.026503240689635277,0.375
489,0.0018908126667762796,0.0009608214992719392,0.9299911061922709,0.0008170802611857653,0.022992948070168495,0.4791666666666667
490,0.0018281406024470924,0.0008932209612491231,0.9349196195602417,0.0010764324106276035,0.026371829211711884,0.4375
491,0.0019839526309321323,0.0009687650153258194,1.0151875654856364,0.0008158728596754372,0.021670157089829445,0.4583333333333333
492,0.001854472056341668,0.0009111687114151816,0.9433032989501953,0.0010363481706008315,0.025786977261304855,0.4166666666666667
493,0.0018255269698177776,0.0008851502245912949,0.9403767148653667,0.0011338796466588974,0.02705417387187481,0.4166666666666667
494,0.0019495455625777444,0.0009419788140803576,1.0075667341550192,0.0010227138409391046,0.02492455393075943,0.4166666666666667
495,0.0015885656233876944,0.0008042549015954137,0.7843106905619304,0.0007873704307712615,0.019937356933951378,0.6458333333333334
496,0.0015385726699605584,0.0007835899149843802,0.7549827019373576,0.0009748002048581839,0.02263316698372364,0.4166666666666667
497,0.001711582881398499,0.0008690221099338183,0.8425607403119405,0.0006888801581226289,0.019286055117845535,0.4791666666666667
498,0.0016858448041602969,0.0008272634023645272,0.8585813522338868,0.000733796798158437,0.018812112510204315,0.6458333333333334
499,0.0016877007593090335,0.0009228887385688723,0.7648119568824768,0.0010830939281731844,0.02882593497633934,0.5625
500,0.0019529537142564852,0.0010136549050609271,0.9392987370491028,0.0012395470403134823,0.030140848830342293,0.5625
