epoch,train_loss,rmse_loss,trend_loss,val_rmse,val_trend_acc
0,0.30366383691628773,0.2920710707704226,11.592766952514648,0.13233605027198792,0.5833333333333334
1,0.10771655738353729,0.10371257364749908,4.003984451293945,0.08461501449346542,0.48333333333333334
2,0.07849512745936711,0.07592898830771447,2.5661389350891115,0.06373888999223709,0.6333333333333333
3,0.06315137868126233,0.061553266396125156,1.5981112639109294,0.06393110007047653,0.55
4,0.06488617087403933,0.06335429698228837,1.5318742195765178,0.0581049881875515,0.6
5,0.06086709400018056,0.05925427824258804,1.6128152847290038,0.06079583242535591,0.4
6,0.06261442204316457,0.061203245321909586,1.4111766735712687,0.04958447813987732,0.6833333333333333
7,0.06028503999114036,0.05907192453742027,1.2131155490875245,0.05343633517622948,0.5333333333333333
8,0.056362322469552355,0.05518404170870781,1.1782810767491658,0.05494852364063263,0.4
9,0.0570055291056633,0.05554984509944916,1.4556841174761455,0.05277751386165619,0.5666666666666667
10,0.055689097444216414,0.05439166824022929,1.2974290211995443,0.049984999001026154,0.5833333333333334
11,0.05298849468429883,0.0518766970684131,1.111797813574473,0.050960998982191086,0.45
12,0.056603892147541045,0.05551104098558426,1.0928513844807943,0.0513286367058754,0.6166666666666667
13,0.058002083500226335,0.05698156629999478,1.0205167929331462,0.05124100297689438,0.6
14,0.05401989445090294,0.052830432852109276,1.1894613663355509,0.056120794266462326,0.45
15,0.05674973502755165,0.05568853418032328,1.0612005432446798,0.04808672145009041,0.5166666666666667
16,0.05445289562145869,0.053431242456038794,1.0216530919075013,0.051778361201286316,0.55
17,0.057975211491187416,0.05678637598951657,1.1888352115948995,0.053749971091747284,0.6166666666666667
18,0.05746739034851392,0.05627819076180458,1.1892001549402873,0.05873508006334305,0.48333333333333334
19,0.057928487410147986,0.05661897510290146,1.309512444337209,0.05805853381752968,0.5333333333333333
20,0.05554846301674843,0.0542150857547919,1.3333772500356038,0.05997060611844063,0.5833333333333334
21,0.0628501611451308,0.06137312625845273,1.4770339488983155,0.05264115333557129,0.6
22,0.057155754417181015,0.05577095523476601,1.3847991466522216,0.054739054292440414,0.5833333333333334
23,0.05863873635729154,0.05728562499086062,1.353112022082011,0.07408102601766586,0.55
24,0.06711770469943683,0.06571384891867638,1.4038562893867492,0.05474438890814781,0.4666666666666667
25,0.05816063694655895,0.057048366963863374,1.1122698505719504,0.06244770810008049,0.4666666666666667
26,0.05853541369239489,0.05731066564718882,1.2247480869293212,0.05490585416555405,0.5
27,0.0543636920551459,0.05321258455514908,1.1511076092720032,0.05117186903953552,0.4
28,0.0563727930188179,0.055106592426697416,1.2662006894747415,0.05675741285085678,0.6333333333333333
29,0.05584748163819313,0.05484337583184242,1.0041053811709086,0.04861089214682579,0.6
30,0.05413337722420693,0.05302969564994176,1.1036814252535503,0.05299722030758858,0.6333333333333333
31,0.05716907406846682,0.05618427197138468,0.9848015666007995,0.055568549782037735,0.48333333333333334
32,0.05612921913464864,0.05483771686752637,1.2915024518966676,0.05613300949335098,0.4666666666666667
33,0.05717103431622187,0.05603617404898008,1.13485985994339,0.05087737366557121,0.48333333333333334
34,0.05402695412437121,0.052831604083379106,1.1953502496083577,0.0532589852809906,0.43333333333333335
35,0.058009727547566094,0.056612146397431694,1.3975818753242493,0.05102325975894928,0.5333333333333333
36,0.0534685825308164,0.052301699916521706,1.1668830831845602,0.04969329014420509,0.6
37,0.053280908862749735,0.05217449938257535,1.1064091761906942,0.04922398179769516,0.6666666666666666
38,0.054988268514474234,0.05381204361716906,1.1762248317400614,0.0545843169093132,0.5333333333333333
39,0.05841730286677679,0.05714938243230184,1.2679202914237977,0.05073220282793045,0.6166666666666667
40,0.05506269882122675,0.05389535476764043,1.1673439542452495,0.05723055824637413,0.5833333333333334
41,0.057584055016438165,0.05651081129908562,1.073243546485901,0.04790099710226059,0.5166666666666667
42,0.052906655023495355,0.05186362639069557,1.0430287758509318,0.049957334995269775,0.5
43,0.056002156188090645,0.05484596664706866,1.1561898231506347,0.05315779522061348,0.5333333333333333
44,0.05484177942077319,0.053685164699951805,1.1566143035888672,0.05389776453375816,0.5666666666666667
45,0.0578387642900149,0.056471019486586255,1.367745002110799,0.05546940863132477,0.55
46,0.05478999664386113,0.05362739786505699,1.1625983158747355,0.05368791148066521,0.5333333333333333
47,0.05945425157745679,0.05824381336569786,1.210438354810079,0.05843723937869072,0.5
48,0.053732810417811076,0.052633381883303326,1.0994284431139627,0.054126281291246414,0.5166666666666667
49,0.05299400612711906,0.05199869498610497,0.9953109622001648,0.05592569708824158,0.6333333333333333
50,0.05282845472296079,0.0516337588429451,1.1946959018707275,0.06132330745458603,0.65
51,0.05867535124222437,0.05736772840221723,1.3076225797335306,0.05243987590074539,0.6166666666666667
52,0.05290698036551476,0.05180202921231588,1.1049508770306906,0.056314319372177124,0.4166666666666667
53,0.05712778593103091,0.055787667632102966,1.3401184678077698,0.050600551068782806,0.6166666666666667
54,0.051794872929652534,0.05084468846519788,0.9501843611399333,0.058592166751623154,0.48333333333333334
55,0.058286174386739734,0.05726024533311526,1.0259289344151814,0.05674684792757034,0.5833333333333334
56,0.05342930952707926,0.052381493896245954,1.0478159546852113,0.06389223784208298,0.5166666666666667
57,0.055225934088230136,0.053986482322216034,1.239451273282369,0.05096179619431496,0.5666666666666667
58,0.051951513687769575,0.05094730133811633,1.0042121887207032,0.052534155547618866,0.5333333333333333
59,0.05388768712679545,0.05293303256233533,0.9546546220779419,0.05638989806175232,0.4666666666666667
60,0.0562239333987236,0.05495577851931254,1.2681547403335571,0.0700094923377037,0.4666666666666667
61,0.06279318307836851,0.06144693990548452,1.3462435007095337,0.055208612233400345,0.5
62,0.05514590839544932,0.05374316846330961,1.4027398188908895,0.05339042469859123,0.55
63,0.05182987650235494,0.050825565308332446,1.0043115059534709,0.06398274749517441,0.5666666666666667
64,0.05422761042912801,0.05324063574274381,0.9869746883710225,0.05746094509959221,0.6333333333333333
65,0.052168142547210056,0.051142100741465885,1.0260414799054465,0.05161415785551071,0.5
66,0.0524761031071345,0.051446696867545445,1.0294059236844382,0.055165622383356094,0.4
67,0.05034978290398916,0.04933270240823428,1.0170803745587667,0.051325224339962006,0.5166666666666667
68,0.04991552184025447,0.048940865447123845,0.9746562798817953,0.06544480472803116,0.48333333333333334
69,0.05492076004544894,0.05392438446482022,0.9963753700256348,0.057407185435295105,0.6166666666666667
70,0.052574119965235394,0.05158279115955035,0.9913293242454528,0.057991813868284225,0.5666666666666667
71,0.052095872908830644,0.051142413169145584,0.9534602165222168,0.05388303101062775,0.48333333333333334
72,0.050014107922712964,0.049114155520995455,0.8999523440996806,0.054534900933504105,0.5833333333333334
73,0.05685930798451106,0.05585458800196648,1.0047202189763387,0.058648306876420975,0.65
74,0.051079491277535756,0.05010529806216558,0.97419353723526,0.051616981625556946,0.6166666666666667
75,0.05621452257037163,0.05520936797062556,1.0051543434460959,0.05293628200888634,0.5833333333333334
76,0.054039899508158365,0.052916070073843004,1.1238291104634603,0.05678359791636467,0.65
77,0.05509632428487142,0.05389170895020167,1.204615600903829,0.05031093582510948,0.43333333333333335
78,0.052073922008275986,0.05106642718116442,1.0074946522712707,0.06885088235139847,0.43333333333333335
79,0.056852090855439505,0.05562848746776581,1.2236032724380492,0.05522257462143898,0.45
80,0.05677432417869568,0.05571419919530551,1.0601241747538248,0.054335638880729675,0.5666666666666667
81,0.0576283723115921,0.05643415078520775,1.194221830368042,0.054194215685129166,0.48333333333333334
82,0.05771657625834147,0.05639834230144818,1.3182339549064637,0.05065431818366051,0.4666666666666667
83,0.05369345769286156,0.0525344543159008,1.1590031107266745,0.04878649115562439,0.45
84,0.05160116304953893,0.05059058492382367,1.010578187306722,0.05535127967596054,0.48333333333333334
85,0.05468065465490023,0.05321681499481201,1.4638397812843322,0.053675323724746704,0.4666666666666667
86,0.05351830025513967,0.05233077158530553,1.1875283281008402,0.061901990324258804,0.7166666666666667
87,0.051861810187498726,0.050814970210194585,1.0468403895696003,0.05417310446500778,0.5333333333333333
88,0.052971657117207846,0.051928338160117465,1.0433191339174905,0.05068536102771759,0.48333333333333334
89,0.05280990600585937,0.05173391302426656,1.0759928067525228,0.05110035836696625,0.5166666666666667
90,0.05210856844981512,0.051225169499715166,0.8833990454673767,0.058138247579336166,0.43333333333333335
91,0.0576003981133302,0.056333004186550774,1.2673943599065145,0.05581711232662201,0.5
92,0.055329381674528125,0.05410031353433927,1.2290676673253378,0.05699862167239189,0.4
93,0.05523812050620715,0.05410746882359187,1.1306517163912455,0.050343357026576996,0.5333333333333333
94,0.0519703671336174,0.05103934183716774,0.9310249090194702,0.05367149040102959,0.4
95,0.0526647428671519,0.05153772607445717,1.1270172198613484,0.051095347851514816,0.6
96,0.05371767530838648,0.05266500140229861,1.0526740948359172,0.057273030281066895,0.55
97,0.053640178466836615,0.05234564368923505,1.2945347110430399,0.049131713807582855,0.5833333333333334
98,0.05120892922083537,0.05023728633920352,0.9716430942217509,0.050428036600351334,0.5333333333333333
99,0.05387891381978989,0.05286516298850377,1.013750938574473,0.060206979513168335,0.5666666666666667
100,0.05302001064022382,0.05193117385109266,1.0888365586598714,0.05258258059620857,0.5833333333333334
101,0.05807881553967794,0.05695569838086764,1.1231177608172098,0.05515887588262558,0.5
102,0.05327618842323621,0.05226362223426501,1.0125655690828959,0.05013889819383621,0.45
103,0.052738307416439055,0.05166239912311236,1.0759080489476522,0.05588903650641441,0.55
104,0.05396968598167102,0.052922640244166055,1.0470454335212707,0.053786661475896835,0.65
105,0.049442060043414435,0.048502377172311144,0.9396827459335327,0.057502709329128265,0.5833333333333334
106,0.056105163196722665,0.05502328152457873,1.0818820516268413,0.06919649988412857,0.55
107,0.05680147955814997,0.05552816639343897,1.2733132481575011,0.05430397391319275,0.5333333333333333
108,0.056570544838905334,0.05538381785154343,1.186726486682892,0.05484270676970482,0.45
109,0.05227397804458936,0.05114837015668551,1.1256079435348512,0.05586083605885506,0.6333333333333333
110,0.05071784481406212,0.04981969644625982,0.8981483340263366,0.052712079137563705,0.5
111,0.05238490824898084,0.05132292459408442,1.0619838158289592,0.04883727803826332,0.45
112,0.05153408671418826,0.05046068876981735,1.0733978629112244,0.05089094489812851,0.6
113,0.0524086631834507,0.05139583672086398,1.0128265420595806,0.05109183490276337,0.6166666666666667
114,0.05181932623187701,0.05082963059345881,0.9896959463755289,0.060381971299648285,0.45
115,0.05003523925940196,0.049178480108579,0.8567592382431031,0.04949777573347092,0.6333333333333333
116,0.05093602612614632,0.049980340401331584,0.9556858698527019,0.04763679951429367,0.6333333333333333
117,0.050715596228837964,0.04976140906413396,0.9541873256365458,0.050957683473825455,0.38333333333333336
118,0.05187825138370196,0.05080477669835091,1.0734753171602884,0.05288424715399742,0.4666666666666667
119,0.05141850511233012,0.05021445279320081,1.2040525873502095,0.0631723701953888,0.6166666666666667
120,0.05661396731932958,0.0554100808997949,1.2038864930470785,0.049758777022361755,0.5833333333333334
121,0.05382541691263517,0.05266853272914886,1.1568843921025593,0.07166129350662231,0.5166666666666667
122,0.060489782691001893,0.05940380816658338,1.0859746972719828,0.057372305542230606,0.55
123,0.05224101593097051,0.05126934126019478,0.9716744462649027,0.05236604064702988,0.5666666666666667
124,0.05094403078158696,0.049892399460077286,1.05163068373998,0.06496574729681015,0.5833333333333334
125,0.055993566662073134,0.05487048452099164,1.123082439104716,0.06385287642478943,0.5166666666666667
126,0.05785304879148801,0.05650301004449527,1.3500384052594503,0.05692557990550995,0.5333333333333333
127,0.05410455862681071,0.05294524033864339,1.1593178749084472,0.057763174176216125,0.43333333333333335
128,0.0535348042845726,0.052420640985171,1.114163307348887,0.057318903505802155,0.48333333333333334
129,0.052855031689008077,0.05163585618138313,1.2191755731900533,0.060080528259277344,0.45
130,0.05259842947125435,0.05155517930785815,1.0432498693466186,0.0549660250544548,0.48333333333333334
131,0.05243057136734327,0.05140074516336123,1.029826041062673,0.05006115138530731,0.6166666666666667
132,0.05347364147504171,0.05247633308172226,0.9973081151644388,0.06449370086193085,0.5166666666666667
133,0.05981271763642629,0.05872501134872436,1.0877062757809957,0.06019246578216553,0.55
134,0.05277952551841736,0.051736371219158174,1.0431543827056884,0.05462026968598366,0.5666666666666667
135,0.054610254367192586,0.0535699725151062,1.040282392501831,0.06074798107147217,0.48333333333333334
136,0.05302668785055478,0.051842657725016277,1.1840296586354573,0.051443763077259064,0.6
137,0.05319954554239909,0.05221313710014026,0.9864081939061483,0.05300723388791084,0.4666666666666667
138,0.052879480520884196,0.051729175200064974,1.150305692354838,0.05469220504164696,0.5833333333333334
139,0.04982379600405693,0.048912323514620465,0.9114728927612304,0.04972140118479729,0.6333333333333333
140,0.0524679404993852,0.051507366945346196,0.960573414961497,0.05410534515976906,0.45
141,0.05104826887448629,0.050020092725753786,1.0281765858332317,0.052665356546640396,0.6
142,0.05271311352650324,0.05162531857689222,1.0877950231234232,0.05232471600174904,0.48333333333333334
143,0.05272462218999863,0.05161400313178698,1.110618527730306,0.05185484513640404,0.6
144,0.05227696274717649,0.051283941914637886,0.9930206735928854,0.05137312039732933,0.5333333333333333
145,0.05035472686092059,0.049483406295379,0.8713202953338623,0.05529654771089554,0.6666666666666666
146,0.05067031209667524,0.049622920155525205,1.047391907374064,0.05570096895098686,0.55
147,0.051389712591965994,0.05042338867982229,0.9663241426150004,0.05841430276632309,0.5833333333333334
148,0.05399620433648427,0.05271190951267878,1.2842946211496988,0.05496039614081383,0.5666666666666667
149,0.052652854720751444,0.05128826275467872,1.3645920077959697,0.056091614067554474,0.55
150,0.05235544765988986,0.05124180515607198,1.113642680644989,0.05454135313630104,0.5
151,0.05302424927552541,0.051876191546519596,1.1480575203895569,0.055241361260414124,0.38333333333333336
152,0.05393738448619843,0.052837084233760837,1.1003004352251688,0.05104976147413254,0.38333333333333336
153,0.0566390444835027,0.055424431214729945,1.2146136959393818,0.04915573075413704,0.45
154,0.05169505476951599,0.050704079866409305,0.9909746090571085,0.05364029482007027,0.6333333333333333
155,0.052750047544638315,0.05166189918915431,1.088148013750712,0.05345814675092697,0.5333333333333333
156,0.05427962392568588,0.053222628931204476,1.056994652748108,0.05657261610031128,0.4
157,0.056220456461111706,0.055014492571353914,1.2059633572896322,0.07098177820444107,0.4
158,0.05817183330655098,0.056740050514539085,1.4317829449971518,0.05439643934369087,0.5666666666666667
159,0.05636648113528887,0.055251031368970874,1.1154499729474385,0.060234542936086655,0.5833333333333334
160,0.056620223075151445,0.05545448809862137,1.1657355864842733,0.05144810304045677,0.5666666666666667
161,0.05007799292604129,0.049138669421275455,0.9393237789471944,0.051825374364852905,0.65
162,0.0524784117937088,0.05139502386252085,1.0833881815274558,0.06010580062866211,0.5333333333333333
163,0.053581082324186964,0.0524398776392142,1.1412049889564515,0.059677183628082275,0.43333333333333335
164,0.057038471351067224,0.05573146219054858,1.3070093075434366,0.04924234002828598,0.4666666666666667
165,0.05189233745137851,0.05090622703234355,0.9861105759938558,0.04999813064932823,0.6
166,0.050147415200869246,0.049282922347386675,0.8644930879275005,0.06569735705852509,0.5166666666666667
167,0.05446300109227498,0.05337492401401202,1.0880764881769815,0.05013648420572281,0.4666666666666667
168,0.05026857157548269,0.04936309233307838,0.9054795026779174,0.05359266325831413,0.48333333333333334
169,0.05236731270949046,0.05134725521008174,1.0200573404630024,0.05536314472556114,0.45
170,0.05673029000560443,0.055577287822961806,1.1530016541481019,0.06995230913162231,0.5333333333333333
171,0.05583100765943527,0.05478530625502268,1.0457016746203105,0.057464733719825745,0.5166666666666667
172,0.053188501050074895,0.0521632174650828,1.0252833485603332,0.051823507994413376,0.5833333333333334
173,0.05129899233579636,0.05041452199220657,0.884470812479655,0.04867233708500862,0.6166666666666667
174,0.05019105697671573,0.04922665283083916,0.9644042491912842,0.05251695215702057,0.5833333333333334
175,0.05151521836717923,0.05053649072845777,0.9787274320920308,0.050154153257608414,0.45
176,0.053222073366244634,0.05228544274965922,0.9366307218869527,0.05958673730492592,0.55
177,0.05343162914117177,0.05232762967546781,1.1039989988009136,0.05017638951539993,0.43333333333333335
178,0.05551797499259313,0.054507185022036234,1.0107897520065308,0.05301332473754883,0.5833333333333334
179,0.05380647430817286,0.05279454713066419,1.0119276483853659,0.05527697503566742,0.6
180,0.05126625473300616,0.05030532379945119,0.960930605729421,0.053917162120342255,0.5166666666666667
181,0.05469602247079213,0.053740896036227545,0.955125892162323,0.06328190118074417,0.6166666666666667
182,0.05135754818717639,0.050325201948483785,1.0323464473088582,0.055125005543231964,0.45
183,0.05016209110617638,0.04920426992078622,0.9578212380409241,0.051583439111709595,0.6166666666666667
184,0.05104538748661677,0.05011062622070313,0.9347610632578532,0.050388045608997345,0.55
185,0.04927012796203296,0.048367191851139066,0.9029362360636394,0.06289468705654144,0.4166666666666667
186,0.05510043203830719,0.053843082239230476,1.2573498050371805,0.07161759585142136,0.4666666666666667
187,0.05454667607943217,0.053174789249897006,1.371886150042216,0.05844181776046753,0.5
188,0.05555909052491188,0.05453802719712257,1.0210636854171753,0.06319592893123627,0.45
189,0.05806410287817319,0.05697648252050082,1.0876202781995137,0.06569318473339081,0.45
190,0.05254196921984355,0.05150991007685661,1.0320597688357036,0.04953441396355629,0.6666666666666666
191,0.051855378597974774,0.050918754935264585,0.9366230527559917,0.05649685114622116,0.48333333333333334
192,0.04943222080667813,0.04843607321381569,0.9961475729942322,0.061036694794893265,0.6333333333333333
193,0.05190449779232343,0.050915691753228506,0.9888065894444783,0.05218840017914772,0.48333333333333334
194,0.049112821370363234,0.0481466993689537,0.9661219318707784,0.049261171370744705,0.55
195,0.050199335316816966,0.04909535100062688,1.103984042008718,0.05635523796081543,0.5333333333333333
196,0.05245242988069852,0.05131786440809568,1.134565492471059,0.053960803896188736,0.6166666666666667
197,0.04939002891381582,0.04850168849031131,0.8883403539657593,0.0514431931078434,0.5833333333333334
198,0.049881768971681596,0.048895729084809623,0.9860401193300883,0.04984935373067856,0.6
199,0.04953396866718928,0.048619796584049864,0.9141719500223796,0.05605005472898483,0.5333333333333333
200,0.05065834994117419,0.0497597965101401,0.8985535621643066,0.05537085607647896,0.5
201,0.049934557328621544,0.049022941291332243,0.9116161108016968,0.05054382234811783,0.6166666666666667
202,0.05239953969915708,0.051464585959911345,0.9349538365999858,0.05189870670437813,0.36666666666666664
203,0.05240767175952594,0.05137922142942746,1.0284499963124594,0.04859084635972977,0.6
204,0.049438449243704476,0.04858472819129626,0.8537209153175354,0.05153096094727516,0.6333333333333333
205,0.051791621992985405,0.05070896099011103,1.0826608220736185,0.05382195860147476,0.4166666666666667
206,0.050828519463539126,0.04987152790029844,0.9569916009902955,0.04766185209155083,0.5833333333333334
207,0.048444494356711706,0.04757035089035829,0.8741432984670003,0.051802441477775574,0.6333333333333333
208,0.05086233491698901,0.04977967316905658,1.082661473751068,0.0614018440246582,0.5833333333333334
209,0.052995992451906206,0.051925374567508696,1.0706181565920512,0.053731195628643036,0.5833333333333334
210,0.05392371738950411,0.05282083625594775,1.102880561351776,0.05331772565841675,0.5
211,0.05361680661638578,0.05261292954285939,1.0038769324620564,0.05631265416741371,0.6166666666666667
212,0.05122077415386836,0.05023134251435598,0.9894320130348205,0.06179297715425491,0.4
213,0.05449139152963956,0.05335896934072177,1.1324215412139893,0.05314986780285835,0.5
214,0.05310467208425204,0.0518104761838913,1.2941957235336303,0.052277132868766785,0.48333333333333334
215,0.055197936048110324,0.053921655068794885,1.2762813568115234,0.07149427384138107,0.5333333333333333
216,0.05912139813105265,0.05792088061571121,1.2005179206530252,0.05426463857293129,0.4666666666666667
217,0.05236549948652585,0.05139091784755389,0.9745815873146058,0.04917292296886444,0.48333333333333334
218,0.05069468220074971,0.049720265964667006,0.9744160652160645,0.06313001364469528,0.4166666666666667
219,0.056579654663801195,0.05531524543960889,1.2644085884094238,0.06278369575738907,0.6166666666666667
220,0.053152639667193094,0.05214582333962123,1.0068158944447836,0.04720187187194824,0.5333333333333333
221,0.05117992460727692,0.05006795550386111,1.1119694153467814,0.058835774660110474,0.6333333333333333
222,0.05815335586667061,0.05668303122123083,1.4703245719273885,0.06813186407089233,0.6333333333333333
223,0.05521037032206853,0.054087466249863304,1.1229037125905355,0.058200106024742126,0.5666666666666667
224,0.057426870614290235,0.056397849569718043,1.0290207266807556,0.055547259747982025,0.43333333333333335
225,0.054971042772134146,0.053887080401182175,1.0839625239372253,0.04754363372921944,0.6333333333333333
226,0.048139340430498126,0.047273758550484976,0.8655818502108256,0.05649343878030777,0.5666666666666667
227,0.05522339145342509,0.05395035495360692,1.2730367263158162,0.05158328264951706,0.6333333333333333
228,0.05724973976612091,0.055813743422428765,1.4359963973363241,0.04913223534822464,0.5
229,0.05134626254439354,0.0501665102938811,1.1797518889109293,0.057668302208185196,0.4666666666666667
230,0.05220705196261406,0.05103093658884366,1.1761151711146036,0.05068499594926834,0.6166666666666667
231,0.057282432168722155,0.05596512332558632,1.3173087080319723,0.050746895372867584,0.43333333333333335
232,0.051634140064318976,0.05057223935921987,1.061900015672048,0.05451729893684387,0.38333333333333336
233,0.04931635682781537,0.04834107756614685,0.9752786835034688,0.05015997216105461,0.5333333333333333
234,0.052646093815565106,0.05168385257323583,0.9622411012649537,0.05619766563177109,0.5833333333333334
235,0.05420752391219139,0.053072584917147954,1.1349386731783548,0.053342822939157486,0.5666666666666667
236,0.05236579601963361,0.051259384800990425,1.1064106702804566,0.050102684646844864,0.6
237,0.05088946123917897,0.049949958175420764,0.9395029664039611,0.04890891909599304,0.5166666666666667
238,0.05192742149035136,0.05096068431933721,0.9667372941970825,0.04901973903179169,0.45
239,0.05178489908576012,0.05075216914216677,1.032729689280192,0.05918242409825325,0.43333333333333335
240,0.05089308470487595,0.049886464079221086,1.0066205739974976,0.04909025505185127,0.6666666666666666
241,0.050813768555720645,0.049870506425698596,0.9432621717453002,0.05115412548184395,0.5166666666666667
242,0.052880031367143,0.05185430124402046,1.0257301410039266,0.054205287247896194,0.5166666666666667
243,0.05281359603007634,0.051652441670497255,1.1611545085906982,0.05839419737458229,0.5166666666666667
244,0.05514305904507637,0.054023950298627214,1.1191082795461018,0.052281513810157776,0.5833333333333334
245,0.053039432813723884,0.05207484290003776,0.9645894567171732,0.05010879039764404,0.6333333333333333
246,0.0515058326224486,0.0504492258032163,1.0566061417261758,0.05458088591694832,0.48333333333333334
247,0.051454353332519534,0.050511527558167776,0.9428261001904805,0.05129857361316681,0.6166666666666667
248,0.04899175465106964,0.04807073349754016,0.9210207263628641,0.0498461052775383,0.55
249,0.05117716838916143,0.050190197428067525,0.9869706749916076,0.049134742468595505,0.5
250,0.05174121434489886,0.050781442473332085,0.9597720026969909,0.05161690339446068,0.4666666666666667
251,0.050197548667589825,0.049271172285079955,0.9263765772183736,0.048281267285346985,0.4166666666666667
252,0.05054997230569522,0.04957434410850207,0.9756282289822896,0.04785003140568733,0.45
253,0.049435649812221524,0.04855034748713175,0.8853026866912842,0.048387814313173294,0.5166666666666667
254,0.05313835019866626,0.0521492766837279,0.9890730539957683,0.05217234417796135,0.6333333333333333
255,0.051542670279741284,0.05058637782931328,0.9562918702761333,0.05084531381726265,0.6166666666666667
256,0.05682481303811073,0.055730189631382626,1.0946232438087464,0.05131257325410843,0.48333333333333334
257,0.05261194283763568,0.051549530029296874,1.0624125838279723,0.05441483110189438,0.5833333333333334
258,0.050547327597935995,0.049569929391145705,0.9773974537849426,0.0490436926484108,0.6333333333333333
259,0.05051425546407699,0.04957573289672534,0.938522732257843,0.048561617732048035,0.6166666666666667
260,0.05064929996927579,0.04964297836025556,1.006321899096171,0.05374456197023392,0.5333333333333333
261,0.05046450545390447,0.04955325350165367,0.9112518986066183,0.05413958802819252,0.38333333333333336
262,0.05169244209925334,0.0506350855032603,1.057356337706248,0.05107519030570984,0.43333333333333335
263,0.04735542858640353,0.04649291584889094,0.8625123620033264,0.050286244601011276,0.4166666666666667
264,0.04928672338525454,0.04828729455669721,0.9994285265604655,0.05657510459423065,0.38333333333333336
265,0.05101416197915872,0.04980399422347546,1.2101672450701395,0.05066053941845894,0.4166666666666667
266,0.05201329737901687,0.05096333573261897,1.0499614834785462,0.057314690202474594,0.45
267,0.0506875216960907,0.049683967729409535,1.003553819656372,0.04918226972222328,0.6333333333333333
268,0.05270747443040212,0.05181995779275894,0.8875164945920309,0.05534747242927551,0.48333333333333334
269,0.05025340567032496,0.049322476486365,0.9309293309847514,0.05246160179376602,0.5333333333333333
270,0.05267821798721949,0.05178983708222707,0.8883804599444072,0.05345389246940613,0.5166666666666667
271,0.04882426386078199,0.047920682032903034,0.9035823265711467,0.05295844003558159,0.5
272,0.04811091435452302,0.047143602495392165,0.9673113783200582,0.052434928715229034,0.48333333333333334
273,0.04808467701077461,0.04716104418039322,0.9236325224240621,0.049738794565200806,0.4666666666666667
274,0.04859853386878967,0.04763538179298242,0.9631522019704183,0.05429137498140335,0.55
275,0.05386076445380847,0.05281542167067528,1.0453425923983255,0.04968157783150673,0.6
276,0.050452987849712375,0.04945937593777974,0.9936121066411336,0.0483650304377079,0.5833333333333334
277,0.050065048535664874,0.04905345638593038,1.0115920503934224,0.04941248893737793,0.5833333333333334
278,0.047892354677120844,0.04700564543406169,0.8867091814676921,0.04838664084672928,0.6
279,0.051130266735951106,0.05023242111007373,0.8978461106618245,0.05581994354724884,0.5333333333333333
280,0.049082155774037045,0.04817313998937607,0.9090159893035888,0.05352479964494705,0.4
281,0.04831622689962387,0.04749965618054072,0.816571052869161,0.048488736152648926,0.65
282,0.05119979803760846,0.05012652228275935,1.0732762813568115,0.05893594026565552,0.55
283,0.05133672033747037,0.050232716649770734,1.1040034651756288,0.05113814026117325,0.48333333333333334
284,0.049721944332122806,0.04873803456624349,0.9839094241460165,0.053232546895742416,0.48333333333333334
285,0.052036339044570924,0.05094891463716825,1.087424365679423,0.04950607940554619,0.45
286,0.04873099202911059,0.047717803219954176,1.0131883064905802,0.051060937345027924,0.5666666666666667
287,0.050539349764585496,0.04951018542051315,1.0291640361150105,0.05062859132885933,0.45
288,0.05062251687049866,0.04953312575817108,1.089390722910563,0.06147809699177742,0.55
289,0.05397325828671455,0.052995672325293224,0.9775858203570048,0.05478383228182793,0.48333333333333334
290,0.051963603993256884,0.05093332653244336,1.0302776137987772,0.05008925125002861,0.65
291,0.050560798247655234,0.04953389217456182,1.0269058267275493,0.051856283098459244,0.55
292,0.05128227323293686,0.05027685140570005,1.0054223577181498,0.04713236540555954,0.6
293,0.050137346237897874,0.049218029528856275,0.9193166017532348,0.05143316835165024,0.5333333333333333
294,0.05949681401252747,0.05845465511083603,1.0421583930651346,0.05459298938512802,0.55
295,0.0552745242913564,0.05417486429214478,1.0996604522069295,0.04785346984863281,0.45
296,0.05315517957011859,0.05214188868800799,1.0132906874020895,0.04588296636939049,0.5833333333333334
297,0.05054141456882159,0.049615418165922166,0.9259960254033407,0.05373957380652428,0.38333333333333336
298,0.05240578080217043,0.051382851352294284,1.0229290962219237,0.060666754841804504,0.4666666666666667
299,0.054080450783173244,0.052927712847789125,1.1527382334073384,0.055752601474523544,0.45
300,0.05414226775368055,0.052800794939200084,1.341472828388214,0.049261849373579025,0.55
301,0.04944877276817958,0.048473898073037466,0.9748746037483216,0.05334683507680893,0.6166666666666667
302,0.04805504928032557,0.04715502510468165,0.9000237305959066,0.05101533606648445,0.5333333333333333
303,0.049498537679513295,0.048559572796026865,0.9389649868011475,0.04851807281374931,0.5333333333333333
304,0.050348037481307985,0.04946613411108653,0.8819032152493794,0.050209417939186096,0.6333333333333333
305,0.05055413246154785,0.049470847100019456,1.08328564564387,0.052146416157484055,0.45
306,0.050152018169562024,0.048972109456857045,1.1799083312352499,0.049112528562545776,0.45
307,0.04905126318335533,0.04807994440197945,0.9713189760843913,0.05629381164908409,0.5166666666666667
308,0.05286290322740873,0.05162045334776243,1.2424494306246439,0.06091626361012459,0.55
309,0.05437914927800496,0.05323300088445346,1.1461480339368184,0.053104694932699203,0.45
310,0.050951723009347916,0.049797714501619336,1.1540077964464823,0.06978757679462433,0.4166666666666667
311,0.06163979421059291,0.06035070767005284,1.2890865683555603,0.07028989493846893,0.6166666666666667
312,0.06022153720259667,0.05881923660635948,1.4023008545239766,0.048929180949926376,0.5833333333333334
313,0.05095033720135689,0.049880865464607876,1.0694713672002156,0.05431881546974182,0.6166666666666667
314,0.050322896987199786,0.049249861886103946,1.0730349183082581,0.04719210043549538,0.6166666666666667
315,0.049241807560125986,0.04831852788726489,0.9232796788215637,0.051894113421440125,0.6166666666666667
316,0.049807158857584,0.04877780675888062,1.029352029164632,0.05556816607713699,0.55
317,0.05258341704805692,0.051590784639120105,0.9926320552825928,0.057166360318660736,0.48333333333333334
318,0.048654922470450404,0.04771526592473189,0.9396562973658243,0.04714323952794075,0.6833333333333333
319,0.04948869397242864,0.04860039825240771,0.888295833269755,0.049604445695877075,0.65
320,0.04926304643352827,0.04838459268212318,0.8784537434577941,0.04920434579253197,0.4666666666666667
321,0.05239372576276461,0.05145182510217031,0.9419002334276835,0.05333345755934715,0.45
322,0.0489141916235288,0.04791080305973689,1.003388559818268,0.058003950864076614,0.4666666666666667
323,0.055676813175280886,0.05476440265774727,0.9124108751614889,0.05669068545103073,0.4
324,0.05385191490252813,0.05263232042392095,1.2195943435033163,0.057261623442173004,0.43333333333333335
325,0.04908242796858152,0.047995855659246446,1.0865723649660746,0.04965423420071602,0.6
326,0.04974154184261958,0.04881260022521019,0.928941547870636,0.05283726379275322,0.5166666666666667
327,0.05175436685482661,0.050737893829743065,1.0164725581804912,0.05299394205212593,0.5
328,0.04931108728051185,0.04833688785632451,0.9741993427276612,0.051653966307640076,0.6166666666666667
329,0.051037448147932686,0.0500965711971124,0.9408768018086752,0.05561743676662445,0.6166666666666667
330,0.053174517552057904,0.05220270802577336,0.9718100666999817,0.05345750227570534,0.43333333333333335
331,0.050854092836380003,0.049923763051629065,0.9303296009699503,0.050943609327077866,0.38333333333333336
332,0.050298526386419934,0.04925515900055567,1.0433677911758423,0.04728313535451889,0.6333333333333333
333,0.04882332483927409,0.04791372194886208,0.909602701663971,0.051386475563049316,0.5666666666666667
334,0.049279936403036115,0.04831785137454669,0.9620848695437113,0.04954645037651062,0.55
335,0.04931158944964409,0.048410428563753764,0.901160987218221,0.05211719870567322,0.4
336,0.05186328838268916,0.050750001023213066,1.1132871826489767,0.050731245428323746,0.5166666666666667
337,0.04898376166820526,0.048022119949261345,0.9616419553756714,0.05440806597471237,0.6166666666666667
338,0.05079553077618281,0.04986435050765673,0.9311804095904033,0.05441104993224144,0.55
339,0.04987088566025098,0.048976483692725496,0.8944019158681233,0.05122094973921776,0.45
340,0.05260618751247724,0.05153064578771591,1.075541651248932,0.051616109907627106,0.5666666666666667
341,0.04841698954502741,0.04733909716208776,1.0778925975163778,0.04842187836766243,0.4
342,0.04981508776545525,0.04883191113670667,0.983176859219869,0.055384308099746704,0.43333333333333335
343,0.04991805925965309,0.048958834757407504,0.959224538008372,0.049699001014232635,0.55
344,0.04984391455849012,0.04874545509616534,1.0984598557154337,0.046941496431827545,0.5833333333333334
345,0.04944871589541435,0.04857226138313611,0.8764545321464539,0.05417555943131447,0.55
346,0.048067744076251986,0.04711563438177109,0.9521090149879455,0.04748387262225151,0.5666666666666667
347,0.04993956262866656,0.04900116200248401,0.9384003162384034,0.05485037714242935,0.65
348,0.05219758972525597,0.05112370252609253,1.0738872448603312,0.05283196270465851,0.5666666666666667
349,0.05515850285689036,0.05387542446454366,1.28307865858078,0.05780313163995743,0.38333333333333336
350,0.05267063279946645,0.05132565647363663,1.3449764092763266,0.05267179012298584,0.5
351,0.05161000912388166,0.05063592419028282,0.9740847627321879,0.05862265080213547,0.4
352,0.04958924998839696,0.04856044376889865,1.028806471824646,0.04732711613178253,0.5833333333333334
353,0.04879494806130727,0.04784393111864726,0.9510172565778097,0.04945049434900284,0.5833333333333334
354,0.04822233741482099,0.047200325131416324,1.0220121304194132,0.04890501871705055,0.4
355,0.05026674196124077,0.04927840828895569,0.9883333206176758,0.05050406605005264,0.55
356,0.05345883046587308,0.0523718702296416,1.0869602719942728,0.05628840997815132,0.4
357,0.05821154291431109,0.057104278604189554,1.1072642962137857,0.053735386580228806,0.5333333333333333
358,0.05074772263566653,0.049780821924408275,0.9669004678726196,0.050250496715307236,0.6
359,0.05174991711974144,0.05048670123020808,1.2632159113883972,0.050793007016181946,0.5166666666666667
360,0.05386548563838005,0.052705154319604236,1.160330581665039,0.05135248973965645,0.4166666666666667
361,0.048191149284442264,0.04728174457947413,0.9094047983487447,0.05027332529425621,0.6166666666666667
362,0.05281723489363988,0.05179740910728772,1.0198253671328226,0.05271434783935547,0.5833333333333334
363,0.05340559755762418,0.052407488226890564,0.9981095552444458,0.04825662076473236,0.55
364,0.0529605229695638,0.052007628480593364,0.952894369761149,0.059859007596969604,0.5166666666666667
365,0.05172673563162486,0.0507871833940347,0.9395527243614197,0.05062547326087952,0.5833333333333334
366,0.050639013697703676,0.04979049613078435,0.848517906665802,0.04931189864873886,0.6
367,0.04963858897487323,0.04873128607869148,0.9073027809460957,0.0490027591586113,0.6333333333333333
368,0.04945402021209399,0.04863373190164566,0.8202881971995036,0.057227712124586105,0.36666666666666664
369,0.05077815527717273,0.04980068082610766,0.9774748245875041,0.05117013305425644,0.48333333333333334
370,0.05008919760584831,0.04914240812261899,0.9467901269594828,0.055093612521886826,0.5333333333333333
371,0.049442182977994284,0.0484399825334549,1.0022005279858908,0.04900212585926056,0.6166666666666667
372,0.048121414085229235,0.0470700149734815,1.0513988812764485,0.052131809294223785,0.6166666666666667
373,0.04796839157740275,0.04707759271065394,0.890799081325531,0.05074403062462807,0.5333333333333333
374,0.04660289846360684,0.04575347565114498,0.849422546227773,0.049712587147951126,0.5333333333333333
375,0.04817022532224655,0.04710138787825902,1.0688376506169637,0.052508361637592316,0.48333333333333334
376,0.05089894433816274,0.049909463773171105,0.9894804159800211,0.04953692853450775,0.5666666666666667
377,0.049717260400454204,0.048795482019583385,0.9217785676320394,0.054905105382204056,0.48333333333333334
378,0.05016291116674741,0.04928417652845383,0.8787351608276367,0.05292566865682602,0.45
379,0.05037702446182569,0.049409636110067365,0.9673880060513814,0.04897167906165123,0.5
380,0.04699814344445864,0.046158697952826816,0.8394456386566163,0.04872966930270195,0.5666666666666667
381,0.0490712175766627,0.04819401055574417,0.8772073904673259,0.052520427852869034,0.5333333333333333
382,0.049234020461638765,0.04827869708339373,0.9553236921628316,0.049235355108976364,0.5333333333333333
383,0.04966918627421061,0.048731637001037595,0.9375486135482788,0.05231746286153793,0.5333333333333333
384,0.05130863313873609,0.05024445181091627,1.0641812006632487,0.05515138432383537,0.48333333333333334
385,0.05504951700568199,0.05391196832060814,1.1375486969947814,0.05302870646119118,0.45
386,0.05142203668753306,0.050462477902571364,0.9595587054888407,0.046728186309337616,0.55
387,0.05151294792691866,0.05057682866851489,0.9361185391743978,0.05430396646261215,0.6166666666666667
388,0.05345725864171982,0.05237051124374072,1.086747129758199,0.05104374513030052,0.45
389,0.05020587320129077,0.049188901732365294,1.0169718225797018,0.05262722820043564,0.4166666666666667
390,0.04903773566087087,0.04801534985502561,1.0223862727483113,0.05326034873723984,0.4
391,0.04856647898753484,0.0476603959997495,0.9060827136039734,0.05373839661478996,0.45
392,0.05110071748495102,0.050153746952613196,0.9469701409339905,0.05012815073132515,0.5333333333333333
393,0.05311143100261688,0.05218313882748286,0.9282922188440959,0.05243400111794472,0.55
394,0.05171267216404279,0.050675296286741896,1.0373759388923645,0.05482921376824379,0.6333333333333333
395,0.0508368747929732,0.04992551902929942,0.9113555232683818,0.047820404171943665,0.6833333333333333
396,0.048144988467295965,0.04724509368340175,0.8998947024345398,0.055074505507946014,0.5833333333333334
397,0.04924005145827929,0.048305297394593556,0.9347539226214091,0.049544356763362885,0.6166666666666667
398,0.04873981749018033,0.047887622068325676,0.8521951913833619,0.050679612904787064,0.6333333333333333
399,0.047936130811770755,0.04711130981643995,0.8248211145401001,0.050170332193374634,0.5833333333333334
400,0.04790074974298477,0.04708548237880071,0.8152680118878682,0.05371181666851044,0.6333333333333333
401,0.04944067920247714,0.04843758195638657,1.0030970096588134,0.04886513575911522,0.5333333333333333
402,0.05056785171230634,0.049591655780871706,0.976195768515269,0.06207151338458061,0.5166666666666667
403,0.05387883906563123,0.05280910829703013,1.0697308460871378,0.05549749732017517,0.4666666666666667
404,0.05414271627863248,0.05309600954254468,1.0467066168785095,0.050837256014347076,0.65
405,0.04801362380385399,0.0469379852215449,1.075638469060262,0.05395229160785675,0.38333333333333336
406,0.05063985611001651,0.04944776395956675,1.1920923868815103,0.05524145066738129,0.4666666666666667
407,0.05052601968248685,0.049484978119532265,1.0410411437352498,0.04942203313112259,0.5166666666666667
408,0.04814384157458941,0.04730838413039843,0.8354576269785563,0.0490129180252552,0.6166666666666667
409,0.04741363376379013,0.04655724142988523,0.8563926418622335,0.047909751534461975,0.45
410,0.04817279055714607,0.047217267006635665,0.9555237174034119,0.05159340426325798,0.4666666666666667
411,0.04762785608569781,0.04663283924261729,0.9950166384379069,0.05103684589266777,0.45
412,0.04944743240873019,0.04851982966065407,0.9276027282079061,0.0517655573785305,0.45
413,0.05023693069815636,0.04905906369288762,1.1778672059377036,0.05554962530732155,0.4666666666666667
414,0.04751393919189771,0.046630586683750155,0.8833526651064555,0.04895782098174095,0.55
415,0.04682724376519521,0.04599946476519108,0.8277791500091553,0.05123037099838257,0.5666666666666667
416,0.04774192348122597,0.04676827440659205,0.9736495733261108,0.05637628212571144,0.6
417,0.04809233024716377,0.047051272044579186,1.0410582701365152,0.051211077719926834,0.6166666666666667
418,0.04719785501559575,0.04619328752160072,1.0045677860577902,0.057081084698438644,0.6166666666666667
419,0.04910381883382797,0.04801270340879758,1.0911154985427856,0.047524694353342056,0.65
420,0.050008004903793334,0.049050118774175644,0.9578867673873901,0.05037843436002731,0.5
421,0.048914992312590284,0.047879411031802495,1.0355816602706909,0.058449216187000275,0.55
422,0.05101683015624682,0.050036992877721786,0.9798374891281127,0.05004630237817764,0.6
423,0.049297570685545605,0.0483845720688502,0.9129987756411234,0.048746757209300995,0.6
424,0.04699117690324783,0.04600592056910197,0.9852564891179403,0.049934033304452896,0.5833333333333334
425,0.04719264308611552,0.04621167505780856,0.9809684514999389,0.0493210069835186,0.5833333333333334
426,0.04961860328912735,0.04861012920737266,1.0084739287694295,0.04983651638031006,0.6333333333333333
427,0.054361067215601605,0.053462089101473494,0.8989783128102621,0.059736281633377075,0.6333333333333333
428,0.052608941495418546,0.0515190934141477,1.0898476759592692,0.05188588425517082,0.5666666666666667
429,0.04984682748715083,0.04873903319239616,1.1077943364779155,0.051935892552137375,0.6
430,0.05179426123698552,0.050732746720314026,1.0615141908327739,0.05206369608640671,0.48333333333333334
431,0.04941400686899821,0.048391792674859366,1.0222140630086263,0.060455650091171265,0.5666666666666667
432,0.050703155001004536,0.04977046648661296,0.9326881726582845,0.049151744693517685,0.45
433,0.04800331095854441,0.04700627898176511,0.9970319350560506,0.055874086916446686,0.45
434,0.051223846773306526,0.05030655860900879,0.9172879576683044,0.056808821856975555,0.5333333333333333
435,0.05280420829852422,0.05175967613855998,1.0445322434107462,0.052558112889528275,0.55
436,0.0464896651605765,0.04555451025565465,0.9351553082466125,0.04917677491903305,0.55
437,0.049592743068933486,0.04870051046212514,0.8922329028447469,0.05711415410041809,0.5
438,0.0520386387904485,0.05097690721352895,1.0617311398188274,0.05220625922083855,0.4166666666666667
439,0.050931998838980995,0.04978922555843989,1.142773485183716,0.05496255308389664,0.5166666666666667
440,0.046832183748483656,0.04585623120268186,0.9759521921475728,0.05339972674846649,0.6
441,0.046540962904691695,0.045550434043010075,0.9905287583669027,0.05127567797899246,0.5333333333333333
442,0.047369667887687684,0.04643677994608879,0.9328882177670796,0.04679955542087555,0.6
443,0.04984881579875946,0.048689503719409305,1.1593122839927674,0.058789849281311035,0.6166666666666667
444,0.05025517915685972,0.04913674096266429,1.1184381127357483,0.04991527274250984,0.55
445,0.04784490118424098,0.046975001444419226,0.8698996822039287,0.04753920063376427,0.43333333333333335
446,0.04784653509656588,0.04696180075407028,0.8847340742746989,0.05100593343377113,0.6166666666666667
447,0.04690112397074699,0.045996523648500445,0.9046001752217611,0.04814659059047699,0.5666666666666667
448,0.05027341345945994,0.0492977167169253,0.9756968100865682,0.05379275977611542,0.6333333333333333
449,0.05012940789262454,0.049242441852887474,0.8869660298029581,0.04797413572669029,0.5666666666666667
450,0.04502470629910628,0.04426593023041884,0.7587755839029948,0.05198698863387108,0.5
451,0.0456761776159207,0.044869190206130345,0.8069873015085857,0.06452713161706924,0.43333333333333335
452,0.056135331839323045,0.05498887300491333,1.1464583317438761,0.049929361790418625,0.4666666666666667
453,0.05525561322768529,0.054072365661462146,1.1832477450370789,0.05674855783581734,0.4666666666666667
454,0.04949275702238083,0.04845827544728915,1.034481954574585,0.04989168047904968,0.6
455,0.049942905207475026,0.04893826668461164,1.0046386957168578,0.05115247890353203,0.6
456,0.05224741324782371,0.051089521249135336,1.1578921675682068,0.059440553188323975,0.5166666666666667
457,0.0523492656648159,0.05113844474156697,1.21082052787145,0.05174743011593819,0.5333333333333333
458,0.05033413196603457,0.049335617820421854,0.9985146284103393,0.05028323829174042,0.5166666666666667
459,0.049196449915568034,0.048174251119295755,1.0221986055374146,0.05387718230485916,0.5833333333333334
460,0.047872669001420336,0.04697974224885305,0.8929266770680745,0.04789253696799278,0.6166666666666667
461,0.04693782143294811,0.04599585024019082,0.9419715563456218,0.04599064588546753,0.5
462,0.04774265016118685,0.046901308745145795,0.8413413763046265,0.0490405447781086,0.45
463,0.049029630174239475,0.04820024520158768,0.8293847401936849,0.04719528555870056,0.65
464,0.047299496829509735,0.04638484890262286,0.9146479805310567,0.05017419904470444,0.5833333333333334
465,0.04832040543357531,0.0474687747657299,0.8516306122144063,0.061005689203739166,0.5833333333333334
466,0.050153380384047826,0.04918468122680982,0.9686986565589905,0.04838874936103821,0.6
467,0.04953817377487819,0.04865358099341392,0.884592592716217,0.04860204458236694,0.55
468,0.05103242297967275,0.050207420438528064,0.825002658367157,0.049723878502845764,0.43333333333333335
469,0.05136731093128522,0.0503926840921243,0.9746273954709371,0.05256297066807747,0.5833333333333334
470,0.047917703787485756,0.04695660173892975,0.9611018419265747,0.05101783946156502,0.5
471,0.04527213908731938,0.04443053851524989,0.8416003982226054,0.060904596000909805,0.6166666666666667
472,0.05016411617398262,0.04908077294627825,1.0833430846532186,0.046356622129678726,0.48333333333333334
473,0.04887194981177648,0.04781417300303777,1.0577768484751384,0.04735282063484192,0.6166666666666667
474,0.04758263776699702,0.04662835970520973,0.9542783498764038,0.05186956375837326,0.43333333333333335
475,0.04795666486024856,0.047013462086518604,0.943202551205953,0.048390015959739685,0.4666666666666667
476,0.05008869245648384,0.049080797284841535,1.0078948895136515,0.05263475328683853,0.4166666666666667
477,0.04868889674544334,0.04780613432327906,0.8827630440394084,0.050560351461172104,0.4
478,0.04892709106206894,0.048042964686950046,0.8841259797414144,0.04730449616909027,0.43333333333333335
479,0.04501534750064214,0.044192089388767876,0.8232582529385885,0.050078656524419785,0.55
480,0.045012452825903895,0.04422581320007642,0.7866390864054362,0.046975623816251755,0.48333333333333334
481,0.04881586109598478,0.04798764834801356,0.8282126148541769,0.0509098544716835,0.5666666666666667
482,0.04684445783495903,0.04604558149973551,0.7988760034243266,0.04908967390656471,0.5333333333333333
483,0.04843484212954839,0.04752037525177002,0.9144671400388081,0.04797425866127014,0.6
484,0.0507150262594223,0.04970152775446574,1.0134990533192954,0.051680680364370346,0.4166666666666667
485,0.04662746464212735,0.04565629412730535,0.9711706121762593,0.05191545933485031,0.6
486,0.04756265381971995,0.04671764199932416,0.845011309782664,0.04911964014172554,0.38333333333333336
487,0.04726209118962288,0.04641277628640334,0.8493151386578878,0.045627716928720474,0.5666666666666667
488,0.049693915992975235,0.048726407686869304,0.9675085266431173,0.053520504385232925,0.5
489,0.047229783485333125,0.04628588333725929,0.9438995798428853,0.05511682108044624,0.43333333333333335
490,0.048369387288888295,0.047481468071540196,0.8879195054372152,0.04765595868229866,0.5333333333333333
491,0.049557609111070634,0.04856201733152072,0.9955916166305542,0.045737892389297485,0.5166666666666667
492,0.04832379445433617,0.04741895844539006,0.9048361897468566,0.04761757701635361,0.5666666666666667
493,0.04621198996901512,0.04531466836730639,0.8973213036855062,0.05143905431032181,0.5666666666666667
494,0.04438039722541968,0.043566471834977465,0.8139253417650859,0.04959339275956154,0.48333333333333334
495,0.04538303092122078,0.04451186408599218,0.871166463692983,0.05252569913864136,0.5666666666666667
496,0.04506935129563014,0.044280642022689186,0.7887099107106527,0.04583854228258133,0.48333333333333334
497,0.04700300271312396,0.046018823981285095,0.9841790437698364,0.05062298849225044,0.5666666666666667
498,0.04591956858833631,0.045075641572475435,0.8439269264539083,0.04906601831316948,0.5
499,0.04627119203408559,0.04539690539240837,0.8742865880330404,0.053436215966939926,0.6333333333333333
500,0.048194676637649536,0.047266343732674916,0.9283327897389729,0.052781231701374054,0.5333333333333333
