epoch,train_loss,rmse_loss,trend_loss,val_rmse,val_trend_acc
0,0.3217493280768394,0.3083064327637354,13.442897860209147,0.10305634886026382,0.45
1,0.08513121331731478,0.08098365515470504,4.147558927536011,0.061550434678792953,0.4666666666666667
2,0.05539078215758006,0.0531980536878109,2.192728034655253,0.03459516167640686,0.48333333333333334
3,0.04300707057118416,0.04149555563926697,1.5115150531133017,0.02893138863146305,0.5
4,0.0440427377820015,0.042403750121593475,1.638987938563029,0.03246191889047623,0.5333333333333333
5,0.04219041938583056,0.04059784611066183,1.5925731976826987,0.049377843737602234,0.43333333333333335
6,0.03696352069576581,0.0357391477872928,1.2243729829788208,0.03348875418305397,0.48333333333333334
7,0.03715809807181358,0.035976498698194824,1.1815996408462524,0.03254561871290207,0.5
8,0.04103422376016776,0.03984061752756437,1.1936058481534322,0.031225429847836494,0.5166666666666667
9,0.041536703954140344,0.040066400170326234,1.4703033924102784,0.038780663162469864,0.55
10,0.04075343410174052,0.03945795272787412,1.295481022198995,0.029623812064528465,0.5666666666666667
11,0.04061384337643782,0.03943955401579539,1.1742893179257712,0.026725204661488533,0.5333333333333333
12,0.03724511936306953,0.036069367577632266,1.1757511854171754,0.02266681008040905,0.5
13,0.03768156530956427,0.03662210752566655,1.059457540512085,0.03329652547836304,0.5166666666666667
14,0.03872124254703522,0.03771496241291364,1.0062798182169597,0.036326225847005844,0.45
15,0.03840422655145327,0.03729396313428879,1.1102630535761515,0.03456049785017967,0.6666666666666666
16,0.04218053035438061,0.041015514110525446,1.1650161663691203,0.03391821309924126,0.45
17,0.037127797553936644,0.03596356896062692,1.1642285227775573,0.020717788487672806,0.6
18,0.03518484036127726,0.0342098668217659,0.9749738216400147,0.029069308191537857,0.48333333333333334
19,0.037136578808228175,0.036119428525368376,1.017150604724884,0.02923695743083954,0.5333333333333333
20,0.03511626621087392,0.03408157552282016,1.0346912622451783,0.02999909035861492,0.4666666666666667
21,0.03666831490894159,0.03560518411298593,1.063130799929301,0.034383438527584076,0.43333333333333335
22,0.036533388992150626,0.035309762507677075,1.2236265619595845,0.03418385982513428,0.45
23,0.037412957102060315,0.03623488657176495,1.1780701200167338,0.02394467033445835,0.55
24,0.03822331093251705,0.03709855601191521,1.1247550964355468,0.04858817160129547,0.6333333333333333
25,0.04834122732281685,0.046840650588274,1.5005770961443583,0.025992807000875473,0.55
26,0.0366408932954073,0.03551239967346191,1.1284932653109232,0.022648528218269348,0.5666666666666667
27,0.03512624129652977,0.034117162227630615,1.0090791265169778,0.02694537490606308,0.5166666666666667
28,0.033494634181261064,0.032476085051894185,1.0185489296913146,0.03272835165262222,0.5833333333333334
29,0.03524615230659644,0.03421963242193063,1.0265195608139037,0.026244014501571655,0.6166666666666667
30,0.035345657542347905,0.034337501724561056,1.0081554293632506,0.03920523077249527,0.4166666666666667
31,0.040794867525498074,0.03962474254270395,1.1701245069503785,0.032512109726667404,0.48333333333333334
32,0.035934398571650185,0.03485739988585313,1.0769984722137451,0.022468306124210358,0.5666666666666667
33,0.03461285618444284,0.03344412458439668,1.1687312364578246,0.025020284578204155,0.5333333333333333
34,0.034151730313897136,0.033095312491059306,1.0564176400502523,0.029196152463555336,0.48333333333333334
35,0.037975042064984636,0.036678413798411684,1.2966281652450562,0.03331613540649414,0.4666666666666667
36,0.03644145801663399,0.03538893970350424,1.0525187055269878,0.026704300194978714,0.5
37,0.03397464118897915,0.032995495448509854,0.9791455030441284,0.04427643492817879,0.5166666666666667
38,0.04088476821780205,0.039794738839070004,1.0900293509165446,0.02781338430941105,0.6166666666666667
39,0.035036669795711836,0.03398577434321245,1.0508951544761658,0.027215244248509407,0.5333333333333333
40,0.03246830826004346,0.03153281571964423,0.9354923844337464,0.028250955045223236,0.55
41,0.03344265172878901,0.032442886382341385,0.9997655312220256,0.02205813303589821,0.5666666666666667
42,0.03622164130210877,0.035169168189167974,1.0524728536605834,0.02436918206512928,0.5333333333333333
43,0.034802099938193956,0.0338046512256066,0.997448448340098,0.02962234802544117,0.5333333333333333
44,0.041883600999911626,0.04064136346181234,1.2422367016474405,0.03158116340637207,0.48333333333333334
45,0.04213111661374569,0.040851351742943125,1.279764755566915,0.02633562870323658,0.48333333333333334
46,0.0358009888480107,0.0345770388841629,1.2239499847094217,0.026776328682899475,0.48333333333333334
47,0.034500944117705025,0.0336112176378568,0.8897268573443095,0.03318101540207863,0.5
48,0.0350629486143589,0.03415922361115615,0.9037254134813945,0.023342903703451157,0.65
49,0.03889428538580735,0.03783907108008862,1.0552146116892496,0.022086724638938904,0.55
50,0.033424173419674234,0.03243143645425638,0.9927372018496196,0.02081344462931156,0.6333333333333333
51,0.03343496893843015,0.03256714629630248,0.8678230325380961,0.024024274200201035,0.4666666666666667
52,0.032510536660750704,0.0315899687508742,0.9205679098765055,0.022171232849359512,0.5833333333333334
53,0.03320050463080406,0.03229784903426965,0.9026554107666016,0.026169370859861374,0.55
54,0.03645086077352365,0.035512707009911534,0.9381536801656087,0.031185902655124664,0.48333333333333334
55,0.036984664077560105,0.03593385840455691,1.0508052388827005,0.028368934988975525,0.5166666666666667
56,0.03383583538234234,0.03280074882010619,1.0350861112276712,0.02596411108970642,0.5333333333333333
57,0.03610280727346738,0.03512320841352145,0.9795990387598673,0.025228021666407585,0.5333333333333333
58,0.03236255310475826,0.031512279187639554,0.850273581345876,0.042340703308582306,0.35
59,0.037778181955218315,0.03654351259271304,1.234669574101766,0.02871129848062992,0.5333333333333333
60,0.03784584489961465,0.03675167883435885,1.094165817896525,0.05182071402668953,0.43333333333333335
61,0.04088858279089133,0.039738478139042854,1.150104820728302,0.028282465413212776,0.45
62,0.0359628031651179,0.034919682145118716,1.043120265007019,0.02891126461327076,0.43333333333333335
63,0.03463670661052068,0.033561386664708454,1.0753203670183817,0.021571781486272812,0.6166666666666667
64,0.03519763487080733,0.03426141316692034,0.9362212498982747,0.03261681646108627,0.5833333333333334
65,0.03463887982070446,0.033584712197383244,1.0541675051053365,0.03593768924474716,0.5333333333333333
66,0.03745175749063492,0.036279929677645366,1.1718271811803183,0.025112269446253777,0.6
67,0.03417427018284798,0.03322925679385662,0.945012903213501,0.02920728735625744,0.4666666666666667
68,0.03546573060254256,0.03451500286658605,0.9507276972134908,0.027263851836323738,0.4666666666666667
69,0.03389072169860204,0.032939675450325015,0.9510461250940959,0.04507876932621002,0.5166666666666667
70,0.04435256024201711,0.04328474067151546,1.067819102605184,0.02750164084136486,0.4166666666666667
71,0.03416922837495804,0.033108831072847046,1.0603973070780437,0.02976110391318798,0.55
72,0.034794918696085614,0.03373174419005712,1.063174299399058,0.022324511781334877,0.5166666666666667
73,0.032990005488197006,0.03204799654583136,0.9420087814331055,0.021754687651991844,0.5333333333333333
74,0.03231211962799231,0.03139886322120825,0.9132567723592122,0.024970518425107002,0.5666666666666667
75,0.03406285072366397,0.03319503888487816,0.8678118705749511,0.03078862465918064,0.6
76,0.03832761434217294,0.03716540498038133,1.1622096101442974,0.03828313201665878,0.5166666666666667
77,0.03642910197377205,0.03529899815718333,1.1301034490267436,0.02321869693696499,0.5666666666666667
78,0.03458587564527989,0.033638510728875796,0.9473650336265564,0.026343433186411858,0.5166666666666667
79,0.03494533399740855,0.03401762569944064,0.9277088205019633,0.02896242029964924,0.4666666666666667
80,0.034856134280562404,0.033887400602300964,0.9687341451644897,0.022368188947439194,0.6333333333333333
81,0.03628749114771684,0.035407372191548346,0.8801188071568807,0.019647648558020592,0.55
82,0.034945824493964515,0.03398408976693948,0.9617346008618672,0.023115523159503937,0.5666666666666667
83,0.033543942992885906,0.032546701406439144,0.9972412864367167,0.025488395243883133,0.55
84,0.03781926843027274,0.03675815549989541,1.0611128330230712,0.027253741398453712,0.48333333333333334
85,0.033383964002132414,0.03245818912982941,0.9257748285929362,0.03430327773094177,0.4666666666666667
86,0.034886705502867696,0.0339673288166523,0.9193766474723816,0.032059576362371445,0.7
87,0.03589789805312951,0.03481622810165087,1.0816701769828796,0.04968751594424248,0.38333333333333336
88,0.03659889188905557,0.035599932571252185,0.9989596168200175,0.03178081661462784,0.5666666666666667
89,0.0364681260039409,0.035527025287350016,0.941101058324178,0.04535000026226044,0.4666666666666667
90,0.035620995610952375,0.03465181415279706,0.9691815177599589,0.02504541538655758,0.6
91,0.03413338921964169,0.03309943030277888,1.0339588602383931,0.023742401972413063,0.5666666666666667
92,0.03324954708417257,0.032369214296340945,0.8803329984347026,0.026989763602614403,0.5333333333333333
93,0.035868110880255696,0.0347649530818065,1.1031579891840617,0.0436418354511261,0.4666666666666667
94,0.043101685990889864,0.04197870008647442,1.1229861736297608,0.025892626494169235,0.5333333333333333
95,0.03514194016655286,0.034102366243799524,1.0395739833513895,0.023581139743328094,0.6666666666666666
96,0.03355153451363246,0.03260359230140845,0.9479424277941386,0.028470944613218307,0.5666666666666667
97,0.03425339634219805,0.0332938440144062,0.9595524191856384,0.0333743654191494,0.38333333333333336
98,0.03530997782945633,0.0341951643427213,1.114813466866811,0.02898402139544487,0.5
99,0.03352863180140654,0.03249379222591718,1.034839916229248,0.02267715334892273,0.5166666666666667
100,0.03241143313546976,0.03147729933261871,0.9341341416041057,0.031165217980742455,0.55
101,0.035947541768352194,0.0350161066899697,0.931434957186381,0.03072717972099781,0.5333333333333333
102,0.035758450627326965,0.034646789605418844,1.1116609215736388,0.032061126083135605,0.5
103,0.034832267959912615,0.033838689078887305,0.9935793042182922,0.04477541148662567,0.55
104,0.03858764494458834,0.03760161486764749,0.9860298037528992,0.027196044102311134,0.65
105,0.034246274704734486,0.033212469642361006,1.0338049451510112,0.03429450839757919,0.55
106,0.03230060463150342,0.031448440874616304,0.8521634697914123,0.02820286527276039,0.6166666666666667
107,0.033442552636067074,0.032544272020459175,0.8982805569966634,0.022166669368743896,0.45
108,0.03348521701991558,0.032548635328809424,0.9365816394488017,0.02785724774003029,0.5333333333333333
109,0.03412670443455378,0.0329461608082056,1.1805431167284648,0.028434662148356438,0.5
110,0.03393735736608505,0.0328725952655077,1.0647627393404642,0.02816569060087204,0.48333333333333334
111,0.0323657289147377,0.03136180726190408,1.0039218346277872,0.02418036013841629,0.45
112,0.03287589910129706,0.031952872251470886,0.9230266849199931,0.02601008303463459,0.5166666666666667
113,0.034333351999521255,0.03323896365861098,1.094388238588969,0.03183293342590332,0.4166666666666667
114,0.03388933092355728,0.03297003880143166,0.919292151927948,0.03382377699017525,0.45
115,0.03306311890482903,0.03217570756872495,0.8874113043149312,0.025732968002557755,0.5166666666666667
116,0.03400813502569993,0.03309701246519883,0.9111224333445231,0.022705819457769394,0.5666666666666667
117,0.03163662465910117,0.030729609106977782,0.9070151487986247,0.022975759580731392,0.55
118,0.03361312250296275,0.032690374304850896,0.9227481762568156,0.0315689742565155,0.5333333333333333
119,0.03299158873657385,0.03208436357478301,0.9072253346443176,0.026660757139325142,0.5
120,0.033044626315434776,0.03204383738338947,1.0007885972658792,0.024601729586720467,0.55
121,0.03384615567823251,0.03288147362569968,0.9646816651026408,0.05131097882986069,0.48333333333333334
122,0.037266416599353154,0.03634662938614686,0.9197869141896565,0.027349114418029785,0.6166666666666667
123,0.03407899724940459,0.033134780203302704,0.9442172884941101,0.0422520749270916,0.43333333333333335
124,0.04055588158468405,0.03957735958198706,0.9785213510195414,0.03828859329223633,0.5
125,0.039474759871761,0.038529190917809805,0.9455687920252482,0.027333470061421394,0.5333333333333333
126,0.03352933128674825,0.032650898396968844,0.8784333308537801,0.02559751458466053,0.55
127,0.03253645139435927,0.03171226407090823,0.8241874694824218,0.024230239912867546,0.5
128,0.03367192459603151,0.03275173629323642,0.9201882759730021,0.026636583730578423,0.4166666666666667
129,0.03438898772001266,0.0334211972852548,0.9677900075912476,0.02981450967490673,0.5666666666666667
130,0.039218253642320636,0.03831655805309613,0.9016955653826396,0.047514501959085464,0.4166666666666667
131,0.03751642753680547,0.03647132652501265,1.0451009233792623,0.02373974770307541,0.5666666666666667
132,0.03329829573631286,0.03233304681877295,0.9652488191922506,0.03931830823421478,0.45
133,0.036724249521891274,0.03564397332568963,1.080276374022166,0.026065614074468613,0.5666666666666667
134,0.033550528809428215,0.03261887741585572,0.9316515525182089,0.028295336291193962,0.5166666666666667
135,0.03609832040965557,0.03517392414311568,0.9243964314460754,0.02598399482667446,0.5666666666666667
136,0.03415471725165844,0.03317695806423823,0.9777591069539388,0.029118837788701057,0.5333333333333333
137,0.032912883907556534,0.0320725633452336,0.8403207818667094,0.0292685404419899,0.5666666666666667
138,0.03288951553404331,0.03182749859988689,1.062017067273458,0.03149726614356041,0.48333333333333334
139,0.035615674778819086,0.03460580805937449,1.0098667025566102,0.034553639590740204,0.5666666666666667
140,0.039130793511867525,0.03811938924094041,1.0114046653111777,0.02781558409333229,0.5166666666666667
141,0.0356206634392341,0.034605558464924496,1.015105148156484,0.027036620303988457,0.4166666666666667
142,0.03283821592728297,0.03199093913038572,0.8472769101460774,0.023750673979520798,0.6166666666666667
143,0.03393541077772776,0.0330077949911356,0.9276153564453125,0.02643975429236889,0.5333333333333333
144,0.03329455293715,0.03235317133367062,0.9413813312848409,0.02523706667125225,0.48333333333333334
145,0.033154527718822165,0.03228309725721677,0.8714301705360412,0.02381335198879242,0.6
146,0.03277295616765817,0.03193593757847945,0.8370186368624369,0.038002245128154755,0.5166666666666667
147,0.034769125779469806,0.033842380593220395,0.9267452001571655,0.021941127255558968,0.6333333333333333
148,0.03260653850932916,0.03165142089128494,0.9551175554593404,0.02349492907524109,0.4666666666666667
149,0.03390666445096334,0.03297064416110516,0.9360198418299357,0.02832011692225933,0.5666666666666667
150,0.032912066827217736,0.03193193512658278,0.9801316738128663,0.033543433994054794,0.4166666666666667
151,0.03403721315165361,0.03306399298210939,0.9732203205426534,0.026929685845971107,0.4666666666666667
152,0.031741509089867274,0.030840458224217097,0.9010506391525268,0.029175978153944016,0.5666666666666667
153,0.03439384574691454,0.033407988399267195,0.9858573079109192,0.039318885654211044,0.35
154,0.034307662025094034,0.03337924840549628,0.9284135262171428,0.027058353647589684,0.5166666666666667
155,0.03328198095162709,0.03232005536556244,0.9619257807731628,0.030446935445070267,0.55
156,0.03668692012627919,0.035628855352600415,1.0580642620722454,0.026540810242295265,0.5166666666666667
157,0.03189063655833403,0.030962422862648963,0.928213894367218,0.027925537899136543,0.5666666666666667
158,0.03389034271240234,0.03298181742429733,0.9085253477096558,0.025931352749466896,0.65
159,0.031700011094411215,0.030845754966139793,0.8542560497919719,0.036293335258960724,0.5333333333333333
160,0.033447369436422986,0.03245283253490925,0.9945367296536763,0.037195488810539246,0.5666666666666667
161,0.036693529784679414,0.03572116134067376,0.972368065516154,0.026499375700950623,0.5666666666666667
162,0.03438036578396956,0.033387568593025205,0.9927969892819722,0.023359639570116997,0.5333333333333333
163,0.03802662342786789,0.03695230856537819,1.07431458234787,0.026674440130591393,0.5166666666666667
164,0.032431449244419736,0.03157979796330134,0.851651418209076,0.025326361879706383,0.5333333333333333
165,0.033522264038523035,0.03264153661827247,0.8807273745536804,0.028050659224390984,0.48333333333333334
166,0.03604025604824225,0.03506173839171727,0.978517762819926,0.03524351492524147,0.5333333333333333
167,0.03876368937393029,0.03756119286020597,1.2024964968363443,0.023563474416732788,0.5833333333333334
168,0.03254254050552845,0.0315650038421154,0.9775364716847738,0.02261706255376339,0.5333333333333333
169,0.034100855514407155,0.03300200303395589,1.0988524715105692,0.029448268935084343,0.48333333333333334
170,0.03611047354837259,0.03484557494521141,1.26489866177241,0.03197241947054863,0.5666666666666667
171,0.03644244273503621,0.03529213008781274,1.1503124634424846,0.03703351318836212,0.4
172,0.037795495986938474,0.03668213884035746,1.1133570710817973,0.030037978664040565,0.5666666666666667
173,0.03585772899289926,0.03471288519601027,1.144844079017639,0.03863459452986717,0.5666666666666667
174,0.034749736388524376,0.03383689460655053,0.9128416816393534,0.021846851333975792,0.65
175,0.03300251252949238,0.032135727753241854,0.8667843341827393,0.03649972751736641,0.4166666666666667
176,0.03355306883653005,0.032600941012303035,0.952127472559611,0.02642623893916607,0.5166666666666667
177,0.03410234376788139,0.03308513077596823,1.0172125299771626,0.02084123156964779,0.45
178,0.03628367173175017,0.035345671325922014,0.9380003849665324,0.028411559760570526,0.4666666666666667
179,0.034440490106741585,0.03354792669415474,0.8925634860992432,0.023081397637724876,0.5666666666666667
180,0.030933889870842297,0.030100676914056143,0.8332127173741658,0.02613900415599346,0.5166666666666667
181,0.034845358009139696,0.03397828402618567,0.8670736630757649,0.02292504347860813,0.5166666666666667
182,0.03049208434919516,0.02963402991493543,0.8580547531445821,0.027758266776800156,0.6
183,0.031487563624978065,0.030524470284581183,0.9630931337674459,0.029789723455905914,0.55
184,0.036812899137536687,0.035771621267000835,1.0412781357765197,0.029562726616859436,0.5166666666666667
185,0.03234777636826038,0.031309533615907034,1.038242721557617,0.028678659349679947,0.5666666666666667
186,0.0353397232790788,0.034146724517146745,1.1929983496665955,0.028995584696531296,0.4666666666666667
187,0.03380378894507885,0.03276549478371938,1.0382940451304117,0.026285266503691673,0.5666666666666667
188,0.03465298737088839,0.03356082066893577,1.092166582743327,0.02671602927148342,0.5333333333333333
189,0.03260674774646759,0.03165646741787593,0.9502804994583129,0.029969247058033943,0.6166666666666667
190,0.03329573745528857,0.032222494234641394,1.0732432087262471,0.032731007784605026,0.5333333333333333
191,0.03559613774220149,0.034667732566595076,0.9284053881963094,0.029086247086524963,0.48333333333333334
192,0.03441835306584835,0.03335949753721555,1.0588558713595073,0.02420908957719803,0.6
193,0.03290483442445596,0.03195585322876771,0.9489813645680746,0.022599786520004272,0.5166666666666667
194,0.03392990976572037,0.03307172891994317,0.8581805944442749,0.02159913256764412,0.55
195,0.03513268157839775,0.0342390617976586,0.8936193664868672,0.030485618859529495,0.43333333333333335
196,0.03613489530980587,0.035086720685164136,1.0481744011243184,0.030463848263025284,0.5
197,0.03344841549793879,0.0324476283043623,1.0007869243621825,0.023199139162898064,0.6166666666666667
198,0.03128702888886134,0.030412048970659574,0.874979825814565,0.0322699137032032,0.55
199,0.033213996514678004,0.032357374454538027,0.8566217144330343,0.027357472106814384,0.5
200,0.034736498693625134,0.033723875880241394,1.0126229286193849,0.03228781744837761,0.5666666666666667
201,0.038903917123874025,0.03781392425298691,1.0899927337964377,0.025347478687763214,0.4666666666666667
202,0.035096680372953416,0.03407307490706444,1.0236052513122558,0.02861042506992817,0.45
203,0.03334787115454674,0.03236634569863479,0.9815251946449279,0.022208377718925476,0.4166666666666667
204,0.03290075163046519,0.03200065530836582,0.9000962813695271,0.033258553594350815,0.5
205,0.034961224719882014,0.0339148427049319,1.0463818073272706,0.03138015791773796,0.5333333333333333
206,0.032794216523567836,0.031875041251381235,0.9191749215126037,0.027266958728432655,0.48333333333333334
207,0.029889759421348572,0.029104075208306313,0.7856842160224915,0.027122359722852707,0.6166666666666667
208,0.033587950219710665,0.03270196281373501,0.8859873334566752,0.026861118152737617,0.55
209,0.031987496589620905,0.031106159960230192,0.8813365896542867,0.022000901401042938,0.55
210,0.03146158469220003,0.03060595616698265,0.8556286772092183,0.021724404767155647,0.5666666666666667
211,0.03158426433801651,0.030727228646477065,0.857035239537557,0.026954755187034607,0.6333333333333333
212,0.03430005225042502,0.03342446349561214,0.8755886276563009,0.021385718137025833,0.48333333333333334
213,0.03678435198962689,0.035852902382612226,0.931449309984843,0.030526500195264816,0.5666666666666667
214,0.035755449036757155,0.03475768230855465,0.9977667689323425,0.02348209358751774,0.5166666666666667
215,0.032141636063655214,0.03120456139246623,0.9370749155680339,0.03465639054775238,0.48333333333333334
216,0.03803783468902111,0.03706250886122386,0.9753253976504008,0.026668256148695946,0.6333333333333333
217,0.032674109439055125,0.031695033361514406,0.9790754079818725,0.03717407211661339,0.38333333333333336
218,0.03520088344812393,0.034169718995690344,1.031164526939392,0.031381428241729736,0.5333333333333333
219,0.03807126022875309,0.037045750146110855,1.025510271390279,0.02907981351017952,0.45
220,0.036743070806066196,0.035566553846001624,1.1765166680018107,0.022553281858563423,0.5833333333333334
221,0.03372335160772006,0.03278101347386837,0.9423379262288412,0.02823408506810665,0.5
222,0.03410674072802067,0.033024548242489495,1.0821926752726236,0.02764633670449257,0.5
223,0.03335482167700927,0.03233623752991358,1.0185837626457215,0.023042837157845497,0.5333333333333333
224,0.03297415760656198,0.03204570437471072,0.9284528851509094,0.02350206859409809,0.45
225,0.030886876210570336,0.029976571847995123,0.9103043516476949,0.028022700920701027,0.35
226,0.03227146292726199,0.031399366756280266,0.8720963994661967,0.04133424162864685,0.6166666666666667
227,0.038181185722351074,0.037063880388935405,1.1173051397005718,0.02623019926249981,0.5
228,0.033403150737285614,0.032438477873802184,0.9646726051966349,0.03126965090632439,0.45
229,0.03102635790904363,0.030126450583338737,0.8999071637789409,0.027041824534535408,0.55
230,0.031688683480024335,0.03085297147432963,0.8357117215792338,0.027097802609205246,0.45
231,0.032215207690993945,0.031332333013415335,0.8828750610351562,0.025286389514803886,0.5833333333333334
232,0.030755864828824996,0.029919105892380077,0.8367589433987935,0.023099927231669426,0.6
233,0.033097725237409274,0.03224585503339768,0.8518702030181885,0.029653912410140038,0.5333333333333333
234,0.03325414794186751,0.032325138275822,0.9290093024571736,0.03370252996683121,0.48333333333333334
235,0.03359392434358597,0.0326780904084444,0.915833592414856,0.02537502348423004,0.5833333333333334
236,0.03326384909451008,0.03237101286649704,0.8928369005521138,0.046016138046979904,0.4666666666666667
237,0.036781026795506475,0.035691294446587564,1.0897323449452718,0.029363557696342468,0.55
238,0.03372756776710351,0.03265207074582577,1.075497070948283,0.024087980389595032,0.4166666666666667
239,0.03030623843272527,0.029506020496288934,0.8002180139223735,0.02684849500656128,0.4666666666666667
240,0.03258814675112565,0.03171922937035561,0.8689176519711812,0.023891326040029526,0.5166666666666667
241,0.03277653455734253,0.03182696687678496,0.9495676318804424,0.023777715861797333,0.5166666666666667
242,0.03591517185171445,0.034939719612399736,0.9754522601763408,0.02228880487382412,0.45
243,0.031771438444654146,0.03089569682876269,0.8757415731747945,0.028663262724876404,0.4
244,0.032889966915051146,0.032044143478075666,0.8458234389623006,0.023001855239272118,0.5333333333333333
245,0.031464216858148576,0.03048248663544655,0.9817305604616801,0.03570934012532234,0.38333333333333336
246,0.03711103933552901,0.03608257509768009,1.028463864326477,0.02152816578745842,0.55
247,0.030989264696836473,0.03016560139755408,0.8236634055773417,0.026228303089737892,0.5333333333333333
248,0.0327964048832655,0.031797519077857335,0.9988856474558513,0.02324248105287552,0.5666666666666667
249,0.0322395080079635,0.03131641075015068,0.9230969945589701,0.02907189540565014,0.45
250,0.032355243961016335,0.03144500926136971,0.9102348287900289,0.024097969755530357,0.5333333333333333
251,0.03242971301078797,0.031480786576867106,0.9489267388979594,0.03267311304807663,0.5166666666666667
252,0.032139265164732936,0.031107278416554134,1.0319865107536317,0.02256457321345806,0.5833333333333334
253,0.03142568344871203,0.03059251916905244,0.8331644535064697,0.0286811962723732,0.5833333333333334
254,0.03322963217894236,0.03232052077849706,0.9091116587320963,0.03147265687584877,0.5833333333333334
255,0.03303942543764909,0.03209993789593379,0.9394874572753906,0.02784176729619503,0.45
256,0.032589056467016535,0.03177184574306011,0.8172105471293132,0.029955342411994934,0.45
257,0.03373198223610719,0.03280991440018018,0.9220677495002747,0.026678377762436867,0.5333333333333333
258,0.03161017298698425,0.030727629736065864,0.8825430274009705,0.024001801386475563,0.4666666666666667
259,0.03372974072893461,0.032712328061461446,1.0174127380053202,0.03195550665259361,0.45
260,0.037171786402662596,0.03615505074461301,1.0167352914810182,0.03185003250837326,0.3333333333333333
261,0.03313362536331018,0.03213098160922527,1.0026437481244406,0.03522579371929169,0.5
262,0.0318382350107034,0.03088452070951462,0.9537141005198161,0.028884997591376305,0.5333333333333333
263,0.03380613128344218,0.03274561452368895,1.060516854127248,0.022988131269812584,0.5833333333333334
264,0.03168080238004525,0.03085360527038574,0.8271966536839803,0.02310226857662201,0.4166666666666667
265,0.03578801080584526,0.03488412114481131,0.9038898944854736,0.028072014451026917,0.4166666666666667
266,0.03304354622960091,0.03219178877770901,0.8517578323682149,0.025679849088191986,0.6
267,0.03307760258515676,0.03221233238776525,0.8652700702349345,0.039478600025177,0.6333333333333333
268,0.035235343997677165,0.03435577005147934,0.8795738498369853,0.038450390100479126,0.5333333333333333
269,0.03460713389019172,0.03363085972766081,0.9762742400169373,0.022759461775422096,0.5333333333333333
270,0.030289102842410407,0.029409023995200793,0.8800791104634603,0.02703271433711052,0.5166666666666667
271,0.0330679992834727,0.032127123698592185,0.9408756812413533,0.030187785625457764,0.5666666666666667
272,0.03262033760547638,0.03160722889006138,1.013108217716217,0.02949274703860283,0.5666666666666667
273,0.03181103530029456,0.030813417956233026,0.9976172129313151,0.033996403217315674,0.4666666666666667
274,0.035463280603289606,0.03429623593886693,1.167044707139333,0.03697802498936653,0.5166666666666667
275,0.03809806754191716,0.0368813702215751,1.216697092851003,0.027228480204939842,0.5
276,0.033136795709530514,0.032254297162095706,0.8824985067049662,0.026585042476654053,0.6666666666666666
277,0.03549027442932129,0.034461430211861925,1.028844177722931,0.03600156307220459,0.38333333333333336
278,0.03302831587692102,0.03203278097013632,0.9955348054567973,0.023464789614081383,0.5
279,0.02918794813255469,0.02840015528102716,0.7877925276756287,0.026380212977528572,0.5833333333333334
280,0.03313524946570397,0.03214709882934888,0.988150413831075,0.033157166093587875,0.55
281,0.03310431987047195,0.03208877990643184,1.01553981701533,0.024040693417191505,0.5333333333333333
282,0.03181872343023618,0.030932013938824336,0.8867094079653423,0.028215549886226654,0.65
283,0.03224410315354665,0.031339141478141146,0.9049614985783895,0.024081939831376076,0.48333333333333334
284,0.030198319007953008,0.029397107288241388,0.8012114524841308,0.02728697843849659,0.5333333333333333
285,0.035186018173893295,0.03413754900296529,1.048469098409017,0.03588171675801277,0.4666666666666667
286,0.03522729401787122,0.034171667074163754,1.0556265830993652,0.029638182371854782,0.5333333333333333
287,0.03341864471634229,0.03241065753002961,1.0079869866371154,0.02375236339867115,0.48333333333333334
288,0.030559977640708287,0.029622244462370873,0.9377327879269918,0.025200504809617996,0.5333333333333333
289,0.031724735349416736,0.030771979441245396,0.9527558008829753,0.023620598018169403,0.6166666666666667
290,0.030338614309827486,0.02940765271584193,0.9309614062309265,0.031477876007556915,0.4666666666666667
291,0.034222628176212314,0.03316294538478057,1.0596824725468954,0.025685593485832214,0.55
292,0.032088224217295645,0.031062588095664978,1.0256361325581869,0.027148306369781494,0.45
293,0.03412646589179834,0.03299345411360264,1.1330121477444968,0.03458867222070694,0.5
294,0.03697226420044899,0.036014898245533306,0.9573654691378276,0.026509085670113564,0.45
295,0.03358803751567999,0.032614638656377794,0.9733987172444661,0.02531919628381729,0.4166666666666667
296,0.03157944567501545,0.030659322192271552,0.9201237797737122,0.025375330820679665,0.55
297,0.03199758095045884,0.031060579046607018,0.9370021820068359,0.03282707557082176,0.4666666666666667
298,0.032998179520169896,0.03190795592963695,1.0902236064275106,0.026792412623763084,0.4166666666666667
299,0.03218474388122559,0.031141715745131176,1.0430281639099122,0.026307204738259315,0.5166666666666667
300,0.03344774916768074,0.03249330148100853,0.954447336991628,0.03044987842440605,0.55
301,0.032455963144699736,0.03151885382831097,0.9371095657348633,0.03205291926860809,0.4166666666666667
302,0.03271317109465599,0.03170923205713431,1.003939139842987,0.02689303085207939,0.5
303,0.03226007347305616,0.031274843215942386,0.9852305054664612,0.026518527418375015,0.48333333333333334
304,0.03223597009976705,0.03134766755004724,0.8883025487263997,0.026925528421998024,0.43333333333333335
305,0.030904892335335412,0.030061469227075577,0.8434230923652649,0.03723522648215294,0.4666666666666667
306,0.03415120591719945,0.03307309150695801,1.0781145691871643,0.02510950155556202,0.6333333333333333
307,0.033088360602657,0.03212315092484156,0.9652099291483561,0.02874574437737465,0.45
308,0.03297609438498815,0.03192079663276672,1.0552977204322815,0.02498360350728035,0.5333333333333333
309,0.032702994719147685,0.03185023032128811,0.8527639826138814,0.030763866379857063,0.4
310,0.03391614233454068,0.03304412364959717,0.8720187624295552,0.03661492466926575,0.5666666666666667
311,0.038049021487434706,0.036989260092377664,1.0597617109616597,0.02660328336060047,0.5166666666666667
312,0.03295688293874264,0.031970769787828125,0.9861126224199931,0.025919638574123383,0.5833333333333334
313,0.031488776206970215,0.03060682602226734,0.8819501161575317,0.023678557947278023,0.55
314,0.03091620256503423,0.03009575717151165,0.8204451441764832,0.023387476801872253,0.6166666666666667
315,0.031186631818612417,0.030342766394217808,0.8438656250635783,0.027984969317913055,0.5
316,0.03226718219618003,0.03129693679511547,0.9702452858289082,0.03604297712445259,0.7
317,0.03506389471391837,0.0340981097271045,0.9657847881317139,0.029404686763882637,0.5
318,0.031235977758963904,0.03031791833539804,0.9180594205856323,0.025706512853503227,0.55
319,0.03089801544944445,0.030019625400503475,0.8783901770909627,0.0309903547167778,0.43333333333333335
320,0.03098131058116754,0.030066804960370064,0.914505676428477,0.0356324128806591,0.6166666666666667
321,0.03491337274511655,0.03397622952858607,0.9371432185173034,0.028900248929858208,0.48333333333333334
322,0.03114594556391239,0.030269187688827515,0.8767575740814209,0.027395406737923622,0.5
323,0.031064602235953014,0.030093250175317127,0.9713519215583801,0.025056738406419754,0.45
324,0.029715286443630855,0.028930956994493804,0.784329084555308,0.025798261165618896,0.5166666666666667
325,0.0369564414024353,0.03594902244706948,1.0074194550514222,0.02579645812511444,0.43333333333333335
326,0.03162776120007038,0.030722665786743163,0.9050951798756918,0.02223396860063076,0.5833333333333334
327,0.03135239159067472,0.030455403154095013,0.8969882130622864,0.022770404815673828,0.55
328,0.030738381544748943,0.029815465956926347,0.9229152917861938,0.0232300516217947,0.48333333333333334
329,0.029604743172725042,0.028768153488636018,0.8365897138913473,0.026148635894060135,0.48333333333333334
330,0.031636252999305725,0.03073362335562706,0.902629816532135,0.027568921446800232,0.5333333333333333
331,0.03190314434468746,0.03105883051951726,0.8443135142326355,0.027164587751030922,0.5
332,0.031842336803674695,0.03091325188676516,0.9290849765141805,0.021943872794508934,0.45
333,0.03009072740872701,0.029219826931754747,0.8709005355834961,0.03135398030281067,0.5333333333333333
334,0.03156166958312193,0.030716577296455702,0.8450923482577006,0.027895158156752586,0.55
335,0.0331386923789978,0.03228241590162118,0.8562762975692749,0.0223259124904871,0.5166666666666667
336,0.030203767741719883,0.029319020236531892,0.8847473820050558,0.031876835972070694,0.5666666666666667
337,0.030927479763825736,0.029961238180597625,0.9662413160006206,0.02450317144393921,0.45
338,0.030411915729443233,0.029484655459721884,0.9272602240244547,0.02252938598394394,0.4166666666666667
339,0.029795540620883305,0.029007925962408383,0.7876147627830505,0.024001391604542732,0.5
340,0.031056370958685874,0.030126352856556574,0.930018150806427,0.02631453424692154,0.4666666666666667
341,0.030534569794933002,0.029666909327109654,0.8676601489384969,0.029795050621032715,0.65
342,0.034651728719472884,0.03352789767086506,1.123831029733022,0.031763870269060135,0.3333333333333333
343,0.033670338119069734,0.03268873703976472,0.9816010276476542,0.021651016548275948,0.5166666666666667
344,0.032305989290277164,0.03149147753914197,0.814511501789093,0.025546682998538017,0.5166666666666667
345,0.03227354524036249,0.031373436624805136,0.900108540058136,0.022772910073399544,0.5333333333333333
346,0.02972585732738177,0.028896022712190945,0.8298347115516662,0.028286118060350418,0.5
347,0.03085487273832162,0.029846931745608648,1.0079409678777058,0.02373206987977028,0.6
348,0.029727739344040553,0.02891595078011354,0.8117886026700337,0.03444112464785576,0.5
349,0.034429297472039856,0.03337726506094138,1.0520320375760397,0.02892940118908882,0.5666666666666667
350,0.03322517226139705,0.032232972979545596,0.9921993136405944,0.02329437993466854,0.5333333333333333
351,0.031540221596757574,0.03074574607113997,0.7944752017656962,0.030745716765522957,0.48333333333333334
352,0.03166957249244054,0.030731285115083058,0.9382867932319641,0.026735588908195496,0.5666666666666667
353,0.03133372875551383,0.03045243186255296,0.8812965631484986,0.03401270881295204,0.4166666666666667
354,0.03169823996722698,0.030822277069091797,0.8759628057479858,0.028170907869935036,0.5666666666666667
355,0.032176221286257106,0.03124583624303341,0.9303850173950196,0.029223918914794922,0.45
356,0.031761179119348525,0.030844710146387417,0.9164691209793091,0.023494604974985123,0.4666666666666667
357,0.032419915000597634,0.03155915314952532,0.8607616821924845,0.026711052283644676,0.5333333333333333
358,0.03168462589383125,0.030723384022712706,0.9612415750821431,0.02526269108057022,0.45
359,0.03211654176314672,0.031147449587782223,0.9690922300020853,0.026609119027853012,0.5
360,0.032010132695237795,0.031098414088288943,0.9117183367411296,0.04189063981175423,0.4666666666666667
361,0.03358963876962662,0.03274459516008695,0.8450435241063435,0.030852168798446655,0.5333333333333333
362,0.031625594943761826,0.030779851352175078,0.8457436203956604,0.03274823725223541,0.4166666666666667
363,0.032908387730518976,0.03196992961068948,0.938457719484965,0.04346306994557381,0.6333333333333333
364,0.04110187292098999,0.0400604081650575,1.0414650877316793,0.028605880215764046,0.5833333333333334
365,0.03258303552865982,0.031654446572065356,0.9285888393719991,0.02632494829595089,0.4
366,0.031483380620678264,0.03065290699402491,0.8304737528165181,0.023247309029102325,0.5166666666666667
367,0.0318272610505422,0.03082555706302325,1.0017043073972067,0.03361530229449272,0.4666666666666667
368,0.03327022219697635,0.03237732375661532,0.8928980549176534,0.02288658544421196,0.6
369,0.030883867666125296,0.029986896738409995,0.8969712495803833,0.026482034474611282,0.35
370,0.03091897467772166,0.030112244933843613,0.8067296067873637,0.02507878467440605,0.5666666666666667
371,0.032562602683901785,0.03153733834624291,1.0252643982569376,0.02636633813381195,0.45
372,0.030946089451511703,0.03009850171705087,0.847587509950002,0.026692450046539307,0.48333333333333334
373,0.030394721031188964,0.029530690486232438,0.8640305121739705,0.023947160691022873,0.5333333333333333
374,0.03007614575326443,0.02919964206715425,0.8765037616093954,0.029503922909498215,0.4666666666666667
375,0.03424896883467833,0.03318788036704064,1.0610885262489318,0.03386608138680458,0.5
376,0.03165692836046219,0.030747236932317415,0.9096915086110433,0.028827708214521408,0.48333333333333334
377,0.030053619171182315,0.029223979885379472,0.8296388188997904,0.025003286078572273,0.6166666666666667
378,0.030494009951750438,0.02960216092566649,0.8918490648269654,0.03257902339100838,0.5
379,0.034614373246828714,0.03365603821973006,0.9583347201347351,0.024838034063577652,0.55
380,0.03149187552432219,0.030572147543231645,0.9197278062502543,0.02384539507329464,0.4166666666666667
381,0.029306997482975324,0.02847480997443199,0.8321874380111695,0.02305782586336136,0.5166666666666667
382,0.030966360742847126,0.03008116434017817,0.8851964712142945,0.023545298725366592,0.5166666666666667
383,0.03400413803756237,0.03318453505635262,0.8196030894915263,0.02419062703847885,0.6
384,0.031738627205292386,0.030877838407953582,0.8607885360717773,0.025677388533949852,0.48333333333333334
385,0.032517570381363235,0.031529564907153446,0.9880051294962565,0.024274516850709915,0.65
386,0.03148073318103949,0.03064545802772045,0.8352751096089681,0.024615636095404625,0.5666666666666667
387,0.03386692777276039,0.03292396850883961,0.9429589589436849,0.031029680743813515,0.35
388,0.036960055803259215,0.03589910243948301,1.0609530568122865,0.027940088883042336,0.4666666666666667
389,0.031224135681986807,0.030253160869081815,0.9709748188654582,0.023493042215704918,0.43333333333333335
390,0.03127767915527026,0.030334773783882458,0.9429054101308186,0.025354739278554916,0.5333333333333333
391,0.032188838720321654,0.03129736073315144,0.8914780656496684,0.031402766704559326,0.55
392,0.03214187038441499,0.03126719444990158,0.8746760129928589,0.04084635525941849,0.45
393,0.03609413517018159,0.03520101358493169,0.8931212981541952,0.025621671229600906,0.4
394,0.031094677249590554,0.030195724094907443,0.898953358332316,0.0228603333234787,0.5
395,0.031218680863579113,0.030289306988318762,0.9293740510940551,0.025346161797642708,0.4166666666666667
396,0.032498294363419215,0.03142895959317684,1.069334586461385,0.024872858077287674,0.5333333333333333
397,0.03077258951961994,0.029845709477861724,0.9268803795178732,0.029122497886419296,0.5166666666666667
398,0.030007859071095783,0.029177007575829823,0.8308517575263977,0.03393935784697533,0.5166666666666667
399,0.03570695718129476,0.03457490466535092,1.1320520679155985,0.02948685921728611,0.45
400,0.03192267864942551,0.030930785338083903,0.9918931881586711,0.028710883110761642,0.4666666666666667
401,0.03311614294846853,0.032219910994172096,0.8962315042813619,0.0240944754332304,0.36666666666666664
402,0.032292720427115756,0.03130772647758325,0.9849935889244079,0.03654477745294571,0.4166666666666667
403,0.03378978446125984,0.032859485348065695,0.9302992820739746,0.03690105676651001,0.35
404,0.032884297892451286,0.03199405347307523,0.8902444998423259,0.023137260228395462,0.45
405,0.032226778318484625,0.03138087255259355,0.8459056814511617,0.02623089775443077,0.5833333333333334
406,0.036356899638970694,0.035392597193519275,0.9643025358517965,0.03648445010185242,0.48333333333333334
407,0.03513068966567516,0.0339926374455293,1.138051982720693,0.025410830974578857,0.5833333333333334
408,0.033426005641619363,0.032533248886466026,0.8927566528320312,0.025385623797774315,0.6
409,0.03013337713976701,0.029260869324207305,0.8725080490112305,0.025540519505739212,0.6
410,0.031394102176030475,0.03048931956291199,0.904782239596049,0.02938312105834484,0.5833333333333334
411,0.031091211487849553,0.030155940726399422,0.9352705121040344,0.024265719577670097,0.5333333333333333
412,0.03374247911075751,0.03287511082986991,0.8673682530721029,0.031532030552625656,0.5333333333333333
413,0.03341408943136533,0.03235765683154265,1.0564325412114461,0.02772768959403038,0.5833333333333334
414,0.032192956159512204,0.03128297366201878,0.9099825620651245,0.0290850643068552,0.5166666666666667
415,0.033903560663263006,0.032995384807387985,0.9081751664479574,0.030383801087737083,0.5333333333333333
416,0.03268341061969598,0.0317539336780707,0.9294768850008647,0.03733723238110542,0.5333333333333333
417,0.03389187678694725,0.03299324574569861,0.8986307223637898,0.023639889433979988,0.4166666666666667
418,0.030613563333948452,0.029763094584147134,0.8504689455032348,0.02546590380370617,0.55
419,0.030751775950193405,0.029911988228559495,0.8397873799006145,0.03386658802628517,0.38333333333333336
420,0.03645692529777686,0.03534669615328312,1.1102287411689757,0.02670019119977951,0.5333333333333333
421,0.029875546445449194,0.029025437061985335,0.8501093109448751,0.030060935765504837,0.5
422,0.031236034880081812,0.03037353716790676,0.8624976833661397,0.025424305349588394,0.5333333333333333
423,0.03278081951042016,0.03177050488690535,1.0103150248527526,0.026367850601673126,0.65
424,0.030697941531737646,0.029826196655631066,0.8717444856961568,0.03321651369333267,0.4166666666666667
425,0.03155352883040905,0.030729747066895168,0.8237814386685689,0.024993136525154114,0.5
426,0.03257547343770663,0.03168238153060277,0.8930919448534648,0.021427810192108154,0.5666666666666667
427,0.03183417730033398,0.03095437784989675,0.8797992825508117,0.03426208719611168,0.38333333333333336
428,0.0342600766569376,0.033369253079096474,0.8908233046531677,0.03720061108469963,0.5166666666666667
429,0.03445115014910698,0.03339662924408913,1.054520845413208,0.023912226781249046,0.48333333333333334
430,0.03035860260327657,0.029500098899006844,0.8585035880406697,0.02189335599541664,0.5666666666666667
431,0.030501077075799306,0.02962787225842476,0.8732047557830811,0.02917974814772606,0.5333333333333333
432,0.029882352550824484,0.029034078245361646,0.8482745448748271,0.022645698860287666,0.5333333333333333
433,0.030077033614118894,0.029260858520865442,0.8161750833193461,0.02605922892689705,0.45
434,0.030930350224177044,0.030095416059096654,0.8349343379338582,0.025561584159731865,0.5833333333333334
435,0.030098785584171613,0.029222905760010083,0.8758800268173218,0.034254711121320724,0.5
436,0.03249969507257144,0.03161948509514332,0.8802095333735148,0.024809246882796288,0.4666666666666667
437,0.03168550965686639,0.030740500365694364,0.9450090408325196,0.02776743657886982,0.6
438,0.031625817467768984,0.03070511172215144,0.9207053422927857,0.02499300055205822,0.5166666666666667
439,0.03092834341029326,0.030032980193694433,0.8953634063402812,0.029053134843707085,0.48333333333333334
440,0.0322607917090257,0.031241217628121376,1.019573946793874,0.02574070543050766,0.5333333333333333
441,0.032683388143777845,0.03169181160628796,0.9915761351585388,0.02424287237226963,0.4
442,0.0323457133024931,0.03144965196649233,0.8960612257321675,0.02376476861536503,0.55
443,0.030957746629913647,0.03003910854458809,0.9186378399531047,0.024807170033454895,0.4166666666666667
444,0.030452783033251763,0.029507571334640183,0.9452114741007487,0.028644438832998276,0.55
445,0.03204313951234023,0.031144131099184354,0.8990085482597351,0.023765070363879204,0.5166666666666667
446,0.03113736609617869,0.030176214501261713,0.9611517667770386,0.028270728886127472,0.6
447,0.031229700768987338,0.03037859375278155,0.8511068900426229,0.02883789874613285,0.48333333333333334
448,0.03214970442155997,0.03125806761284669,0.8916372696558634,0.02614445984363556,0.5333333333333333
449,0.03034478599826495,0.029467777535319328,0.8770082116127014,0.03169989958405495,0.45
450,0.03512310969332854,0.03401004175345103,1.1130682110786438,0.02698049508035183,0.6666666666666666
451,0.032456027219692866,0.031456006690859795,1.000020400683085,0.025976596400141716,0.36666666666666664
452,0.033566374828418094,0.032563818246126176,1.002556828657786,0.03224208205938339,0.55
453,0.031458161398768426,0.030577082311113675,0.8810787677764893,0.021679479628801346,0.45
454,0.03057871895531813,0.029739912102619805,0.8388066172599793,0.02699337713420391,0.43333333333333335
455,0.031460090354084966,0.030604612082242966,0.8554781397183736,0.025752460584044456,0.55
456,0.03093506842851639,0.03015961324175199,0.7754554231961568,0.023905731737613678,0.4
457,0.0296042300760746,0.028822083274523416,0.7821464300155639,0.02641267701983452,0.5666666666666667
458,0.03282508812844753,0.03200709111988544,0.8179970304171245,0.04015658050775528,0.48333333333333334
459,0.03319397394855817,0.03211914151906967,1.0748326102892558,0.023819707334041595,0.48333333333333334
460,0.030400537078579266,0.029522122318545976,0.8784147143363953,0.028051363304257393,0.5333333333333333
461,0.033622584864497186,0.032749148954947786,0.8734359661738078,0.024101296439766884,0.4
462,0.031050449361403783,0.03022064169247945,0.8298076391220093,0.024872906506061554,0.43333333333333335
463,0.03413531457384427,0.03334149532020092,0.7938187877337138,0.023757360875606537,0.43333333333333335
464,0.03157891829808553,0.03070019595324993,0.878722095489502,0.02313806489109993,0.5333333333333333
465,0.029665795216957728,0.028829837714632354,0.8359577139218648,0.02454270049929619,0.5333333333333333
466,0.030778251588344574,0.029919493570923807,0.8587583700815836,0.02220146916806698,0.45
467,0.03099572372933229,0.03014828823506832,0.8474353710810344,0.02191595546901226,0.5166666666666667
468,0.02826178210477034,0.027523628994822504,0.7381530324618022,0.02228115126490593,0.6166666666666667
469,0.028529605269432066,0.027712670837839445,0.8169343868891398,0.02312997728586197,0.55
470,0.030013907452424368,0.029144154985745747,0.8697525223096212,0.02393212728202343,0.5166666666666667
471,0.030156379317243895,0.029363788043459255,0.7925911863644918,0.03095724806189537,0.5833333333333334
472,0.030604164178172747,0.029764549061655998,0.8396147966384888,0.030965058133006096,0.48333333333333334
473,0.03191634478668372,0.03085972381134828,1.056620959440867,0.024053990840911865,0.5
474,0.030815122028191883,0.029904841259121896,0.910280684630076,0.023724550381302834,0.48333333333333334
475,0.03082884425918261,0.030035913611451786,0.7929303884506226,0.023287277668714523,0.5833333333333334
476,0.03182581489284833,0.030941583216190338,0.8842317740122477,0.03334609791636467,0.5166666666666667
477,0.03342940161625544,0.03249675991634528,0.932641331354777,0.024327551946043968,0.5666666666666667
478,0.02997770756483078,0.02912914256254832,0.8485647797584533,0.028472576290369034,0.45
479,0.03222149337331454,0.031275074432293576,0.9464189211527506,0.034613192081451416,0.4166666666666667
480,0.033368217572569844,0.03235690854489803,1.01130899588267,0.03193733096122742,0.6333333333333333
481,0.03427134690185388,0.03333145889143149,0.939888044198354,0.023482035845518112,0.6
482,0.03154349538187186,0.030689887578288715,0.8536077499389648,0.02800596132874489,0.4
483,0.031044565762082737,0.030107505122820535,0.9370607972145081,0.035590868443250656,0.55
484,0.03154252742727597,0.030618862062692643,0.9236650149027507,0.030211439356207848,0.45
485,0.030568773796161016,0.029680261636773744,0.8885120073954265,0.02354380674660206,0.5333333333333333
486,0.03780395102997621,0.03665786037842433,1.1460907459259033,0.025143997743725777,0.5166666666666667
487,0.030923313026626906,0.02995749426384767,0.9658186515172322,0.024731123819947243,0.6333333333333333
488,0.02957724655667941,0.02874929706255595,0.8279494682947794,0.02577531896531582,0.5166666666666667
489,0.03184572942554951,0.030882935225963592,0.962794013818105,0.024426711723208427,0.48333333333333334
490,0.032605791464447975,0.03157253041863441,1.0332613825798034,0.03277166187763214,0.5333333333333333
491,0.03341776132583618,0.03237543938060602,1.0423221508661906,0.024828284978866577,0.6333333333333333
492,0.03163839889069398,0.03076250838736693,0.875890866915385,0.03500232845544815,0.5
493,0.03247585135201613,0.03145239986479283,1.023451566696167,0.03391782194375992,0.45
494,0.03739551790058613,0.03613315299153328,1.2623650431632996,0.028842443600296974,0.45
495,0.03132405976454417,0.0303945641964674,0.9294956207275391,0.027149002999067307,0.5333333333333333
496,0.032887312769889834,0.0319147211809953,0.9725917458534241,0.032437585294246674,0.43333333333333335
497,0.03491350250939528,0.03371002214650313,1.2034799933433533,0.030983103439211845,0.5
498,0.03360463554660479,0.032646235451102255,0.9584003130594889,0.02382292039692402,0.5
499,0.03086570439239343,0.030044800291458767,0.8209043780962626,0.02374410629272461,0.45
500,0.030727508788307507,0.02985998640457789,0.8675223827362061,0.023328017443418503,0.5666666666666667
