epoch,train_loss,rmse_loss,trend_loss,val_rmse,val_trend_acc
0,0.2830919772386551,0.27166284422079723,11.429130713144938,0.085035540163517,0.5166666666666667
1,0.07682357281446457,0.07363490139444669,3.188671112060547,0.06570086628198624,0.48333333333333334
2,0.04709936616321405,0.045082703108588855,2.016662931442261,0.050471559166908264,0.4666666666666667
3,0.03663170076906681,0.03501774966716766,1.613951031366984,0.03592009097337723,0.4166666666666667
4,0.03564976019163926,0.03420540491739909,1.4443551540374755,0.021231142804026604,0.43333333333333335
5,0.03106642924249172,0.02986013616124789,1.2062930822372437,0.026547536253929138,0.5666666666666667
6,0.035199569538235664,0.03375754530231158,1.4420241355895995,0.031217757612466812,0.38333333333333336
7,0.028894932940602303,0.027823153510689737,1.0717796723047892,0.037546344101428986,0.4166666666666667
8,0.02988534818092982,0.02881267766157786,1.0726705272992452,0.04319882020354271,0.4166666666666667
9,0.030133301268021266,0.029006526370843253,1.1267746845881144,0.031170262023806572,0.4166666666666667
10,0.030998878180980682,0.029737190281351408,1.2616878509521485,0.031943097710609436,0.45
11,0.031047874440749485,0.02977188192307949,1.2759926637013754,0.03548643738031387,0.43333333333333335
12,0.032680573562781014,0.03155077335735162,1.1298000733057658,0.02272943966090679,0.5166666666666667
13,0.029476763680577278,0.028259607776999474,1.217155683040619,0.026761576533317566,0.5333333333333333
14,0.029451276858647665,0.028200157110889752,1.2511196931203206,0.031031984835863113,0.5833333333333334
15,0.03196702500184377,0.030829706167181333,1.1373189528783163,0.023140626028180122,0.48333333333333334
16,0.027350294589996337,0.026380323618650437,0.9699710806210836,0.02763339877128601,0.4166666666666667
17,0.0289862593015035,0.02791531172891458,1.0709471662839254,0.026479141786694527,0.4
18,0.03217927167812983,0.031044517084956168,1.1347543517748515,0.0324176587164402,0.4666666666666667
19,0.038185296083490056,0.036793035765488945,1.392259987195333,0.029506752267479897,0.4166666666666667
20,0.029073412468036016,0.02797161986430486,1.1017926573753356,0.028078826144337654,0.5
21,0.029864505430062614,0.028742977355917295,1.1215280334154765,0.029626594856381416,0.4666666666666667
22,0.029292159900069236,0.028337963049610455,0.9541963617006938,0.024544812738895416,0.4166666666666667
23,0.027982412402828536,0.02698273981610934,0.9996726075808208,0.025821475312113762,0.4166666666666667
24,0.024854360272487004,0.02392067536711693,0.9336846907933553,0.03437177836894989,0.4
25,0.029336742187539736,0.02806983863313993,1.2669036030769347,0.0361323282122612,0.5
26,0.026731881375114123,0.02575016990303993,0.981711475054423,0.026255831122398376,0.5666666666666667
27,0.0271414273728927,0.026198474566141765,0.9429529627164205,0.020628662779927254,0.5666666666666667
28,0.02809006261328856,0.026837928344806035,1.252134350935618,0.030290506780147552,0.4166666666666667
29,0.02768205540875594,0.02656038428346316,1.121670917669932,0.030293485149741173,0.38333333333333336
30,0.030514103174209595,0.02940319242576758,1.1109105547269185,0.0253695510327816,0.5166666666666667
31,0.029806447153290113,0.028716346248984337,1.0901014447212218,0.02489868365228176,0.4
32,0.02675487908224265,0.02565689745048682,1.097981293996175,0.02476692385971546,0.43333333333333335
33,0.02702267790834109,0.026009886960188546,1.0127907713254294,0.023492678999900818,0.6166666666666667
34,0.02518142635623614,0.024218543991446496,0.9628821015357971,0.01991976983845234,0.48333333333333334
35,0.027942581350604692,0.02690631424387296,1.036266843477885,0.02108604833483696,0.4666666666666667
36,0.0283575389534235,0.027363505338629086,0.9940337657928466,0.03096783347427845,0.4166666666666667
37,0.02971321704487006,0.02859702395896117,1.1161932269732158,0.02729901671409607,0.5166666666666667
38,0.03207158123453458,0.030921553447842597,1.1500279545783996,0.02843335084617138,0.4666666666666667
39,0.026997343823313712,0.026014790559808414,0.9825529138247172,0.028018102049827576,0.43333333333333335
40,0.026458489956955114,0.025531936995685102,0.9265531619389852,0.0242735855281353,0.4
41,0.027683875213066738,0.026762750868995985,0.9211244265238444,0.019983604550361633,0.4166666666666667
42,0.024801437805096308,0.023900257423520088,0.9011803030967712,0.021356945857405663,0.5
43,0.026567273214459418,0.0257095651080211,0.8577079892158508,0.02575385570526123,0.55
44,0.02880673681696256,0.02779528113702933,1.0114559094111124,0.02686142362654209,0.4666666666666667
45,0.02773479906221231,0.026593083143234254,1.141715657711029,0.02465972490608692,0.43333333333333335
46,0.029779068380594253,0.028552815938989323,1.2262522459030152,0.02644728124141693,0.5166666666666667
47,0.02785958784321944,0.026787828157345452,1.0717597723007202,0.026095401495695114,0.48333333333333334
48,0.02824148622651895,0.02728048401574294,0.9610022306442261,0.03515620902180672,0.4
49,0.03230449159940084,0.03123868281642596,1.065808649857839,0.029636668041348457,0.5
50,0.026707725351055464,0.025647363811731338,1.0603613138198853,0.020786095410585403,0.45
51,0.027213404327630995,0.026215307662884393,0.9980965097745259,0.03075527586042881,0.4
52,0.03213221281766891,0.03075429822007815,1.3779142578442891,0.0250437930226326,0.5333333333333333
53,0.02954283133149147,0.028289496526122095,1.2533348202705383,0.020934510976076126,0.45
54,0.027962754294276238,0.026892447968324025,1.0703060666720072,0.023925894871354103,0.45
55,0.023871787823736668,0.022989686081806817,0.8821017106374105,0.03271515667438507,0.45
56,0.02767633510132631,0.0266202662140131,1.0560686866442361,0.02394794672727585,0.45
57,0.028339898337920506,0.027375007793307305,0.9648904919624328,0.024841660633683205,0.45
58,0.027079520871241887,0.0261813019712766,0.8982186158498128,0.02158655785024166,0.4166666666666667
59,0.025499576951066652,0.02451049250861009,0.9890843232472738,0.019147241488099098,0.4666666666666667
60,0.024401316915949187,0.023561072101195655,0.8402450283368429,0.0371248684823513,0.4166666666666667
61,0.02632555067539215,0.025341773778200148,0.9837766925493876,0.027329958975315094,0.45
62,0.028096172461907067,0.027064685026804605,1.031487504641215,0.029060304164886475,0.5333333333333333
63,0.028376976028084755,0.027282796613872052,1.0941795190175374,0.029895475134253502,0.55
64,0.02975288877884547,0.028745126103361447,1.0077627023061118,0.022023234516382217,0.5
65,0.02509460784494877,0.024259105945626896,0.8355017145474751,0.030587563291192055,0.4
66,0.029943642392754554,0.02886928866306941,1.0743534048398335,0.022112146019935608,0.43333333333333335
67,0.02520281250278155,0.024245500688751538,0.9573116580645243,0.03358219936490059,0.38333333333333336
68,0.028162032862504325,0.02714934858183066,1.0126843690872191,0.02431110106408596,0.45
69,0.02518006439010302,0.02428775131702423,0.8923129479090373,0.023895366117358208,0.4166666666666667
70,0.024493193005522093,0.023539256180326144,0.9539369622866313,0.025997621938586235,0.4666666666666667
71,0.026402209202448526,0.025386798133452734,1.0154111425081889,0.02796666882932186,0.4666666666666667
72,0.026581000785032907,0.02563274639348189,0.9482544978459676,0.02772795595228672,0.36666666666666664
73,0.02711178089181582,0.026048435643315316,1.0633453051249186,0.02852184697985649,0.4666666666666667
74,0.02525548773507277,0.02435217729459206,0.9033101598421732,0.031579311937093735,0.55
75,0.03197621454795201,0.030788609261314073,1.187604792912801,0.027918143197894096,0.5166666666666667
76,0.027438955133159956,0.02655534918109576,0.8836058139801025,0.032070741057395935,0.4166666666666667
77,0.02551264874637127,0.024646712404986223,0.8659364938735962,0.02104347012937069,0.5
78,0.023919865240653357,0.022992535990973315,0.92732914686203,0.03208119794726372,0.4666666666666667
79,0.02894964727262656,0.027750014762083688,1.1996326327323914,0.03673413768410683,0.43333333333333335
80,0.026949537980059782,0.026002179831266403,0.9473582744598389,0.022113235667347908,0.36666666666666664
81,0.026926557968060174,0.02601469059785207,0.9118674516677856,0.02653520554304123,0.43333333333333335
82,0.029607304930686952,0.02831947368880113,1.2878312071164448,0.029813412576913834,0.55
83,0.02931546630958716,0.028187454367677372,1.1280118981997171,0.027813013643026352,0.55
84,0.024949187909563384,0.023964737728238105,0.9844499230384827,0.023563334718346596,0.5
85,0.02647764397164186,0.025343166788419087,1.134477166334788,0.023949027061462402,0.43333333333333335
86,0.025382903094093006,0.024439167603850363,0.9437357902526855,0.02191980369389057,0.45
87,0.02300172814478477,0.022228094252447286,0.7736337701479594,0.024304965510964394,0.4166666666666667
88,0.026549192517995833,0.025454465796550117,1.0947264512379964,0.02155446447432041,0.6166666666666667
89,0.03044437679151694,0.02912151018778483,1.3228671471277873,0.035859208554029465,0.4166666666666667
90,0.027389931678771972,0.026167177657286326,1.2227538426717122,0.030323747545480728,0.5166666666666667
91,0.028293862814704578,0.027212656661868097,1.0812060832977295,0.019058052450418472,0.48333333333333334
92,0.023788114885489146,0.022964234774311382,0.8238799969355265,0.02135239914059639,0.43333333333333335
93,0.026006553073724112,0.025100221360723176,0.9063316027323405,0.032434724271297455,0.48333333333333334
94,0.0276262196401755,0.0267195305476586,0.9066892147064209,0.019514242187142372,0.5
95,0.025613584245244663,0.024622931828101477,0.9906524380048116,0.025113245472311974,0.4
96,0.024829594294230144,0.02400859594345093,0.8209984540939331,0.02506396546959877,0.43333333333333335
97,0.02793610990047455,0.027086297671000164,0.8498122890790304,0.022882044315338135,0.5666666666666667
98,0.0279109638184309,0.02690165030459563,1.0093133290608725,0.022976040840148926,0.43333333333333335
99,0.028036928921937942,0.027125084896882375,0.9118436853090922,0.028648361563682556,0.4666666666666667
100,0.02931735316912333,0.028312553837895393,1.0047993143399556,0.03251131251454353,0.4166666666666667
101,0.035114857057730355,0.034036142627398173,1.0787144819895427,0.03673027828335762,0.6333333333333333
102,0.026285888875524202,0.02547267551223437,0.8132131457328796,0.026037810370326042,0.4666666666666667
103,0.027964739004770915,0.027103560542066894,0.8611783901850383,0.021733708679676056,0.43333333333333335
104,0.026969692359368008,0.026041868204871813,0.9278241753578186,0.02036549523472786,0.4
105,0.02505952355762323,0.024196510637799897,0.8630130330721537,0.02302771992981434,0.5166666666666667
106,0.026445680111646653,0.02543061040341854,1.0150696317354837,0.024390604346990585,0.4666666666666667
107,0.029668190330266953,0.028599914287527402,1.068276003996531,0.026118440553545952,0.4666666666666667
108,0.028846125677227975,0.027855310340722403,0.9908154010772705,0.02335423044860363,0.48333333333333334
109,0.025804533188541732,0.024917487551768622,0.8870459119478862,0.04155701771378517,0.4166666666666667
110,0.027469159166018168,0.026556703882912796,0.9124552488327027,0.031740397214889526,0.5333333333333333
111,0.027155478050311408,0.026272329812248547,0.8831481854120891,0.031411655247211456,0.4666666666666667
112,0.028036053602894146,0.02698257565498352,1.0534778634707134,0.02935688942670822,0.5833333333333334
113,0.02673696937660376,0.02569131093720595,1.0456581711769104,0.01982511579990387,0.5333333333333333
114,0.025521216541528703,0.02463697815934817,0.8842384974161784,0.029521889984607697,0.4166666666666667
115,0.026875683789451918,0.025915689021348953,0.9599947492281596,0.023266088217496872,0.4666666666666667
116,0.023914462327957152,0.02297389054050048,0.940571669737498,0.02828153409063816,0.4166666666666667
117,0.02702911136051019,0.025961065416534743,1.0680457433064778,0.032835450023412704,0.4666666666666667
118,0.02721004510919253,0.026265563940008483,0.944481094678243,0.020181026309728622,0.5333333333333333
119,0.025273199627796807,0.024339814111590384,0.9333853165308634,0.021696757525205612,0.4166666666666667
120,0.024944266552726427,0.024059056118130685,0.8852106650670369,0.0269914623349905,0.5666666666666667
121,0.025605961432059607,0.024729851509133975,0.8761102120081584,0.02160198614001274,0.43333333333333335
122,0.0245673888673385,0.023703823362787566,0.8635653416315715,0.02373432368040085,0.5
123,0.0240678820759058,0.023219440939525764,0.8484408934911092,0.01995205134153366,0.5333333333333333
124,0.024441415692369142,0.023514636605978013,0.9267789324124655,0.026521366089582443,0.36666666666666664
125,0.027559899290402732,0.02660359504322211,0.9563043038050334,0.027808189392089844,0.4666666666666667
126,0.026803600291411083,0.025840002546707787,0.963597583770752,0.02721399813890457,0.5666666666666667
127,0.028902242332696913,0.02802616966267427,0.8760726491610209,0.023689983412623405,0.48333333333333334
128,0.026546665094792844,0.02569883099446694,0.8478339711825053,0.02334759384393692,0.5
129,0.02468988671898842,0.023800579582651457,0.8893068353335063,0.027338149026036263,0.45
130,0.028204112499952316,0.027279933417836823,0.9241790692011516,0.022290317341685295,0.48333333333333334
131,0.02912019764383634,0.028243630627791085,0.8765668670336405,0.020802399143576622,0.55
132,0.027069621781508128,0.026255924130479495,0.8136975089708964,0.029852448031306267,0.4
133,0.02754795029759407,0.02661061050991217,0.937339739004771,0.02182646282017231,0.43333333333333335
134,0.028350368638833365,0.02732271688679854,1.027651572227478,0.028956357389688492,0.48333333333333334
135,0.0298244742055734,0.028860637297232945,0.9638369758923848,0.023662980645895004,0.43333333333333335
136,0.026300078630447386,0.025414124007026355,0.8859546621640523,0.023075157776474953,0.45
137,0.025251821056008338,0.02440735176205635,0.8444694995880127,0.027659393846988678,0.5833333333333334
138,0.029657137890656788,0.02862169643243154,1.0354416529337565,0.024640053510665894,0.45
139,0.024241062874595324,0.023311841363708178,0.9292214751243592,0.02187298983335495,0.45
140,0.024480745817224186,0.023592363173762957,0.8883827169736226,0.025583786889910698,0.4166666666666667
141,0.027302245050668715,0.026177216321229935,1.1250287334124247,0.01989608444273472,0.5333333333333333
142,0.02597252291937669,0.024961319814125697,1.0112029472986857,0.024967411532998085,0.36666666666666664
143,0.022843363384405773,0.022031276735166708,0.8120865106582642,0.030339369550347328,0.45
144,0.02521623782813549,0.02436371681590875,0.8525210738182067,0.0221675056964159,0.5166666666666667
145,0.024735976507266364,0.02387307733297348,0.8628991762797038,0.02521512843668461,0.45
146,0.02583945095539093,0.024939238155881564,0.9002129197120666,0.026782512664794922,0.4166666666666667
147,0.025982002417246502,0.025151923423012097,0.8300790866216023,0.0289880633354187,0.5666666666666667
148,0.02483263487617175,0.023911671340465547,0.9209633787473043,0.02544701099395752,0.4166666666666667
149,0.025789026791850727,0.02485870396097501,0.930322802066803,0.023401888087391853,0.4
150,0.02453089083234469,0.02369099793334802,0.8398930231730143,0.024693824350833893,0.43333333333333335
151,0.02389162170390288,0.02306263322631518,0.8289885719617208,0.03542144596576691,0.43333333333333335
152,0.02948498489956061,0.02862119028965632,0.863794763882955,0.023076772689819336,0.48333333333333334
153,0.025034746900200845,0.02411627521117528,0.9184718489646911,0.02549719251692295,0.4666666666666667
154,0.027877757201592128,0.02678848964472612,1.089267373085022,0.021003883332014084,0.5
155,0.025374267622828482,0.024379735315839448,0.9945322553316752,0.02281612530350685,0.43333333333333335
156,0.02703063040971756,0.026099955290555955,0.9306749264399211,0.023920290172100067,0.5666666666666667
157,0.027793895577390988,0.02664235085248947,1.151544483502706,0.021217791363596916,0.48333333333333334
158,0.026565909385681152,0.025650613382458685,0.915295930703481,0.021061334758996964,0.4666666666666667
159,0.02547161988914013,0.024491416290402412,0.9802035609881083,0.01978783868253231,0.5
160,0.025228282188375792,0.02435358315706253,0.8746988892555236,0.027786994352936745,0.43333333333333335
161,0.028314300378163657,0.027298936372001967,1.0153638998667398,0.019033482298254967,0.5333333333333333
162,0.02568444199860096,0.024864351749420165,0.82009037733078,0.029793480411171913,0.48333333333333334
163,0.025498190149664878,0.024558370436231294,0.9398197611172994,0.020532503724098206,0.4
164,0.024574974179267885,0.023731499910354614,0.8434740424156189,0.022155219689011574,0.6
165,0.023665329565604527,0.022852087765932082,0.8132418870925904,0.023384125903248787,0.4666666666666667
166,0.025719026972850164,0.02473348726828893,0.9855397462844848,0.02679760940372944,0.5833333333333334
167,0.025149857128659883,0.02429714674750964,0.852710501352946,0.026071816682815552,0.43333333333333335
168,0.023086747651298842,0.02219892218708992,0.887825342019399,0.02389935404062271,0.5166666666666667
169,0.026713939507802327,0.02573914937674999,0.9747898896535238,0.027812523767352104,0.5166666666666667
170,0.027501258129874865,0.026666926220059395,0.8343318621317546,0.025090111419558525,0.4666666666666667
171,0.026159304628769555,0.025240921353300413,0.9183830777804057,0.01951706036925316,0.5333333333333333
172,0.02757138336698214,0.0266975786536932,0.8738046924273173,0.026013381779193878,0.4666666666666667
173,0.028909687077005704,0.027993945280710857,0.915741773446401,0.02238692343235016,0.4166666666666667
174,0.025077388683954874,0.024252732346455256,0.8246561447779338,0.02237209677696228,0.5166666666666667
175,0.02436070206264655,0.023387549941738448,0.9731519858042399,0.024375896900892258,0.5833333333333334
176,0.026909034078319866,0.025776929905017218,1.1321040987968445,0.023745771497488022,0.35
177,0.024428155521551767,0.023477032283941903,0.9511231223742167,0.023490387946367264,0.4666666666666667
178,0.025756250694394113,0.02480186621348063,0.9543846607208252,0.03170090168714523,0.36666666666666664
179,0.023289881646633148,0.022489591439565023,0.8002898454666137,0.026327453553676605,0.4
180,0.024507974336544672,0.023731719826658566,0.7762542883555095,0.02241581492125988,0.45
181,0.023367518559098244,0.02258365179101626,0.7838666121164958,0.025400271639227867,0.5333333333333333
182,0.026196454465389252,0.025320099170009294,0.8763550321261088,0.026288796216249466,0.45
183,0.0248934684942166,0.024041898424426715,0.8515700022379558,0.03170701488852501,0.4166666666666667
184,0.03091027041276296,0.029920745392640433,0.9895250082015992,0.02783646062016487,0.55
185,0.025286880135536195,0.02430893642206987,0.9779435118039449,0.02388971485197544,0.4166666666666667
186,0.024337728197375934,0.023438520170748232,0.8992082357406617,0.03054436296224594,0.48333333333333334
187,0.027198308582107224,0.02621265525619189,0.9856532454490662,0.019394947215914726,0.45
188,0.02560157092909018,0.024716239919265113,0.8853309512138366,0.02674158476293087,0.43333333333333335
189,0.024595919375618298,0.023744520048300424,0.8513996879259745,0.021714549511671066,0.4166666666666667
190,0.024472853044668834,0.0235579427331686,0.9149102131525676,0.02141527086496353,0.48333333333333334
191,0.024132224420706432,0.023216230049729347,0.9159941633542379,0.0219253022223711,0.4666666666666667
192,0.024306738500793776,0.023299258947372437,1.0074796398480734,0.02628861740231514,0.43333333333333335
193,0.025895947962999342,0.02498955006400744,0.9063978393872579,0.03156232088804245,0.45
194,0.026181267574429512,0.02517042259375254,1.0108449101448058,0.020120030269026756,0.4666666666666667
195,0.024417303130030633,0.023562111084659894,0.8551921168963115,0.01930677518248558,0.43333333333333335
196,0.023774898052215575,0.02288544662296772,0.8894511938095093,0.025881538167595863,0.55
197,0.02550899013876915,0.024626303339997928,0.8826866547266642,0.02419050596654415,0.3333333333333333
198,0.0237355879197518,0.022888783862193427,0.8468041777610779,0.025394326075911522,0.4666666666666667
199,0.026174158478776615,0.02529953420162201,0.87462451060613,0.032400961965322495,0.4666666666666667
200,0.023539437229434648,0.022729294002056123,0.810143236319224,0.025826072320342064,0.48333333333333334
201,0.022997182421386243,0.022165390911201635,0.8317914088567098,0.02989826910197735,0.45
202,0.027848864222566286,0.0269561592489481,0.8927049001057943,0.024070406332612038,0.43333333333333335
203,0.02774490527808666,0.026821479946374894,0.9234256466229757,0.031256914138793945,0.45
204,0.02809761092066765,0.027259565020600954,0.8380461851755778,0.030186649411916733,0.5333333333333333
205,0.028717051322261492,0.02781695735951265,0.9000937382380167,0.020850256085395813,0.5
206,0.02669855790833632,0.02570176621278127,0.9967915495236714,0.03180957958102226,0.5166666666666667
207,0.029587709158658982,0.028537777438759803,1.0499315063158672,0.020994244143366814,0.43333333333333335
208,0.02668788582086563,0.025738476465145748,0.9494093259175619,0.030168922618031502,0.6166666666666667
209,0.0252101248751084,0.024336972211798032,0.8731527129809061,0.01991111785173416,0.5333333333333333
210,0.028561486303806304,0.02753666751086712,1.024818774064382,0.031053943559527397,0.43333333333333335
211,0.02901505654056867,0.028037316476305325,0.977739679813385,0.022964881733059883,0.4666666666666667
212,0.024994100133577984,0.024089306965470313,0.9047931750615438,0.033031679689884186,0.48333333333333334
213,0.026977881975471973,0.0261838028828303,0.7940792282422383,0.024253031238913536,0.48333333333333334
214,0.02420315829416116,0.023376266782482464,0.8268918077150981,0.024755356833338737,0.4
215,0.025651754066348075,0.024716558928291003,0.9351951162020365,0.022253647446632385,0.48333333333333334
216,0.02604402812818686,0.025156114374597867,0.8879137516021729,0.02154790610074997,0.45
217,0.025267423937718074,0.024387452378869058,0.8799715240796407,0.024166416376829147,0.5333333333333333
218,0.024013201395670574,0.023144539321462314,0.8686618685722352,0.020778758451342583,0.5333333333333333
219,0.024185535311698914,0.023410649225115775,0.7748861988385518,0.02997981756925583,0.4166666666666667
220,0.02625798893471559,0.025411873559157052,0.8461155494054159,0.026078062132000923,0.4166666666666667
221,0.024336330716808637,0.02350213813285033,0.8341927448908488,0.03753720968961716,0.36666666666666664
222,0.026313692331314087,0.02549332131942113,0.8203710714975992,0.030428551137447357,0.4
223,0.02770678500334422,0.026899295921127,0.8074891964594523,0.025582127273082733,0.5666666666666667
224,0.0260502224167188,0.0252534798036019,0.7967426419258118,0.02919032983481884,0.5666666666666667
225,0.024958977972467742,0.02397787446777026,0.9811034202575684,0.02554706670343876,0.45
226,0.027181895822286604,0.026148107772072157,1.0337880531946817,0.04106085002422333,0.4
227,0.026382476712266605,0.025293765403330327,1.0887113412221272,0.025051487609744072,0.5333333333333333
228,0.024345009649793307,0.023421110833684602,0.9238986293474833,0.022811273112893105,0.4666666666666667
229,0.0247384841243426,0.02383967551092307,0.8988087137540182,0.021577443927526474,0.4
230,0.02728837790588538,0.026265168686707814,1.0232091824213663,0.024819208309054375,0.36666666666666664
231,0.02357111722230911,0.022793257112304368,0.7778602282206217,0.03069758042693138,0.3333333333333333
232,0.027132088442643483,0.02624116155008475,0.8909268140792846,0.03580300882458687,0.4166666666666667
233,0.026765968898932138,0.025806346908211708,0.9596221566200256,0.027231447398662567,0.4666666666666667
234,0.023430653909842173,0.022592003767689068,0.8386500597000122,0.02015390805900097,0.5666666666666667
235,0.026111292466521264,0.025230786204338072,0.8805060466130574,0.019852062687277794,0.38333333333333336
236,0.024984447409709294,0.024049486840764682,0.9349603692690531,0.020285582169890404,0.4666666666666667
237,0.025775807723402978,0.0248630470285813,0.9127606193224589,0.023595567792654037,0.4
238,0.023998080442349117,0.023090505103270213,0.9075753490130106,0.019808955490589142,0.5166666666666667
239,0.023681719849507014,0.02287758340438207,0.8041360934575399,0.02951631508767605,0.36666666666666664
240,0.02365629238386949,0.0228385375191768,0.8177550872166951,0.03967822343111038,0.36666666666666664
241,0.029956659550468126,0.02892869065205256,1.0279688795407613,0.023135481402277946,0.4666666666666667
242,0.025694914037982623,0.02473755441606045,0.9573594927787781,0.03183990716934204,0.4166666666666667
243,0.02290627881884575,0.022133520618081094,0.7727582216262817,0.026346271857619286,0.4
244,0.027695948258042336,0.026828387876351674,0.8675604859987894,0.027882562950253487,0.4166666666666667
245,0.02658350169658661,0.02565233347316583,0.9311682979265848,0.028896106407046318,0.4166666666666667
246,0.02632038705050945,0.025320818026860554,0.9995691418647766,0.02712826058268547,0.36666666666666664
247,0.024966161325573923,0.023998844126860302,0.9673172275225321,0.035524386912584305,0.45
248,0.028918535510698954,0.02788180112838745,1.036734116077423,0.027658941224217415,0.45
249,0.026195814212163288,0.02526756264269352,0.9282514413197835,0.023010801523923874,0.45
250,0.02826357583204905,0.027265451103448867,0.9981245438257853,0.03807620331645012,0.38333333333333336
251,0.024597087875008583,0.023739094970126946,0.8579930464426676,0.025993160903453827,0.5
252,0.0231670497606198,0.02232814704378446,0.8389026363690694,0.02341342344880104,0.4
253,0.0245106836160024,0.023566352327664693,0.9443311134974162,0.022778397426009178,0.4166666666666667
254,0.02410332268724839,0.023249299513796964,0.8540231664975484,0.0240024384111166,0.4166666666666667
255,0.025221874192357063,0.024409230922659238,0.8126433332761128,0.02380356937646866,0.35
256,0.02464909789462884,0.023830634728074073,0.8184632976849874,0.0335393026471138,0.4166666666666667
257,0.02511329439779123,0.02416164577007294,0.9516487956047058,0.023133443668484688,0.4666666666666667
258,0.02446491246422132,0.02352589393655459,0.939018440246582,0.030138131231069565,0.5333333333333333
259,0.023484273379047713,0.022641668220361073,0.8426050702730815,0.021850712597370148,0.4666666666666667
260,0.024090631554524105,0.023183281098802886,0.9073505202929179,0.030135195702314377,0.4666666666666667
261,0.027950455496708552,0.02695488358537356,0.9955716927846273,0.023410290479660034,0.4166666666666667
262,0.024915475398302078,0.024000605071584382,0.9148701588312785,0.024179860949516296,0.48333333333333334
263,0.02384747639298439,0.02291171488662561,0.9357615987459819,0.03276573866605759,0.43333333333333335
264,0.025708806390563648,0.024760400752226512,0.9484058976173401,0.028593624010682106,0.5
265,0.026820940772692363,0.025568964332342146,1.2519764145215353,0.028519421815872192,0.55
266,0.033165326341986656,0.03209222269554933,1.0731032729148864,0.03842701017856598,0.4166666666666667
267,0.031984590863188105,0.030972345049182573,1.012245492140452,0.02480161003768444,0.45
268,0.029758831858634947,0.028768303493658703,0.9905282179514567,0.02878945879638195,0.48333333333333334
269,0.02717321626842022,0.026120237881938617,1.0529784520467123,0.029684139415621758,0.43333333333333335
270,0.023295262455940248,0.02248110150297483,0.8141608158747355,0.026970483362674713,0.4166666666666667
271,0.023607534045974415,0.022783259426554046,0.8242743730545044,0.022831426933407784,0.45
272,0.02328979385395845,0.02247608962158362,0.8137041886647542,0.02487582340836525,0.4
273,0.026045597965518634,0.025082254285613694,0.9633434096972148,0.029938118532299995,0.4166666666666667
274,0.02334302179515362,0.022474944839874902,0.8680765668551127,0.027599910274147987,0.5333333333333333
275,0.023875515908002853,0.022961009045441946,0.9145069758097331,0.0268118716776371,0.4666666666666667
276,0.024338559061288834,0.023519195119539895,0.819363804658254,0.025627627968788147,0.45
277,0.02373678938796123,0.022962539022167525,0.774250082174937,0.03874748572707176,0.35
278,0.024251119295756022,0.02342279168466727,0.8283273776372274,0.03028721734881401,0.35
279,0.02347454515596231,0.022617681324481963,0.8568634907404582,0.026013581082224846,0.4166666666666667
280,0.024146594355503717,0.023305804282426835,0.8407900174458821,0.020771171897649765,0.45
281,0.024265618001421293,0.023332744650542737,0.932873272895813,0.027999846264719963,0.5166666666666667
282,0.024465309952696166,0.02362167996664842,0.8436300754547119,0.021005429327487946,0.4666666666666667
283,0.023544867460926374,0.02266619602839152,0.8786714593569438,0.02734815888106823,0.45
284,0.026278851553797722,0.025345261891682944,0.9335894664128621,0.033213164657354355,0.43333333333333335
285,0.026773819203178086,0.025843751803040504,0.9300673524538676,0.028178054839372635,0.4166666666666667
286,0.02471480444073677,0.02372439901034037,0.9904051462809245,0.0302212443202734,0.43333333333333335
287,0.026408931240439415,0.02538027154902617,1.0286598006884258,0.023184068500995636,0.38333333333333336
288,0.0250297828267018,0.024074244623382885,0.9555385271708171,0.029202047735452652,0.4166666666666667
289,0.02562114509443442,0.024643993253509203,0.9771522243817647,0.026337917894124985,0.5333333333333333
290,0.024500372260808943,0.02351304404437542,0.9873285214106242,0.030102288350462914,0.4
291,0.02589254224052032,0.024856694042682648,1.0358484228452047,0.03133643791079521,0.36666666666666664
292,0.02607327848672867,0.0250374011695385,1.0358771999677023,0.027863893657922745,0.45
293,0.0255158015837272,0.024541174247860908,0.9746273597081502,0.027046989649534225,0.5
294,0.026079047098755838,0.02517676887412866,0.9022779901822408,0.025639314204454422,0.48333333333333334
295,0.025851937135060628,0.024933953459064167,0.9179834922154745,0.02730954810976982,0.38333333333333336
296,0.024532676115632056,0.02372556788225969,0.8071081280708313,0.020674867555499077,0.5333333333333333
297,0.026432712748646735,0.025601420551538467,0.8312920490900676,0.02674499899148941,0.4666666666666667
298,0.03157267645001412,0.030612206210692723,0.9604701995849609,0.02772076055407524,0.55
299,0.02795962281525135,0.027010686695575714,0.948936402797699,0.02346310205757618,0.5666666666666667
300,0.02617517039179802,0.025204775234063465,0.9703953742980957,0.04373196139931679,0.5333333333333333
301,0.0278071486701568,0.026780981197953226,1.0261673092842103,0.023632431402802467,0.5333333333333333
302,0.02509317162136237,0.024247556055585543,0.8456151763598124,0.028953714296221733,0.4
303,0.028503326450785002,0.02753000445663929,0.9733218987782796,0.0357767790555954,0.38333333333333336
304,0.025004398450255393,0.024015638853112857,0.988759704430898,0.02491995505988598,0.55
305,0.023701469724376995,0.02282311742504438,0.8783523599306743,0.029962588101625443,0.45
306,0.023456374928355218,0.022620677202939986,0.8356977144877116,0.024585656821727753,0.4666666666666667
307,0.02291642688214779,0.02207177070279916,0.8446561058362325,0.023525867611169815,0.43333333333333335
308,0.024972583229343096,0.02401861734688282,0.9539658625920614,0.025046024471521378,0.43333333333333335
309,0.025993087142705918,0.024864381551742552,1.128705894947052,0.030911210924386978,0.45
310,0.02429112568497658,0.023398399228851,0.892726469039917,0.030980149284005165,0.6
311,0.027756978323062263,0.026884684090813002,0.8722944776217143,0.042117487639188766,0.36666666666666664
312,0.030659195656577747,0.029786740119258564,0.8724556048711141,0.031298499554395676,0.6166666666666667
313,0.030399057269096374,0.029440603653589883,0.9584536751111349,0.026080144569277763,0.43333333333333335
314,0.02444547476867835,0.023576721300681433,0.8687534729639689,0.024491241201758385,0.4166666666666667
315,0.02460210807621479,0.02377080631752809,0.8313015182813008,0.027089189738035202,0.4666666666666667
316,0.02306413712600867,0.02221576434870561,0.8483727693557739,0.021860186010599136,0.48333333333333334
317,0.023671410729487738,0.02278336522479852,0.8880456527074178,0.021500902250409126,0.5666666666666667
318,0.025588271766901018,0.024637640143434208,0.95063157081604,0.024042373523116112,0.5333333333333333
319,0.02237838345269362,0.021587337739765643,0.7910458286603291,0.024585595354437828,0.48333333333333334
320,0.02268436091641585,0.02184572406113148,0.8386367360750834,0.02635188214480877,0.45
321,0.027848908056815464,0.026845243573188782,1.003664251168569,0.03225282207131386,0.38333333333333336
322,0.024350268642107646,0.023368511348962784,0.9817572752634685,0.025911226868629456,0.4166666666666667
323,0.02346493974328041,0.022600526983539263,0.8644128282864888,0.028880411759018898,0.43333333333333335
324,0.024405384560426076,0.023384415730834007,1.0209688385327658,0.025831369683146477,0.4666666666666667
325,0.02697219215333462,0.026106703778107962,0.8654881874720256,0.03443269059062004,0.4
326,0.025143058225512504,0.024263883754611016,0.879174530506134,0.024985475465655327,0.5166666666666667
327,0.025410660604635874,0.02459607260922591,0.8145881175994873,0.03376283869147301,0.45
328,0.027932296817501385,0.027008206769824027,0.9240902463595072,0.030112821608781815,0.4166666666666667
329,0.02516801344851653,0.02412075673540433,1.0472565094629924,0.0272785946726799,0.4166666666666667
330,0.026422122741738954,0.025362815211216607,1.0593075116475423,0.031157802790403366,0.4666666666666667
331,0.025095751384894054,0.024101659034689266,0.9940923571586608,0.02488795667886734,0.45
332,0.02350946143269539,0.022676370106637478,0.833091410001119,0.02186078205704689,0.5666666666666667
333,0.02467038792868455,0.023853185152014098,0.817202607790629,0.02629837952554226,0.4666666666666667
334,0.026489066208402315,0.025613227486610414,0.8758387804031372,0.037062421441078186,0.48333333333333334
335,0.02578512318432331,0.024831817174951237,0.9533061822255452,0.02642391249537468,0.55
336,0.024889157464106876,0.023960099865992863,0.9290574153264364,0.03919580206274986,0.45
337,0.02720523811876774,0.02630980759859085,0.8954303820927938,0.024564212188124657,0.5
338,0.02333839697142442,0.022434779132405918,0.903617791334788,0.028790442273020744,0.55
339,0.025046950578689574,0.02397801342109839,1.0689371347427368,0.03719671443104744,0.4166666666666667
340,0.02680153287947178,0.025742682938774426,1.0588500539461771,0.023509018123149872,0.36666666666666664
341,0.022260276476542155,0.021441121151049933,0.8191554586092631,0.029961297288537025,0.38333333333333336
342,0.026130756363272667,0.025241356467207272,0.88940003712972,0.023728184401988983,0.45
343,0.024030376349886258,0.023179941376050315,0.8504350582758585,0.03715631365776062,0.31666666666666665
344,0.022854264204700787,0.02207866720855236,0.7755969007809956,0.024838818237185478,0.4166666666666667
345,0.02378915747006734,0.022986004998286565,0.8031524022420248,0.025022832676768303,0.45
346,0.024220328032970428,0.023395009835561118,0.8253183166186014,0.021238725632429123,0.4166666666666667
347,0.023335395629207292,0.022455733766158423,0.8796618103981018,0.03012518398463726,0.5166666666666667
348,0.024633242189884184,0.023794094721476238,0.8391475598017375,0.02609841898083687,0.38333333333333336
349,0.028331562007466952,0.027417936051885288,0.9136262734731039,0.03917381167411804,0.3333333333333333
350,0.027529157822330792,0.02661488304535548,0.9142749309539795,0.021541953086853027,0.55
351,0.02338169328868389,0.022561315322915713,0.8203780055046082,0.025663962587714195,0.4666666666666667
352,0.023600138848026593,0.022769870609045027,0.8302683552106221,0.021379899233579636,0.5333333333333333
353,0.02695446585615476,0.026055741310119628,0.8987244884173076,0.028563566505908966,0.43333333333333335
354,0.02687704674899578,0.025858364005883535,1.018682559331258,0.02811674401164055,0.43333333333333335
355,0.02506669263044993,0.02407594844698906,0.9907443046569824,0.036276545375585556,0.43333333333333335
356,0.026587602992852528,0.025551368917028108,1.0362341006596882,0.02477310039103031,0.45
357,0.024323135862747827,0.023388666783769926,0.934468952814738,0.022708047181367874,0.55
358,0.02401139810681343,0.023053148140509922,0.9582501570383708,0.020389968529343605,0.5333333333333333
359,0.023751949643095335,0.022930477435390156,0.8214723825454712,0.027922652661800385,0.43333333333333335
360,0.02315600961446762,0.022349965199828147,0.806044336160024,0.02193751186132431,0.45
361,0.02266218587756157,0.02183921771744887,0.8229681015014648,0.030212173238396645,0.3333333333333333
362,0.02372286319732666,0.022874323775370915,0.8485394199689229,0.03134710714221001,0.4166666666666667
363,0.024780641992886862,0.023910013089577357,0.8706289092699687,0.02757037803530693,0.43333333333333335
364,0.026496443649133047,0.025548361862699192,0.9480818271636963,0.04035671800374985,0.4166666666666667
365,0.025967470680673916,0.02516276016831398,0.8047103921572367,0.02947556972503662,0.36666666666666664
366,0.02315969727933407,0.02233032714575529,0.8293700853983561,0.02353530377149582,0.5166666666666667
367,0.024453281487027804,0.023594010745485623,0.8592705130577087,0.02324344404041767,0.4666666666666667
368,0.022579134007294974,0.02180090956389904,0.7782244920730591,0.028000937774777412,0.4666666666666667
369,0.02489733323454857,0.02401723824441433,0.8800949613253276,0.0321648046374321,0.4
370,0.026595536495248477,0.025619692107041677,0.9758444269498189,0.03686712309718132,0.4166666666666667
371,0.024374657372633616,0.023488377779722215,0.8862798690795899,0.023668775334954262,0.4666666666666667
372,0.027132324253519375,0.0262112890680631,0.9210349480311076,0.02929900959134102,0.48333333333333334
373,0.025344652930895488,0.024489432821671167,0.8552198092142741,0.021004872396588326,0.5333333333333333
374,0.02443920572598775,0.023560756569107374,0.8784489432970682,0.022759579122066498,0.5166666666666667
375,0.022681859880685808,0.0218736690779527,0.8081905404726665,0.033347927033901215,0.5333333333333333
376,0.02567791740099589,0.024753801276286444,0.9241160591443379,0.04296065494418144,0.4
377,0.023731389020880064,0.022919453494250775,0.8119351983070373,0.028909694403409958,0.43333333333333335
378,0.026800747712453207,0.025763674825429916,1.0370728890101115,0.025717617943882942,0.38333333333333336
379,0.023406901334722837,0.022446901351213456,0.960000216960907,0.026234250515699387,0.5
380,0.024315393591920535,0.023412729365130266,0.9026641249656677,0.03148585185408592,0.45
381,0.024360679586728416,0.02346545731027921,0.8952221433321635,0.025402501225471497,0.4
382,0.025134213517109552,0.024254233638445536,0.8799798369407654,0.030165808275341988,0.45
383,0.022669026503960292,0.021877555052439372,0.7914714813232422,0.02596231922507286,0.4666666666666667
384,0.02436562217772007,0.023469779392083487,0.8958428621292114,0.027610262855887413,0.5166666666666667
385,0.023798279960950217,0.022959441070755322,0.838838803768158,0.029041483998298645,0.43333333333333335
386,0.024404837315281234,0.023530093083779017,0.8747442921002706,0.026168234646320343,0.4166666666666667
387,0.023660101741552354,0.022828473274906478,0.8316282351811727,0.02378540113568306,0.4
388,0.026453223079442978,0.02563373235364755,0.8194905598958333,0.02988937497138977,0.35
389,0.02566938896973928,0.024658804262677827,1.0105846881866456,0.02989206463098526,0.48333333333333334
390,0.024538759514689444,0.023676985998948415,0.8617734829584758,0.037051450461149216,0.5333333333333333
391,0.026898754015564918,0.025833520169059435,1.0652335047721864,0.025529030710458755,0.43333333333333335
392,0.025448811302582423,0.02450567645331224,0.943134872118632,0.02594705857336521,0.5333333333333333
393,0.028000983595848083,0.02710278903444608,0.8981945753097534,0.0273689366877079,0.4
394,0.028461574266354244,0.027518584082523983,0.9429896354675293,0.024972690269351006,0.5
395,0.025129976868629455,0.024198972433805466,0.931004544099172,0.025353550910949707,0.5666666666666667
396,0.0236605620632569,0.022801851481199266,0.8587105870246887,0.043049994856119156,0.45
397,0.029706604530413946,0.02870045912762483,1.0061452865600586,0.0246258694678545,0.6
398,0.02691905026634534,0.025818252439300218,1.100797708829244,0.025144850835204124,0.5166666666666667
399,0.02338501289486885,0.022510850305358567,0.8741626818974813,0.023052439093589783,0.45
400,0.024423284083604814,0.023543491462866464,0.8797927180926005,0.025565385818481445,0.4166666666666667
401,0.02574161613980929,0.024790165200829505,0.9514509518941243,0.030493279919028282,0.36666666666666664
402,0.025303728878498077,0.02434174232184887,0.9619864384333293,0.02926529571413994,0.45
403,0.02588488223652045,0.024847570061683654,1.0373122175534566,0.021455831825733185,0.4666666666666667
404,0.02240115702152252,0.02157817066957553,0.8229863127072652,0.02166423574090004,0.45
405,0.023040224487582844,0.022175827870766322,0.8643966118494669,0.02284654974937439,0.4166666666666667
406,0.023111454273263613,0.02223284151405096,0.8786129514376323,0.02422291785478592,0.43333333333333335
407,0.0240753543873628,0.023253446196516356,0.821907901763916,0.038712795823812485,0.4666666666666667
408,0.028431563700238863,0.027432567377885183,0.9989963452021281,0.0318869948387146,0.4166666666666667
409,0.026891406749685605,0.025890140111247698,1.0012667020161947,0.023592902347445488,0.35
410,0.024667625377575556,0.023805788035194078,0.8618372758229573,0.028578391298651695,0.4
411,0.02739705368876457,0.026179548104604086,1.2175055742263794,0.028570648282766342,0.55
412,0.026440360521276792,0.025249326477448146,1.191034158070882,0.023102376610040665,0.48333333333333334
413,0.02479045105477174,0.023846903443336488,0.9435476899147034,0.019760897383093834,0.43333333333333335
414,0.023493903999527294,0.022674886385599773,0.8190175731976826,0.022224562242627144,0.43333333333333335
415,0.023573978866140047,0.02272499439616998,0.8489843169848125,0.026644626632332802,0.38333333333333336
416,0.025320752710103988,0.024449611951907476,0.8711408297220866,0.023215705528855324,0.43333333333333335
417,0.02511190834144751,0.024119957784811654,0.9919506430625915,0.027551574632525444,0.48333333333333334
418,0.025166046371062598,0.024224605162938437,0.9414410988489786,0.03617379441857338,0.5166666666666667
419,0.025883382310469945,0.024843564753731093,1.0398173610369363,0.029184581711888313,0.4
420,0.02366419310371081,0.022667470574378967,0.9967222253481547,0.0263571385294199,0.5833333333333334
421,0.023981149618824322,0.023150389020641645,0.8307606935501098,0.021804669871926308,0.45
422,0.02618496082723141,0.025313057377934454,0.8719031691551209,0.022145340219140053,0.48333333333333334
423,0.025751401608188947,0.02478271412352721,0.9686874787012736,0.023846615105867386,0.48333333333333334
424,0.024663069595893223,0.023854368180036545,0.808700954914093,0.02576613426208496,0.38333333333333336
425,0.02140479243050019,0.020560370137294132,0.8444223721822103,0.0348503403365612,0.4666666666666667
426,0.026217028498649597,0.025135608265797298,1.0814203461011251,0.024770015850663185,0.43333333333333335
427,0.02269549258053303,0.021842091778914132,0.8534004727999369,0.03272473067045212,0.4166666666666667
428,0.02487055497864882,0.023946175165474416,0.9243796507517497,0.030797813087701797,0.5666666666666667
429,0.023435684169332185,0.02252878633638223,0.9068981687227885,0.020499130710959435,0.5166666666666667
430,0.022566936165094375,0.021788604060808816,0.7783319155375162,0.026384608820080757,0.4
431,0.027916359653075536,0.02700942891339461,0.9069305419921875,0.023757975548505783,0.5666666666666667
432,0.025499229629834492,0.024444804340600968,1.054425342877706,0.024063285440206528,0.4
433,0.021980371326208115,0.02118528715024392,0.7950843890508016,0.031661417335271835,0.5166666666666667
434,0.024053684497872988,0.023201958586772282,0.851725713411967,0.0238871518522501,0.43333333333333335
435,0.02437928815682729,0.02355338657895724,0.8259015719095866,0.028573570773005486,0.43333333333333335
436,0.023478143165508905,0.022452450543642043,1.025692586104075,0.02647353522479534,0.4666666666666667
437,0.02409411606689294,0.023204106589158377,0.8900095621744791,0.027358515188097954,0.43333333333333335
438,0.022389543801546098,0.021576826150218647,0.8127176841100057,0.019960612058639526,0.5166666666666667
439,0.022944599638382593,0.022133988017837208,0.8106114149093628,0.024189582094550133,0.4
440,0.02155950019756953,0.020748694613575935,0.8108053843180338,0.02182675711810589,0.4166666666666667
441,0.021218067159255345,0.020434079070885975,0.783987840016683,0.027383381500840187,0.48333333333333334
442,0.023735781013965607,0.022890847052137057,0.8449336210886638,0.024735063314437866,0.55
443,0.02370416484773159,0.022822531685233117,0.8816332022349039,0.020896175876259804,0.5
444,0.022824399049083392,0.021991463005542757,0.8329356988271077,0.021035736426711082,0.5833333333333334
445,0.024666412795583407,0.023799518992503484,0.866893736521403,0.020743869245052338,0.48333333333333334
446,0.023565498491128285,0.022696858954926333,0.8686393698056539,0.0368514247238636,0.45
447,0.027408655236164727,0.026446879468858243,0.9617757678031922,0.024747056886553764,0.45
448,0.026190551494558654,0.025305207322041192,0.8853443264961243,0.02591416798532009,0.4
449,0.028763937950134277,0.02776345784465472,1.0004798809687296,0.024851560592651367,0.48333333333333334
450,0.02543684095144272,0.024513734752933183,0.9231059789657593,0.021894259378314018,0.4666666666666667
451,0.023029344032208125,0.022262657433748244,0.7666866819063822,0.02882564440369606,0.43333333333333335
452,0.023380095387498537,0.022555031130711237,0.8250640988349914,0.02624850533902645,0.48333333333333334
453,0.02267733377714952,0.021833878941833973,0.8434545993804932,0.023353712633252144,0.36666666666666664
454,0.023431112244725227,0.02254795767366886,0.8831544876098633,0.0218146163970232,0.48333333333333334
455,0.023886867240071295,0.023086136331160863,0.8007310708363851,0.024161430075764656,0.45
456,0.02285329041381677,0.022017288580536844,0.8360016624132792,0.019249333068728447,0.4666666666666667
457,0.022654416660467785,0.021823435090482235,0.830981437365214,0.02414233796298504,0.43333333333333335
458,0.02298666040102641,0.022211728865901628,0.7749316215515136,0.03513643145561218,0.4
459,0.025281115124622982,0.024422896653413774,0.8582185069719951,0.020029764622449875,0.5833333333333334
460,0.022022333989540736,0.021181161950031915,0.8411718209584554,0.022068658843636513,0.45
461,0.0237684095899264,0.02291037750740846,0.858031964302063,0.019647568464279175,0.5
462,0.023067145918806393,0.02222978100180626,0.8373649597167969,0.02754722535610199,0.4166666666666667
463,0.022977506120999653,0.022157222032546997,0.8202842434247335,0.026565779000520706,0.45
464,0.02541278563439846,0.024499468753735223,0.9133168816566467,0.026173610240221024,0.4666666666666667
465,0.02542215995490551,0.024405628442764282,1.0165311415990195,0.026895958930253983,0.45
466,0.025282926733295123,0.024346720427274704,0.9362060904502869,0.019717084243893623,0.4666666666666667
467,0.023882350077231725,0.023091868932048478,0.7904811104138693,0.01999504305422306,0.45
468,0.022872049858172736,0.022085162128011385,0.7868876735369364,0.02096913568675518,0.45
469,0.024577520787715912,0.02355829899509748,1.0192218581835428,0.023823115974664688,0.55
470,0.023747555166482925,0.0228618652249376,0.8856899221738179,0.027535036206245422,0.43333333333333335
471,0.024938683211803436,0.024075167005260786,0.8635164300600687,0.02123614400625229,0.43333333333333335
472,0.022782946626345318,0.02197237772246202,0.8105687101682028,0.024225004017353058,0.55
473,0.026020300388336182,0.02505838746825854,0.961912989616394,0.03411435708403587,0.4
474,0.024492981160680452,0.023614116261402765,0.8788650512695313,0.031644683331251144,0.43333333333333335
475,0.026068018128474552,0.025152999411026635,0.9150187571843466,0.031530026346445084,0.48333333333333334
476,0.02315578982234001,0.022353747859597206,0.8020423134167989,0.029892785474658012,0.4666666666666667
477,0.025250161935885748,0.024351632098356883,0.8985297918319702,0.022936919704079628,0.5166666666666667
478,0.023372664178411166,0.02246878854930401,0.9038758913675944,0.029775645583868027,0.38333333333333336
479,0.024828220158815383,0.02394407317042351,0.8841469764709473,0.02351599745452404,0.43333333333333335
480,0.025310963640610376,0.024373765165607134,0.9371982057889302,0.02473236434161663,0.45
481,0.023533823216954866,0.02262304313480854,0.9107800205548604,0.023364830762147903,0.4666666666666667
482,0.022712724780042968,0.02189469411969185,0.818030595779419,0.027473757043480873,0.43333333333333335
483,0.025594614446163177,0.024735446895162265,0.8591673135757446,0.0362456776201725,0.48333333333333334
484,0.031345510855317116,0.030374501397212348,0.9710090517997741,0.029103418812155724,0.43333333333333335
485,0.02625987951954206,0.02535150001446406,0.908379606405894,0.03314286470413208,0.5
486,0.024478614578644434,0.02357762729128202,0.9009873032569885,0.022275410592556,0.4166666666666667
487,0.02299922096232573,0.022081271931529044,0.9179490168889364,0.02177388407289982,0.45
488,0.021675305378933748,0.020910491545995075,0.7648138840993245,0.027065178379416466,0.48333333333333334
489,0.024687291433413822,0.023689906919995944,0.9973844329516093,0.025379329919815063,0.4666666666666667
490,0.0240951307117939,0.02318028671046098,0.9148440519968669,0.03698403760790825,0.45
491,0.0299966249614954,0.02907459648946921,0.9220282554626464,0.02304435335099697,0.4
492,0.0242002684623003,0.02331995082398256,0.8803175449371338,0.02774190343916416,0.55
493,0.026948000118136407,0.02591604267557462,1.0319570104281108,0.02273012325167656,0.4
494,0.02385373624662558,0.022996974860628447,0.8567612210909525,0.02505541406571865,0.4166666666666667
495,0.022554967055718102,0.021664522650341193,0.8904444018999735,0.019621778279542923,0.45
496,0.02380365114659071,0.023006657945613067,0.7969931681950887,0.02127212844789028,0.5833333333333334
497,0.02333191515256961,0.02250269160916408,0.8292235811551412,0.021686451509594917,0.5833333333333334
498,0.02247541807591915,0.021657029290994008,0.8183889269828797,0.022862950339913368,0.5166666666666667
499,0.022066665813326836,0.0213043296088775,0.7623363415400187,0.023762274533510208,0.45
500,0.0244936004281044,0.02360319619377454,0.8904040336608887,0.027040371671319008,0.4666666666666667
