epoch,train_loss,mse_loss,trend_loss,val_mse,val_mae,val_trend_acc
0,0.08356295501192411,0.07137021968762079,12.192734305063883,0.030495891347527504,0.14510543644428253,0.4791666666666667
1,0.03056925777345896,0.02512462188800176,5.44463586807251,0.01967386156320572,0.10850341618061066,0.5
2,0.01802247203886509,0.014596411244322855,3.426060438156128,0.022184597328305244,0.11105179041624069,0.5208333333333334
3,0.01360184612373511,0.011231714952737093,2.3701310475667317,0.022222865372896194,0.10915777087211609,0.5208333333333334
4,0.011468036534885566,0.009472216820965211,1.9958196878433228,0.019517987966537476,0.10274837166070938,0.6041666666666666
5,0.010263420610378186,0.008471496310085059,1.7919241905212402,0.024016529321670532,0.11401316523551941,0.5625
6,0.01079168498205642,0.009045942298447093,1.7457425912221274,0.019638149067759514,0.10099147260189056,0.5416666666666666
7,0.009588871151208878,0.007865127952148518,1.723743192354838,0.018003268167376518,0.0983082726597786,0.6041666666666666
8,0.00999039610226949,0.008389819910128911,1.600576066970825,0.021911507472395897,0.10142223536968231,0.5833333333333334
9,0.01051887230326732,0.00886202867453297,1.6568435509999593,0.019138125702738762,0.09770742803812027,0.5416666666666666
10,0.009455181875576575,0.007730543691044052,1.7246380249659221,0.018470844253897667,0.1071503609418869,0.5625
11,0.00916272196918726,0.007732753036543727,1.4299689213434854,0.023068033158779144,0.1026744395494461,0.5416666666666666
12,0.008766722182432811,0.007365949420879285,1.4007726113001506,0.01898624189198017,0.09695644676685333,0.5416666666666666
13,0.008102811065812905,0.006836304565270742,1.2665064811706543,0.018385915085673332,0.09844975918531418,0.4375
14,0.008294498703132073,0.006832797266542912,1.4617013017336526,0.022279925644397736,0.10252667963504791,0.6041666666666666
15,0.008247199468314648,0.006668128538876772,1.5790708502133688,0.020064150914549828,0.10092319548130035,0.6041666666666666
16,0.008419952976206938,0.007127285997072855,1.2926668643951416,0.020125512033700943,0.11097989231348038,0.4791666666666667
17,0.008360986597836018,0.007112848479300738,1.2481380979220071,0.01905124820768833,0.10019473731517792,0.5625
18,0.007286999312539896,0.006141985285406311,1.1450139999389648,0.018729740753769875,0.09587295353412628,0.6041666666666666
19,0.008459700488795836,0.007063700693349043,1.3959997097651164,0.020468439906835556,0.10461512207984924,0.5208333333333334
20,0.007556050891677538,0.006232081291576226,1.3239694436391194,0.022319896146655083,0.10092690587043762,0.5208333333333334
21,0.008186206252624591,0.006654927817483743,1.5312783598899842,0.020055662840604782,0.10975659638643265,0.4166666666666667
22,0.008998720689366262,0.007517559841896097,1.4811607519785563,0.020199814811348915,0.10224974900484085,0.5833333333333334
23,0.0077420198979477085,0.006099253070230285,1.6427666982014975,0.020885024219751358,0.10152582079172134,0.5833333333333334
24,0.008060817637791236,0.006540988851338625,1.5198286573092143,0.01801919750869274,0.1037275493144989,0.5416666666666666
25,0.007512965146452189,0.00612034311828514,1.3926219423611959,0.019773680716753006,0.09656056761741638,0.5208333333333334
26,0.007144295082738002,0.0059776154812425375,1.1666795333226523,0.02185145579278469,0.10211579501628876,0.4166666666666667
27,0.007092718345423539,0.005890228102604548,1.2024901866912843,0.01880490407347679,0.09824886173009872,0.5833333333333334
28,0.006415006161356966,0.005308094946667552,1.1069111943244934,0.019048599526286125,0.09656834602355957,0.4791666666666667
29,0.006471117710073789,0.005358760928114255,1.1123567620913188,0.018537389114499092,0.09936275333166122,0.5416666666666666
30,0.00710341806213061,0.005824282734344403,1.2791352947552999,0.018141256645321846,0.1020578071475029,0.5833333333333334
31,0.007180511299520731,0.005917121625194947,1.2633896430333456,0.018377715721726418,0.09542696923017502,0.5625
32,0.006671583776672681,0.005582808780794342,1.0887749115626018,0.02351151593029499,0.10313840210437775,0.4166666666666667
33,0.006829731414715449,0.005578453031678994,1.25127827723821,0.019955182448029518,0.10033054649829865,0.5625
34,0.007132479827851057,0.0057316141047825415,1.4008657534917195,0.01757190003991127,0.09860245138406754,0.4375
35,0.00656214637371401,0.005357036941374341,1.2051093618075053,0.01817234233021736,0.0962233617901802,0.4791666666666667
36,0.006562168213228385,0.005340369418263435,1.2217987775802612,0.021026723086833954,0.10130592435598373,0.4375
37,0.006453700953473648,0.0053239878111829364,1.1297130942344666,0.01950373314321041,0.10103415697813034,0.5208333333333334
38,0.005923101833711068,0.004828744389427205,1.0943573872248331,0.017653707414865494,0.09696045517921448,0.5625
39,0.005532278834531705,0.004495752975344658,1.036525821685791,0.01857944391667843,0.098642997443676,0.5
40,0.006363023289789756,0.005152272013947368,1.210751215616862,0.01899828389286995,0.1077180951833725,0.625
41,0.007043795598049959,0.005651450188209613,1.3923453092575073,0.021096287295222282,0.10385722666978836,0.5208333333333334
42,0.006710551197951039,0.005280946334823966,1.4296048005421957,0.022551273927092552,0.10094628483057022,0.6041666666666666
43,0.006447211528817813,0.0054137359528491896,1.0334756652514139,0.01668657548725605,0.09993203729391098,0.5625
44,0.006675481610000133,0.005409771281604966,1.2657103021939595,0.01904967986047268,0.09692484885454178,0.5625
45,0.006360787929346164,0.005085641238838434,1.2751466552416484,0.01742992177605629,0.09633199870586395,0.5
46,0.006127390762170156,0.004951268450046579,1.176122240225474,0.017658540979027748,0.09764255583286285,0.4166666666666667
47,0.005780285348494848,0.00456602283132573,1.2142624775568645,0.021032847464084625,0.10136076807975769,0.4375
48,0.005780411387483279,0.004778681400542458,1.0017299373944601,0.019119592383503914,0.09779945015907288,0.4375
49,0.0058865677875777084,0.004728417315830787,1.1581503709157308,0.01904316432774067,0.0952838733792305,0.6041666666666666
50,0.005273643865560492,0.004233413484568397,1.0402303814888,0.017546677961945534,0.10334792733192444,0.5625
51,0.006345143107076486,0.00508071961812675,1.264423382282257,0.01993444189429283,0.09775300323963165,0.5208333333333334
52,0.005586782998094956,0.004337774884576599,1.249008067448934,0.021419979631900787,0.10092854499816895,0.6041666666666666
53,0.005825308461983998,0.004326052218675614,1.4992560784022013,0.01780494675040245,0.09662292897701263,0.5416666666666666
54,0.005863324925303459,0.004629085243990024,1.234239645799001,0.01885758526623249,0.09935609251260757,0.5625
55,0.006296908513953288,0.004916638197998206,1.3802702307701111,0.01750313863158226,0.1041136085987091,0.5625
56,0.0069885154254734514,0.005345803095648686,1.6427122672398886,0.027643747627735138,0.11094172298908234,0.5833333333333334
57,0.006561903934925795,0.005109987407922745,1.4519164403279623,0.020856346935033798,0.10033320635557175,0.5625
58,0.00634688651189208,0.0049470844212919475,1.3998020887374878,0.01910344511270523,0.09989103674888611,0.4166666666666667
59,0.005444751866161823,0.004295116740589341,1.1496350725491842,0.019524363800883293,0.10337810218334198,0.6041666666666666
60,0.005266745171199242,0.004124911765878399,1.1418333292007445,0.019589921459555626,0.09971622377634048,0.5208333333333334
61,0.005160970520228148,0.004212693233663837,0.9482772032419841,0.020619848743081093,0.10038519650697708,0.5416666666666666
62,0.00537247508764267,0.004232470970600843,1.1400040547053019,0.022951392456889153,0.10342208296060562,0.625
63,0.0070028378628194336,0.005607683785880605,1.3951539794603984,0.020233673974871635,0.0976080372929573,0.6041666666666666
64,0.007443314914902051,0.006007879429186384,1.4354354540507,0.017524603754281998,0.10190971940755844,0.5833333333333334
65,0.005627648656566938,0.0042787670157849785,1.3488815387090047,0.01851763017475605,0.10051047056913376,0.4166666666666667
66,0.005620879229779044,0.004430755538245042,1.1901236097017924,0.019123107194900513,0.10169848054647446,0.4375
67,0.005531468087186416,0.004394680354744196,1.1367876648902893,0.017276497557759285,0.09813587367534637,0.5416666666666666
68,0.005595880451922616,0.00445001907646656,1.14586128393809,0.024095730856060982,0.10609529912471771,0.4583333333333333
69,0.005468629254028201,0.004223821350994209,1.2448078473409017,0.020013028755784035,0.09855809062719345,0.4583333333333333
70,0.005106021091341973,0.003936785195643703,1.169235893090566,0.019817721098661423,0.09556921571493149,0.6041666666666666
71,0.0048587302987774215,0.0038142296951264145,1.0445005496342976,0.017438894137740135,0.09521856158971786,0.5416666666666666
72,0.005258570021639267,0.0039893430502464374,1.2692269245783487,0.017100730910897255,0.09847154468297958,0.5625
73,0.005782513786107302,0.0044288563542068,1.3536573886871337,0.026934901252388954,0.11075493693351746,0.5
74,0.005787998220572869,0.004753174803530176,1.0348233183224995,0.020854538306593895,0.10118744522333145,0.6041666666666666
75,0.006439535552635789,0.00505612442890803,1.3834110776583353,0.016756320372223854,0.10164542496204376,0.5625
76,0.0058626630809158085,0.004751444390664498,1.1112186789512635,0.017087319865822792,0.09860190749168396,0.5625
77,0.005623039867108067,0.00441483473405242,1.2082051118214925,0.020694950595498085,0.0999474748969078,0.5208333333333334
78,0.005230587953701615,0.004062414301248888,1.1681735952695211,0.020996330305933952,0.10179796069860458,0.4375
79,0.005306127589816848,0.0038194721409430107,1.4866554101308187,0.017389487475156784,0.10328977555036545,0.6041666666666666
80,0.005066208882878224,0.004056608676910401,1.0096001942952475,0.020429665222764015,0.09721464663743973,0.5
81,0.005447880846137802,0.004561102592075864,0.8867782433827718,0.020346764475107193,0.0966210663318634,0.4375
82,0.005107341132437189,0.004041505201409261,1.065835920969645,0.015897464007139206,0.09552275389432907,0.5625
83,0.005206952197477221,0.004180783390377959,1.0261687636375427,0.02022123709321022,0.09973947703838348,0.4791666666666667
84,0.004901257203891873,0.0039528239130352935,0.9484331607818604,0.01907043345272541,0.09470558911561966,0.5
85,0.004562777855123083,0.003724458394572139,0.8383194267749786,0.017890045419335365,0.09562160819768906,0.4583333333333333
86,0.004976776676873366,0.0039040894402811925,1.0726870894432068,0.02428310550749302,0.10685814917087555,0.6041666666666666
87,0.005027030672257145,0.004046930248538653,0.980100413163503,0.01670851930975914,0.09762148559093475,0.3958333333333333
88,0.005260760352636377,0.004185451939702034,1.075308338801066,0.021255064755678177,0.09899477660655975,0.4166666666666667
89,0.005312233837321401,0.0039610274136066435,1.3512063503265381,0.016843324527144432,0.09309104830026627,0.5833333333333334
90,0.004897193269183238,0.0036437726269165677,1.2534205357233683,0.01867201365530491,0.10169226676225662,0.5833333333333334
91,0.004936994581172863,0.003583093360066414,1.3539011081059773,0.01626892387866974,0.0967252254486084,0.5625
92,0.005061216341952483,0.00401556051025788,1.0456557671229045,0.016587022691965103,0.0926603302359581,0.4375
93,0.004948123948027691,0.0039534420861552155,0.9946818113327026,0.01825110986828804,0.09381967037916183,0.5625
94,0.004727094558378061,0.0037973173273106414,0.9297771573066711,0.017141127958893776,0.09447218477725983,0.4583333333333333
95,0.004152010614052415,0.0033234447396049897,0.8285658995310465,0.0170853640884161,0.09259775280952454,0.5625
96,0.00469006576264898,0.0037654926845182976,0.9245730400085449,0.018660934641957283,0.09652435779571533,0.3958333333333333
97,0.005209921859204769,0.0042084837487588326,1.001438041528066,0.0194287970662117,0.09359507262706757,0.5833333333333334
98,0.004819842350358764,0.0037358202040195464,1.084022041161855,0.020384838804602623,0.10266833752393723,0.4583333333333333
99,0.005374700327714284,0.003896553472926219,1.478146775563558,0.017192907631397247,0.09503217786550522,0.4375
100,0.004609748379637798,0.0034530780743807555,1.1566702326138814,0.017165450379252434,0.09669676423072815,0.5833333333333334
101,0.004956837324425578,0.0038538435318817696,1.1029936750729878,0.016374889761209488,0.09622509777545929,0.5208333333333334
102,0.004808761257057388,0.0037455148063600062,1.0632464011510214,0.017905835062265396,0.09301792830228806,0.5625
103,0.0045829623937606815,0.003677558045213421,0.9054043292999268,0.01585274748504162,0.09557266533374786,0.5833333333333334
104,0.0063415081705898045,0.005166153283789754,1.1753547668457032,0.019604511559009552,0.09914830327033997,0.5625
105,0.0058760576415807005,0.004902344057336449,0.9737135251363118,0.018066739663481712,0.09513048827648163,0.4166666666666667
106,0.004911051131784916,0.0038697155037273963,1.0413356145222983,0.018666090443730354,0.10327407717704773,0.6041666666666666
107,0.005193733625734846,0.004119690569738547,1.0740430355072021,0.016210518777370453,0.0956154391169548,0.4791666666666667
108,0.004856676018486421,0.0038189301267266273,1.0377458810806275,0.02077554725110531,0.09915266931056976,0.5
109,0.0044427630646775166,0.00347953454280893,0.9632284720738729,0.016081368550658226,0.09368415921926498,0.4791666666666667
110,0.004801210466151436,0.0036617318633943795,1.1394785443941753,0.017142999917268753,0.09420114010572433,0.5416666666666666
111,0.004578016713882486,0.0035192476119846106,1.0587691148122151,0.020948003977537155,0.0981324166059494,0.4583333333333333
112,0.004669819849853715,0.003687452975039681,0.9823668678601583,0.019057374447584152,0.09585586935281754,0.4583333333333333
113,0.0043751497752964495,0.0033351427176967264,1.040006943543752,0.017319606617093086,0.0962667390704155,0.4375
114,0.004085358371958137,0.0032108071725815536,0.8745511809984843,0.015599731355905533,0.0910581722855568,0.5625
115,0.004008508364980419,0.003168296239649256,0.8402121186256408,0.020722312852740288,0.10093602538108826,0.4166666666666667
116,0.004421965312212705,0.0032113279293601712,1.21063734292984,0.017348216846585274,0.0943380743265152,0.5625
117,0.004233750250811378,0.0033264627990623316,0.9072874546051025,0.01666029915213585,0.09593120962381363,0.5625
118,0.004438568744808436,0.003429793535421292,1.0087751468022665,0.01479069609194994,0.0957113653421402,0.5208333333333334
119,0.005018505655849974,0.003982381080277264,1.0361244400342307,0.019965076819062233,0.0992748886346817,0.5416666666666666
120,0.00499645567809542,0.003678423926855127,1.318031656742096,0.01750670187175274,0.09367884695529938,0.4791666666666667
121,0.004555239730204145,0.00353336821620663,1.0218714714050292,0.01785103604197502,0.09476318210363388,0.4791666666666667
122,0.00461976455214123,0.0033639176438252133,1.2558468222618102,0.017775483429431915,0.09367949515581131,0.6041666666666666
123,0.004186502704396844,0.0031511319645990926,1.035370663801829,0.016255972906947136,0.09183736890554428,0.4583333333333333
124,0.004466687375679612,0.0032418224960565566,1.2248648087183633,0.017466820776462555,0.09288545697927475,0.4791666666666667
125,0.0043682615117480355,0.0031278270451972883,1.240434436003367,0.01564038172364235,0.08833227306604385,0.5416666666666666
126,0.0043904724686096115,0.003249656967818737,1.1408154606819152,0.01588435098528862,0.09592004120349884,0.5625
127,0.004700470001747211,0.0035723173214743534,1.12815260887146,0.018511807546019554,0.09329493343830109,0.5416666666666666
128,0.004411241644993425,0.003452419590515395,0.9588220040003459,0.01911824569106102,0.09432245790958405,0.5625
129,0.004917490870381395,0.003986089940493306,0.9314008434613545,0.017256809398531914,0.09407860785722733,0.5
130,0.004534275038167834,0.0035627425260220964,0.971532420317332,0.014845714904367924,0.08930443227291107,0.4791666666666667
131,0.004373967771728834,0.0032529374894996483,1.1210302273432413,0.01620575599372387,0.09253696352243423,0.5208333333333334
132,0.004259205982089042,0.0032039498910307884,1.0552560130755106,0.017458388581871986,0.09325457364320755,0.5625
133,0.004116204691429933,0.0032383518914381663,0.877852753798167,0.019498499110341072,0.09751738607883453,0.5
134,0.0034520305693149568,0.002670210413634777,0.7818200866381327,0.016754107549786568,0.0934598296880722,0.3958333333333333
135,0.0035467771502832573,0.0027969543434058627,0.7498228033383687,0.015595858916640282,0.08977969735860825,0.6041666666666666
136,0.003936900788297256,0.003098412494485577,0.8384882211685181,0.022773895412683487,0.10330568253993988,0.4166666666666667
137,0.005043092727040251,0.004131285892799497,0.9118068138758342,0.018790705129504204,0.09520702809095383,0.5416666666666666
138,0.0041425745158145824,0.0031973241750771803,0.9452502926190695,0.015448502264916897,0.09282587468624115,0.6458333333333334
139,0.003920503876482447,0.0029812889639288186,0.9392148733139039,0.014459062367677689,0.08800037950277328,0.5625
140,0.0039568626942733925,0.003129897980640332,0.8269646962483724,0.01682223565876484,0.09636888653039932,0.5
141,0.003897986002266407,0.00301302260098358,0.884963317712148,0.016445323824882507,0.09006544947624207,0.5208333333333334
142,0.003585738269612193,0.0027712539148827394,0.8144843061765035,0.01838969998061657,0.09803403913974762,0.3958333333333333
143,0.004035684280097485,0.0030194330650071305,1.0162511746088663,0.017822815105319023,0.0959586426615715,0.5
144,0.0038435492819796006,0.002903376705944538,0.9401724974314372,0.01935945264995098,0.09697800129652023,0.6041666666666666
145,0.004361168993636966,0.00305259112889568,1.3085778594017028,0.01578119397163391,0.09885667264461517,0.5625
146,0.004629384602109591,0.003467428870499134,1.1619557023048401,0.01572207175195217,0.09500454366207123,0.4375
147,0.004570689285174012,0.003437270208572348,1.1334190924962362,0.019451912492513657,0.09819886088371277,0.5
148,0.0037506117951124907,0.0028739421317974727,0.8766696174939473,0.019731448963284492,0.09925627708435059,0.6041666666666666
149,0.004187261344244083,0.003037058903525273,1.1502023418744405,0.017029302194714546,0.09779060631990433,0.5833333333333334
150,0.004086637341727813,0.0029299203461656967,1.1567169706026712,0.022568553686141968,0.10500859469175339,0.625
151,0.00401279553771019,0.0029933640888581674,1.0194313963254293,0.018432240933179855,0.09346792101860046,0.5625
152,0.004214481807624301,0.0033029080058137577,0.9115737676620483,0.018497232347726822,0.09448841214179993,0.5208333333333334
153,0.004131469239170352,0.0032437494257465003,0.8877197782198588,0.01635383442044258,0.09513754397630692,0.5625
154,0.0037588423117995264,0.0029132346234594783,0.845607582728068,0.019395526498556137,0.10167361050844193,0.4375
155,0.004340381904815634,0.003252099097395937,1.0882827877998351,0.017480921000242233,0.10222841799259186,0.5833333333333334
156,0.004097252944484353,0.0032207664102315904,0.8764865239461263,0.018027862533926964,0.09578737616539001,0.5416666666666666
157,0.003759309307982524,0.0028292454546317456,0.930063807964325,0.01797046698629856,0.09515473246574402,0.5416666666666666
158,0.003437340585514903,0.002529100375249982,0.9082401394844055,0.019396474584937096,0.09826371818780899,0.4791666666666667
159,0.0036017390278478465,0.0027288871972511214,0.872851824760437,0.016912084072828293,0.0917918011546135,0.4583333333333333
160,0.004070806177332997,0.0032384929014369845,0.8323132753372192,0.018176255747675896,0.09600324183702469,0.5833333333333334
161,0.004581694677472115,0.0036940405998999873,0.8876540780067443,0.01924201287329197,0.09826039522886276,0.5625
162,0.00421018412647148,0.0033703215109805265,0.839862585067749,0.018550409004092216,0.0997970774769783,0.5
163,0.0038862581830471756,0.0029733274520064392,0.9129306713740031,0.018456945195794106,0.09572397917509079,0.4583333333333333
164,0.003899646084755659,0.002988863759674132,0.9107823173205057,0.02015976794064045,0.09942567348480225,0.4166666666666667
165,0.0037510625552386045,0.0026952349580824375,1.055827530225118,0.01782100461423397,0.09567388892173767,0.5625
166,0.0036177743691951036,0.0026811986540754636,0.9365756511688232,0.016856197267770767,0.09513004869222641,0.6041666666666666
167,0.003663096685583393,0.002641256991773844,1.0218396464983621,0.02070584148168564,0.10394532978534698,0.5833333333333334
168,0.003529256970311205,0.002604726313923796,0.9245305895805359,0.0164673812687397,0.09172800183296204,0.4791666666666667
169,0.0036447202786803246,0.002612478976758818,1.0322412053744,0.019398389384150505,0.09905675053596497,0.4583333333333333
170,0.0034751497985174257,0.0025996594689786435,0.8754903237024944,0.017594007775187492,0.09350404143333435,0.6041666666666666
171,0.0033799887479593355,0.002520571897427241,0.8594168106714885,0.017245717346668243,0.0938611701130867,0.4375
172,0.003257953515276313,0.0024557182953382534,0.8022351861000061,0.017183447256684303,0.09338319301605225,0.5833333333333334
173,0.0034991754995038113,0.002599088459586104,0.9000869790712992,0.018826963379979134,0.09739293158054352,0.5208333333333334
174,0.0033235613567133746,0.0025147308750698965,0.8088304122289022,0.017778975889086723,0.09331739693880081,0.3958333333333333
175,0.003630921073878805,0.0026144936447963117,1.0164273818333944,0.01919877529144287,0.0992879718542099,0.5
176,0.0033568217419087886,0.0025509284964452188,0.8058931907018025,0.018348125740885735,0.09286346286535263,0.4375
177,0.0035174619406461716,0.0026478929445147513,0.8695689717928569,0.015472046099603176,0.093920037150383,0.5625
178,0.0034361380618065595,0.0025926219609876473,0.8435160676638286,0.020104503259062767,0.10236282646656036,0.4583333333333333
179,0.0034438027068972588,0.0026645724506427844,0.7792302370071411,0.023966960608959198,0.10763473808765411,0.6041666666666666
180,0.0036184945919861397,0.00279201310283194,0.8264813899993897,0.020395519211888313,0.10141945630311966,0.625
181,0.0032473756466060875,0.0024923508754000068,0.7550247232119243,0.017533045262098312,0.09442586451768875,0.5208333333333334
182,0.003314502506206433,0.0025365899705017607,0.7779124657313029,0.015706507489085197,0.09194876998662949,0.5625
183,0.002788761615132292,0.0021423871939380964,0.6463744044303894,0.017743049189448357,0.0927487462759018,0.5833333333333334
184,0.0036240937809149426,0.0024955347568417587,1.1285590569178263,0.020998848602175713,0.10388190299272537,0.4166666666666667
185,0.005549335417648156,0.003684259547541539,1.865075699488322,0.021724404767155647,0.10357505828142166,0.4375
186,0.003904007561504841,0.0028728507303943237,1.031156833966573,0.017903167754411697,0.0961209386587143,0.5625
187,0.004046224864820639,0.0028933848875264327,1.1528399467468262,0.015929413959383965,0.09427129477262497,0.5833333333333334
188,0.0033420043066143988,0.0024762679124251006,0.8657363653182983,0.017556361854076385,0.09669654816389084,0.5625
189,0.003819213015958667,0.0026836797827854753,1.1355331778526305,0.021893296390771866,0.10128612816333771,0.3958333333333333
190,0.0037724259309470654,0.002696669070671002,1.075756851832072,0.018849732354283333,0.0969310775399208,0.4583333333333333
191,0.0036216740341236194,0.0026794243138283493,0.9422496795654297,0.016724534332752228,0.09209297597408295,0.5
192,0.0030827634036540985,0.0022602824959903956,0.8224808573722839,0.0189682450145483,0.09699858725070953,0.5625
193,0.0030714249859253567,0.0023824011674150824,0.6890238006909688,0.015978025272488594,0.09120552241802216,0.4583333333333333
194,0.003156977705657482,0.002452294311175744,0.7046833713849385,0.016307326033711433,0.09491334110498428,0.5625
195,0.0034748028498142957,0.002607666018108527,0.8671367446581523,0.018073229119181633,0.09527041763067245,0.6041666666666666
196,0.0034129751535753408,0.0024709331647803385,0.9420419534047445,0.0185285285115242,0.09387923777103424,0.3958333333333333
197,0.0028035245991001527,0.0021140940797825655,0.6894304891427357,0.01691773347556591,0.09535463899374008,0.4583333333333333
198,0.0033773150450239577,0.0025800722030301887,0.7972427884737651,0.015978209674358368,0.09309463202953339,0.5208333333333334
199,0.0029968145458648602,0.002216957377580305,0.7798571149508159,0.017961381003260612,0.0964130386710167,0.5416666666666666
200,0.0032050001434981825,0.0024691075707475346,0.7358925580978394,0.016245238482952118,0.09744366258382797,0.625
201,0.0032571568464239437,0.0023803163242215914,0.8768404722213745,0.022465145215392113,0.10417821258306503,0.4791666666666667
202,0.003239005012437701,0.0024891241298367578,0.749880842367808,0.018629135563969612,0.09861622005701065,0.5625
203,0.003005078217635552,0.0022727723970698815,0.7323058048884074,0.0156924519687891,0.09112147241830826,0.4166666666666667
204,0.0029684660490602254,0.002246717239419619,0.7217487732569376,0.015712516382336617,0.09326168894767761,0.5625
205,0.0034705022660394508,0.002463353471830487,1.0071487506230672,0.017701230943202972,0.09981568157672882,0.3958333333333333
206,0.0036574048766245446,0.0026231735479086637,1.0342312375704448,0.016630154103040695,0.09454242140054703,0.6041666666666666
207,0.0033056487562134864,0.0024293842104574043,0.8762645244598388,0.016581159085035324,0.0972573533654213,0.4583333333333333
208,0.0028340475633740424,0.0021129242998237413,0.7211232225100199,0.016214847564697266,0.09347745776176453,0.625
209,0.002954224830803772,0.0021568361242922645,0.7973886609077454,0.01637302152812481,0.09400418400764465,0.5625
210,0.0040991104518373804,0.0026697341430311403,1.4293761849403381,0.016856513917446136,0.09662123024463654,0.4791666666666667
211,0.0033937601993481318,0.0024747665661076705,0.9189935763676961,0.019653333351016045,0.09711501747369766,0.5
212,0.0032816678285598755,0.0023439447667139273,0.9377230207125345,0.019151294603943825,0.09984695911407471,0.4166666666666667
213,0.003211475924278299,0.002268174554531773,0.943301280339559,0.01871146634221077,0.09590999037027359,0.5208333333333334
214,0.0033833454673488934,0.0023521748293812077,1.0311705350875855,0.019518757238984108,0.09676733613014221,0.5625
215,0.003896260851373275,0.0029281956997389597,0.9680651068687439,0.01718766801059246,0.09903445839881897,0.5833333333333334
216,0.003992770286276937,0.0027569929448266824,1.235777235031128,0.01604127511382103,0.09800310432910919,0.5625
217,0.003982798708602786,0.0030432499013841154,0.9395488103230795,0.01614980213344097,0.09570915251970291,0.4166666666666667
218,0.0034446092477689186,0.002682273144212862,0.7623360594113667,0.01783955842256546,0.10197930783033371,0.5416666666666666
219,0.0033320400398224592,0.00246266998971502,0.8693699796994527,0.018028004094958305,0.09830944240093231,0.4583333333333333
220,0.0036769457627087833,0.0025202940761422116,1.1566516121228536,0.016908612102270126,0.0908869132399559,0.6458333333333334
221,0.003444253575677673,0.00242479561517636,1.0194578687349956,0.020821958780288696,0.0995129868388176,0.6041666666666666
222,0.0032527464519565303,0.0022928494572018584,0.9598969380060832,0.019259633496403694,0.0970616340637207,0.4375
223,0.003376282953346769,0.00242571410878251,0.9505687832832337,0.01930565945804119,0.09898383915424347,0.3958333333333333
224,0.0032786348058531684,0.0023189320617044967,0.9597026586532593,0.017530599609017372,0.09712467342615128,0.5208333333333334
225,0.003215676809971531,0.002225243936603268,0.9904328068097432,0.01626792550086975,0.09604465216398239,0.5833333333333334
226,0.0030766094258675974,0.0021196245138222973,0.9569848577181498,0.018558861687779427,0.09748400747776031,0.4583333333333333
227,0.0035190537571907045,0.002687422465533018,0.8316312789916992,0.017490023747086525,0.09639109671115875,0.5416666666666666
228,0.0032646050521483025,0.002450095295595626,0.8145097096761068,0.016311682760715485,0.09475182741880417,0.5625
229,0.003179809187228481,0.0024437532061710953,0.7360559582710267,0.017458168789744377,0.09162463992834091,0.5625
230,0.003405112400650978,0.002522838410610954,0.8822739799817403,0.017123190686106682,0.09116782248020172,0.5
231,0.0032204932688424987,0.002393105858936906,0.8273874084154765,0.019311625510454178,0.09669661521911621,0.5208333333333334
232,0.0031878897144148747,0.0024565468697498242,0.7313428203264872,0.01809791848063469,0.09276149421930313,0.6458333333333334
233,0.002666140642638008,0.001961022731848061,0.7051178932189941,0.018250400200486183,0.09539080411195755,0.5416666666666666
234,0.0029922024346888064,0.0021581084933131934,0.8340939521789551,0.020699886605143547,0.10215584188699722,0.4791666666666667
235,0.003841860747585694,0.002927295273790757,0.9145654837290446,0.019797347486019135,0.09941723942756653,0.4583333333333333
236,0.003015620028600097,0.0021002383592228094,0.915381662050883,0.017284980043768883,0.09509381651878357,0.6458333333333334
237,0.0028728936798870564,0.002061835288380583,0.8110583782196045,0.019009368494153023,0.09463471919298172,0.4791666666666667
238,0.003927029110491276,0.0029485824595515925,0.978446610768636,0.022309504449367523,0.1018063947558403,0.3958333333333333
239,0.003776823574056228,0.002778493248236676,0.998330279191335,0.018155472353100777,0.0972929522395134,0.4583333333333333
240,0.0031944139084468287,0.002329168755871554,0.8652451316515605,0.01692250743508339,0.09491412341594696,0.5
241,0.0033868685985604923,0.0025254113754878444,0.8614571650822958,0.02046542800962925,0.10806705802679062,0.4375
242,0.003993922735874852,0.0026397723549356064,1.3541503111521402,0.018441129475831985,0.09692735970020294,0.4791666666666667
243,0.0034184286060432592,0.002359165212449928,1.0592633883158367,0.019988980144262314,0.09633997082710266,0.5208333333333334
244,0.0033406124605486792,0.0024910408925885954,0.8495715280373891,0.020774533972144127,0.09935715794563293,0.5833333333333334
245,0.003121539546797673,0.0023067067144438625,0.8148327867190043,0.017264483496546745,0.0958339273929596,0.4166666666666667
246,0.002926625730469823,0.002037377709833284,0.889247989654541,0.01945483312010765,0.09840796142816544,0.4791666666666667
247,0.0028927532335122426,0.0021139065424601237,0.7788466652234395,0.017721524462103844,0.09543467313051224,0.5208333333333334
248,0.0026994949206709863,0.0019977774936705828,0.7017174124717712,0.01710071787238121,0.09486759454011917,0.5625
249,0.00314032652725776,0.002255937682154278,0.8843887766202291,0.015949860215187073,0.09743131697177887,0.6458333333333334
250,0.0031050721649080516,0.002310118731111288,0.7949534138043721,0.018859300762414932,0.09499497711658478,0.5625
251,0.0029626322754969197,0.0021169557934626938,0.8456764539082845,0.017258068546652794,0.09225723147392273,0.6041666666666666
252,0.002787452439467112,0.0019273082570483288,0.8601441184679667,0.018744181841611862,0.09452017396688461,0.6041666666666666
253,0.002668150933459401,0.001943564061851551,0.724586836496989,0.017934748902916908,0.09582621604204178,0.5625
254,0.003238528361544013,0.0022123003378510474,1.0262279391288758,0.017919329926371574,0.09260784089565277,0.5416666666666666
255,0.002874284517019987,0.0019942110404372214,0.8800734361012776,0.019117366522550583,0.09927202761173248,0.6041666666666666
256,0.0031867442652583123,0.0021894599543884397,0.9972842733065287,0.019492240622639656,0.10039588809013367,0.4791666666666667
257,0.003062930858383576,0.002138612582348287,0.9243182142575582,0.018648527562618256,0.09821392595767975,0.4791666666666667
258,0.0029424785170704126,0.001995385088957846,0.9470934073130289,0.01724904589354992,0.09795549511909485,0.5833333333333334
259,0.0031655739216754834,0.002083310824430858,1.0822630524635315,0.017552228644490242,0.09551776200532913,0.6041666666666666
260,0.0027902602838973203,0.0018761866881201665,0.9140735745429993,0.017786862328648567,0.09826888889074326,0.5833333333333334
261,0.002762984624132514,0.0020225054817274214,0.7404791514078776,0.01754879578948021,0.09232333302497864,0.6041666666666666
262,0.002851317450404167,0.0019965065720801553,0.8548108657201131,0.017702320590615273,0.09698525071144104,0.4375
263,0.0030195064997921386,0.0021019458925972383,0.9175605694452922,0.017706630751490593,0.09442255645990372,0.5833333333333334
264,0.00331282092568775,0.002224063128232956,1.0887577573458354,0.020566197112202644,0.10081728547811508,0.6458333333333334
265,0.003023246272156636,0.0020946281729266047,0.9286180337270101,0.018158147111535072,0.09835926443338394,0.5208333333333334
266,0.002550657062480847,0.0018046897525588672,0.7459673166275025,0.01728122867643833,0.09562799334526062,0.5416666666666666
267,0.0027068801845113438,0.001831585510323445,0.8752946297327677,0.01994255557656288,0.10136865824460983,0.4791666666666667
268,0.003098085553695758,0.0022324435180053116,0.86564199924469,0.022102676331996918,0.10627127438783646,0.6458333333333334
269,0.002663166526084145,0.0020010522566735744,0.6621142248312633,0.021253369748592377,0.10040827840566635,0.5416666666666666
270,0.003413541956494252,0.0027065493709718187,0.7069925546646119,0.019806187599897385,0.10180214047431946,0.625
271,0.0035964657086879014,0.0026973789713035027,0.8990866859753927,0.017546921968460083,0.09603996574878693,0.5208333333333334
272,0.0027977599063888194,0.002059302832155178,0.7384570141633352,0.0187449362128973,0.09674110263586044,0.4583333333333333
273,0.0025677941118677455,0.0018613532495995362,0.7064408620198568,0.01711348444223404,0.09498647600412369,0.5833333333333334
274,0.0027691356604918837,0.0020386845300284524,0.7304510712623596,0.020318742841482162,0.10012256354093552,0.4791666666666667
275,0.002768904250115156,0.0020042318850755692,0.7646723508834838,0.01822436787188053,0.09440448880195618,0.5833333333333334
276,0.0031365541741251945,0.002178764428632955,0.9577896555264791,0.02069796249270439,0.103203184902668,0.4583333333333333
277,0.003324187593534589,0.0023767752184843025,0.9474123438199361,0.01758384518325329,0.09328409284353256,0.3958333333333333
278,0.0033629168601085743,0.0022302332993907235,1.1326834718386332,0.018283549696207047,0.09439467638731003,0.5416666666666666
279,0.0028944943643485505,0.002064546997038027,0.829947316646576,0.0188555009663105,0.0938275158405304,0.5833333333333334
280,0.002824059361591935,0.0020737564113611977,0.7503028750419617,0.0184781476855278,0.09730493277311325,0.5625
281,0.0032400370109826326,0.002339100550549726,0.9009364048639933,0.019270367920398712,0.09616148471832275,0.4791666666666667
282,0.002717204454044501,0.0020506795573358733,0.6665248314539591,0.019840260967612267,0.09352453052997589,0.5208333333333334
283,0.002847220958210528,0.0021380243512491384,0.7091965436935425,0.016941096633672714,0.09670530259609222,0.625
284,0.0026600739763428765,0.0019666814943775533,0.6933924575646718,0.017551779747009277,0.09535584598779678,0.5208333333333334
285,0.002413239640494188,0.0017356360331177711,0.67760355869929,0.018650773912668228,0.09568821638822556,0.5625
286,0.0025425579010819395,0.0017528787643338243,0.7896790981292725,0.018099548295140266,0.09715019911527634,0.4791666666666667
287,0.0024298046948388217,0.0017422576046859225,0.6875470519065857,0.0179932601749897,0.0924881249666214,0.5208333333333334
288,0.0022264559753239154,0.0015901147620752455,0.6363411684830983,0.019880522042512894,0.10093822330236435,0.5833333333333334
289,0.002330643512929479,0.0017266309121623635,0.6040125648180644,0.02097071334719658,0.09911888092756271,0.4375
290,0.0026278638591368995,0.0018776822136715055,0.7501815915107727,0.01683950237929821,0.09409414976835251,0.625
291,0.0029160195961594583,0.001963332124675314,0.952687394618988,0.01660129800438881,0.09269718080759048,0.5416666666666666
292,0.002709148063634833,0.0019066823724036416,0.8024656057357789,0.018431318923830986,0.09497653692960739,0.5416666666666666
293,0.0027262657570342225,0.001906574983149767,0.8196907480557759,0.0174986831843853,0.09816361963748932,0.4375
294,0.0030907789866129556,0.002184404875151813,0.9063740332921346,0.01752842217683792,0.09431514889001846,0.4166666666666667
295,0.0026418909896165133,0.0020167098846286535,0.6251810510953267,0.01774928905069828,0.09377072006464005,0.5625
296,0.0026906411396339534,0.0020601103159909448,0.6305307348569235,0.021517664194107056,0.10202697664499283,0.3958333333333333
297,0.0031399045449992022,0.002258257862801353,0.8816466291745504,0.020828386768698692,0.10193727910518646,0.5833333333333334
298,0.003219781598697106,0.0023885727549592655,0.8312087853749593,0.02146262861788273,0.1003708764910698,0.5
299,0.003555349539965391,0.002507994812913239,1.0473546942075094,0.01914043165743351,0.0950198620557785,0.375
300,0.003359456624214848,0.002192117840362092,1.1673387010892233,0.019406672567129135,0.0988456979393959,0.4583333333333333
301,0.00246891767407457,0.001765412751895686,0.703504874308904,0.016969142481684685,0.09535336494445801,0.625
302,0.0026046550056586662,0.001681037301508089,0.9236177126566569,0.018982866778969765,0.09943585842847824,0.5208333333333334
303,0.002606571954675019,0.0017214153970902164,0.8851565003395081,0.019214356318116188,0.0995660275220871,0.4166666666666667
304,0.0027285596976677575,0.0019087910341719786,0.8197686115900675,0.017652790993452072,0.09209807217121124,0.5416666666666666
305,0.0023506342976664504,0.0017794370418414474,0.5711972335974376,0.0196392759680748,0.10123170912265778,0.5416666666666666
306,0.0028548320134480793,0.002137287271519502,0.7175447146097819,0.019492559134960175,0.0945415124297142,0.5833333333333334
307,0.0028609689014653366,0.0020421070124333105,0.8188618302345276,0.02015356905758381,0.0998300090432167,0.4791666666666667
308,0.002525452283831934,0.001795444288291037,0.7300079584121704,0.018455442041158676,0.09596052020788193,0.5833333333333334
309,0.002605135381842653,0.0018688669505839547,0.7362683852513631,0.018105745315551758,0.09469294548034668,0.5625
310,0.002658838452771306,0.001906384884690245,0.7524535258611044,0.020213918760418892,0.09876976162195206,0.4375
311,0.0027309334992120663,0.0019111446182553968,0.8197888274987538,0.01640995219349861,0.0961102545261383,0.6041666666666666
312,0.002476428790638844,0.0018375064091136059,0.6389223515987397,0.016915354877710342,0.09458480030298233,0.5416666666666666
313,0.0029158293191964427,0.0023085545127590496,0.6072747806708018,0.016755221411585808,0.09638499468564987,0.5208333333333334
314,0.0023818553502981863,0.0017362517227108279,0.6456035852432251,0.018142294138669968,0.0959847941994667,0.6041666666666666
315,0.0023396757741769155,0.001674455963075161,0.665219787756602,0.019382935017347336,0.10108734667301178,0.5416666666666666
316,0.0025411656436820826,0.001731007235745589,0.8101583798726399,0.0177572313696146,0.09461429715156555,0.5833333333333334
317,0.002687969446803133,0.0018803817258837322,0.8075876712799073,0.022291501984000206,0.10515447705984116,0.625
318,0.0027080877994497617,0.0018745934745917718,0.8334942738215129,0.018694747239351273,0.09447230398654938,0.4166666666666667
319,0.002762161133189996,0.0018187779700383545,0.9433831055959065,0.017182694748044014,0.09810628741979599,0.5625
320,0.0028024096818019947,0.001970695525718232,0.831714125474294,0.01637374982237816,0.09402071684598923,0.6041666666666666
321,0.002864854829385877,0.002092000904182593,0.7728539188702901,0.016713716089725494,0.09704209864139557,0.5
322,0.002816083437452714,0.001932883153979977,0.8832002480824789,0.020120270550251007,0.09765274077653885,0.5416666666666666
323,0.00226272433064878,0.0016003125968078772,0.6624117056528728,0.024307813495397568,0.10780294984579086,0.3958333333333333
324,0.0027357034695645174,0.0019721520055706303,0.76355140209198,0.019037531688809395,0.09574766457080841,0.5833333333333334
325,0.0028655099837730327,0.0020186219364404677,0.846887985865275,0.02031118981540203,0.09922508895397186,0.5833333333333334
326,0.0026821711799129844,0.0019788142293691636,0.703356925646464,0.02085167169570923,0.09994063526391983,0.4166666666666667
327,0.0024484615152080853,0.0017375042041142782,0.7109572569529216,0.01903161033987999,0.09538311511278152,0.6458333333333334
328,0.0025955054520939787,0.001925161046286424,0.670344352722168,0.01876767911016941,0.09648128598928452,0.5208333333333334
329,0.002592792750025789,0.0019422896904870868,0.6505030333995819,0.01914159022271633,0.09852764755487442,0.5416666666666666
330,0.0025947494277109703,0.0018902432251100738,0.7045061528682709,0.0196487195789814,0.09856074303388596,0.5833333333333334
331,0.0026036829842875403,0.0019372574131314953,0.6664255042870839,0.01929035224020481,0.09872402995824814,0.625
332,0.002666852048908671,0.0020091635019828876,0.657688444852829,0.016776522621512413,0.0958419218659401,0.6041666666666666
333,0.0031253607633213204,0.0023052121978253126,0.820148519674937,0.016960980370640755,0.09511812776327133,0.5625
334,0.0032861233378450078,0.002169236890040338,1.1168863852818807,0.01843334175646305,0.10128653794527054,0.5416666666666666
335,0.002893144404515624,0.0020868091844022272,0.80633518298467,0.0172087624669075,0.09451338648796082,0.6041666666666666
336,0.002640711694645385,0.0019303667669494948,0.7103448907534281,0.01751106046140194,0.09474647790193558,0.6458333333333334
337,0.0023661519090334574,0.0017120240489020943,0.65412784020106,0.01935097761452198,0.09676316380500793,0.4375
338,0.002119745290838182,0.0015248976143387458,0.5948476493358612,0.021205972880125046,0.10229136794805527,0.5416666666666666
339,0.002482235253167649,0.0016836227480477343,0.7986124773820241,0.018710961565375328,0.09686066955327988,0.5416666666666666
340,0.0023003890411928294,0.0016405131667852403,0.6598758260409038,0.019589534029364586,0.09837079793214798,0.625
341,0.0027433499461039903,0.0018712784008433421,0.8720715006192525,0.021904444321990013,0.10219018161296844,0.4375
342,0.002815185533836484,0.0019645961583591998,0.8505893468856811,0.022313278168439865,0.10449051111936569,0.5208333333333334
343,0.002444486428673069,0.0017748368515943488,0.6696494996547699,0.02321341261267662,0.10360501706600189,0.5
344,0.00259099534402291,0.001959684615333875,0.6313107271989187,0.019268713891506195,0.09929565340280533,0.5625
345,0.0024475091447432834,0.0017566386066998044,0.6908705353736877,0.02016058750450611,0.10566853731870651,0.5208333333333334
346,0.0023931413035218913,0.0016872477484866978,0.7058935244878133,0.019701099023222923,0.09879335016012192,0.625
347,0.0023537879344075916,0.0016739160132904847,0.6798719227313995,0.017599623650312424,0.09746702015399933,0.5208333333333334
348,0.0023342437266061704,0.0016135779325850308,0.7206657648086547,0.01861085556447506,0.09890493750572205,0.6041666666666666
349,0.0027923088675985736,0.0017794200219213962,1.0128888249397279,0.01716696470975876,0.09569735825061798,0.625
350,0.002571480783323447,0.001779708603862673,0.7917721430460612,0.018522214144468307,0.0989784225821495,0.6041666666666666
351,0.00235797722513477,0.001634121073099474,0.7238560914993286,0.016731465235352516,0.09668755531311035,0.4583333333333333
352,0.0024229197840516764,0.001776189380325377,0.6467303653558095,0.019665123894810677,0.10154719650745392,0.625
353,0.002031888991283874,0.001480979200763007,0.5509097337722778,0.018438242375850677,0.09776203334331512,0.625
354,0.0021209527505561708,0.0015608982959141335,0.560054459174474,0.018267933279275894,0.09661819040775299,0.4375
355,0.0025087921880185605,0.0017797884143268068,0.7290037254492442,0.02002367191016674,0.1051509827375412,0.5
356,0.0024860796363403398,0.0018191928315597276,0.6668867627779643,0.019785474985837936,0.09543411433696747,0.5
357,0.002449402663235863,0.0017702232114970684,0.6791794161001842,0.019701199606060982,0.10138309746980667,0.4583333333333333
358,0.002428098969782392,0.0016674839581052462,0.7606149276097616,0.02124142460525036,0.10492993146181107,0.5416666666666666
359,0.0024544834857806565,0.001745550544001162,0.7089329361915588,0.017839465290308,0.09962842613458633,0.5833333333333334
360,0.0025821526534855364,0.0019247595608855286,0.6573930621147156,0.019229847937822342,0.10047712922096252,0.4583333333333333
361,0.0027950684539973735,0.0020825335445503394,0.7125349044799805,0.02010061964392662,0.09990839660167694,0.5
362,0.0029500489744047325,0.00219007368820409,0.7599752465883891,0.02279791608452797,0.10580828785896301,0.6458333333333334
363,0.003051199670881033,0.0022426720475777983,0.8085275650024414,0.019547490403056145,0.1033555269241333,0.4583333333333333
364,0.002542209361369411,0.0017224788820991914,0.8197304407755533,0.021481944248080254,0.10170285403728485,0.6041666666666666
365,0.0023725986713543533,0.001704587647691369,0.6680109937985738,0.018709221854805946,0.09361571818590164,0.5416666666666666
366,0.002166262300064166,0.001500974715842555,0.6652875622113545,0.01755211129784584,0.095427006483078,0.5
367,0.002031138554836313,0.0014240680184836188,0.6070705155531565,0.01790003292262554,0.09802614152431488,0.5625
368,0.0024340831053753695,0.001714934098223845,0.7191489696502685,0.01657433621585369,0.0947328731417656,0.6041666666666666
369,0.002460694607968132,0.0017502416778976718,0.7104529062906901,0.018838785588741302,0.09799651801586151,0.4791666666666667
370,0.002394640593168636,0.0017114851080502072,0.6831554214159647,0.01924770139157772,0.10229027271270752,0.5416666666666666
371,0.0020514900640894967,0.0014726790754745404,0.578810969988505,0.019254513084888458,0.09886936843395233,0.5833333333333334
372,0.0021451911656185985,0.0014938556589186192,0.6513354996840159,0.018069906160235405,0.09461056441068649,0.5833333333333334
373,0.0024707086229075986,0.0015698700832823913,0.9008385260899862,0.019995102658867836,0.09951940923929214,0.5
374,0.003084260349472364,0.0018939940724521875,1.1902662555376688,0.01858840323984623,0.09821883589029312,0.3958333333333333
375,0.002533875110869606,0.001708218075024585,0.8256570299466451,0.01910921186208725,0.09656592458486557,0.6041666666666666
376,0.002335407390880088,0.001494291079385827,0.8411162575085958,0.021257605403661728,0.10183389484882355,0.4791666666666667
377,0.0024725022260099648,0.001646306257074078,0.8261959393819173,0.0205613411962986,0.10110442340373993,0.4791666666666667
378,0.002018874076505502,0.001382419210858643,0.6364548166592916,0.01878068782389164,0.09459016472101212,0.625
379,0.0019869346016397078,0.001310757384635508,0.6761771897474925,0.018138736486434937,0.09523831307888031,0.6041666666666666
380,0.0018795011875530085,0.001349319094636788,0.5301820695400238,0.021335572004318237,0.10319015383720398,0.5
381,0.0020401760082071024,0.0014675604916798571,0.5726154843966166,0.01840568147599697,0.09517683833837509,0.6666666666666666
382,0.0025000364053994416,0.001717567459369699,0.7824689050515493,0.016500135883688927,0.09533610194921494,0.6041666666666666
383,0.0028723817163457473,0.001992781429241101,0.8796002904574076,0.017351072281599045,0.09835250675678253,0.5833333333333334
384,0.003655489906668663,0.0022708784711236757,1.3846113840738932,0.019754327833652496,0.10416079312562943,0.4791666666666667
385,0.002988625845561425,0.001981844403780997,1.0067813316980998,0.01706693321466446,0.0949118360877037,0.6875
386,0.0027643623140950996,0.0019708228918413322,0.7935393850008646,0.01797432452440262,0.09817401319742203,0.625
387,0.002309477445669472,0.0015923455512772003,0.7171318729718527,0.018031304702162743,0.09681573510169983,0.5625
388,0.002490657971551021,0.001699355849996209,0.7913021047910055,0.019635293632745743,0.09765014797449112,0.625
389,0.0023590470974644024,0.0015996185364201664,0.7594285428524017,0.018920378759503365,0.09658396244049072,0.625
390,0.002061879984103143,0.0014478433644399048,0.6140365878740947,0.01931205578148365,0.09715345501899719,0.5416666666666666
391,0.002131585932026307,0.001495031884405762,0.6365540087223053,0.01964927464723587,0.09932272136211395,0.4791666666666667
392,0.002011780378719171,0.0014077543281018734,0.6040260056654613,0.01921006664633751,0.0951739251613617,0.5625
393,0.0021980111487209797,0.0015233492168287436,0.674661910533905,0.019536247476935387,0.10230007022619247,0.6666666666666666
394,0.0024416359762350717,0.0017900728077317278,0.651563161611557,0.01834421418607235,0.09377088397741318,0.6458333333333334
395,0.002325933201548954,0.001721875462681055,0.6040576974550883,0.018801946192979813,0.09909974783658981,0.5833333333333334
396,0.0032280319525549808,0.0020383294050892193,1.1897025028864543,0.01879710517823696,0.09980575740337372,0.5625
397,0.0034818211104720833,0.0024072016201292473,1.074619460105896,0.022966599091887474,0.10760325938463211,0.4375
398,0.003103355939189593,0.0023380492503444353,0.7653066794077555,0.02107127197086811,0.10041896253824234,0.4791666666666667
399,0.002548045137276252,0.0018197669026752312,0.7282782236735026,0.020819544792175293,0.09855613112449646,0.6458333333333334
400,0.002366983238607645,0.0016670978240047893,0.6998853802680969,0.023006247356534004,0.10505623370409012,0.5
401,0.0022945769286404055,0.0016082673294780154,0.6863096018632253,0.018946563825011253,0.095992311835289,0.4583333333333333
402,0.0020690382923930885,0.0013672021528085073,0.7018361032009125,0.017668502405285835,0.09635312110185623,0.6041666666666666
403,0.0018826447582493226,0.0012635389808565377,0.6191057443618775,0.017997320741415024,0.09419045597314835,0.5625
404,0.0018740714915717641,0.001259362375518928,0.6147090931733449,0.016791272908449173,0.0937856063246727,0.625
405,0.002028706281756361,0.0014354050586310525,0.5933011849721272,0.017402837052941322,0.09738185256719589,0.4583333333333333
406,0.0023445138474926354,0.001607281935866922,0.7372318983078003,0.016940362751483917,0.09470019489526749,0.4583333333333333
407,0.0021968868949140113,0.0014684107930709918,0.7284760693709056,0.01861758343875408,0.10556446760892868,0.6458333333333334
408,0.002733261665950219,0.00172219582212468,1.0110657970110575,0.017763527110219002,0.09342794865369797,0.625
409,0.0022401967939610283,0.0014099293427231412,0.8302673935890198,0.019893547520041466,0.10456466674804688,0.4791666666666667
410,0.0020276317528138557,0.0013590495761794349,0.668582143386205,0.019591329619288445,0.0960276797413826,0.4583333333333333
411,0.0021283292522033055,0.0015097746858373285,0.6185545325279236,0.018193453550338745,0.09608089178800583,0.5208333333333334
412,0.002368036440263192,0.0016022969891006749,0.7657394210497538,0.018825385719537735,0.09407569468021393,0.625
413,0.0021859615342691542,0.0015580041178812583,0.6279573837916056,0.01913284882903099,0.09828918427228928,0.6041666666666666
414,0.0020307164794454973,0.0014186088500233987,0.6121075868606567,0.021538758650422096,0.10346851497888565,0.5416666666666666
415,0.002093296529104312,0.0015468500011290114,0.5464464883009593,0.02033759467303753,0.10014019161462784,0.5625
416,0.0021036043375109634,0.0015821223457654317,0.5214819729328155,0.02283792942762375,0.10566461086273193,0.5416666666666666
417,0.002744116742784778,0.0019610600002730886,0.7830567141373952,0.025871390476822853,0.11377968639135361,0.625
418,0.00303372562242051,0.0021227057945604126,0.9110198020935059,0.019818531349301338,0.09651663899421692,0.5208333333333334
419,0.002746994017312924,0.0018976028387745222,0.8493911226590475,0.021870233118534088,0.10434574633836746,0.4375
420,0.0027612232292691867,0.0018043019032726686,0.9569213032722473,0.020069818943738937,0.10099735110998154,0.4375
421,0.002120259132546683,0.0015185780551594992,0.6016810635725657,0.019893838092684746,0.09897708147764206,0.6875
422,0.00221769279645135,0.0015842609573155642,0.6334318041801452,0.019343970343470573,0.10028276592493057,0.4791666666666667
423,0.002256105716029803,0.001515245926566422,0.7408597429593404,0.017378194257616997,0.09569346904754639,0.6666666666666666
424,0.0020853289014970263,0.00138656011937807,0.6987687110900879,0.01968771405518055,0.09835578501224518,0.6041666666666666
425,0.0020741108261669674,0.0014291646618706485,0.6449461460113526,0.019658736884593964,0.09913851320743561,0.5
426,0.0020123946480453013,0.001306591210110734,0.7058034141858419,0.020339882001280785,0.09868386387825012,0.5208333333333334
427,0.0019195056209961572,0.00137079805523778,0.5487075289090474,0.019126717001199722,0.09663299471139908,0.5416666666666666
428,0.0020867451559752224,0.001481613617700835,0.6051315108935038,0.019539183005690575,0.09788917750120163,0.5833333333333334
429,0.0021532969316467644,0.001535827883829673,0.6174690147240957,0.0174831785261631,0.0982808992266655,0.5625
430,0.0023538683929170173,0.001642345757378886,0.7115225752194723,0.017444390803575516,0.09636414796113968,0.5
431,0.0022990733307475847,0.0016320244797194997,0.6670488357543946,0.017175214365124702,0.09425733238458633,0.4375
432,0.0022196908791859943,0.0015649095371675988,0.6547813137372335,0.01854056492447853,0.09721884876489639,0.625
433,0.0019616215800245603,0.0014047649960654478,0.5568565567334492,0.017890512943267822,0.09399809688329697,0.4791666666666667
434,0.0020553582115098836,0.0014190784849536916,0.636279676357905,0.018448766320943832,0.09173396229743958,0.6458333333333334
435,0.0018741816359882553,0.001264918929276367,0.6092626929283143,0.018980735912919044,0.09412114322185516,0.5208333333333334
436,0.0021140427716697255,0.0014764127205125987,0.637630029519399,0.018659425899386406,0.10000886023044586,0.5208333333333334
437,0.0022940202926596005,0.0015762422039794425,0.7177780757347743,0.017854133620858192,0.09720417112112045,0.6458333333333334
438,0.002321827357324461,0.0016777711299558482,0.6440562307834625,0.018044084310531616,0.09433680027723312,0.5625
439,0.0021483840653672816,0.00153515189109991,0.6132321814695995,0.01777493581175804,0.09298882633447647,0.6666666666666666
440,0.001943160919472575,0.0013813501223921775,0.5618107716242472,0.02264164574444294,0.1054193302989006,0.6666666666666666
441,0.0024401819178213676,0.0017210349207744003,0.71914697488149,0.01938485912978649,0.10427864640951157,0.6875
442,0.0026802257789919773,0.0019013643575211366,0.7788613716761271,0.01752536930143833,0.09154248237609863,0.5833333333333334
443,0.0022442508100842438,0.001521855251242717,0.7223955432573954,0.019025228917598724,0.0998111292719841,0.5208333333333334
444,0.0020372922532260417,0.0014549835546252628,0.5823086738586426,0.022423576563596725,0.10286862403154373,0.5416666666666666
445,0.002186680600667993,0.0016797619638964534,0.506918611129125,0.02015911415219307,0.09706166386604309,0.6666666666666666
446,0.0019633156169826787,0.0013918480564219257,0.5714675505956014,0.021751485764980316,0.1026797667145729,0.5
447,0.0019129336190720398,0.0013342374314864478,0.5786961714426676,0.017490917816758156,0.09041350334882736,0.6041666666666666
448,0.0020787600039814907,0.0014239993256827195,0.6547606348991394,0.016995543614029884,0.0884585902094841,0.4791666666666667
449,0.002244219129594664,0.0014862947709237536,0.7579243342081706,0.01860745996236801,0.09946060925722122,0.5
450,0.002870631233478586,0.0018769964342936873,0.9936347524325053,0.01882786676287651,0.09686487168073654,0.5833333333333334
451,0.0026288095396012068,0.0017596368522693714,0.8691726644833883,0.018228862434625626,0.0956684872508049,0.6666666666666666
452,0.0022410906696071226,0.0016202906612306834,0.620799966653188,0.018135065212845802,0.09223794937133789,0.5833333333333334
453,0.001764273651254674,0.0012029661835792165,0.5613074580828349,0.019144956022500992,0.09640523791313171,0.6666666666666666
454,0.0019841373820478716,0.0013562969708194336,0.6278403679529826,0.02019265666604042,0.09747056663036346,0.4791666666666667
455,0.0020562231695900363,0.0014149933859395484,0.6412297526995341,0.023377681151032448,0.10747828334569931,0.6666666666666666
456,0.0024166055489331486,0.0017878497097020348,0.6287557820479075,0.019508952274918556,0.09740888327360153,0.5625
457,0.0023373025857533016,0.0017352639697492123,0.6020385543505351,0.01762133464217186,0.09411827474832535,0.5
458,0.0023565566865727306,0.0016890459461137652,0.6675107101599376,0.021695787087082863,0.10016247630119324,0.6666666666666666
459,0.0024388049573947986,0.0017898733727633952,0.6489315509796143,0.021576786413788795,0.10059510916471481,0.5208333333333334
460,0.0027103337614486616,0.0020225136385609707,0.6878200968106588,0.02204330824315548,0.10145340114831924,0.5208333333333334
461,0.0025144090953593454,0.001818331462951998,0.6960775971412658,0.021013395860791206,0.09953498840332031,0.5833333333333334
462,0.0022276832566907006,0.001585863584962984,0.6418196062246958,0.02079286240041256,0.09910313040018082,0.5625
463,0.002207732937919597,0.0015277348031910757,0.6799980898698171,0.01935202069580555,0.0969768688082695,0.4583333333333333
464,0.0018442802441616852,0.0012431515497155488,0.6011286636193593,0.02023855783045292,0.09943800419569016,0.5833333333333334
465,0.001933846389874816,0.0013682943264332911,0.5655520220597585,0.017086949199438095,0.09170708805322647,0.6041666666666666
466,0.002013064338825643,0.0014203146371680002,0.5927496671676635,0.01863405480980873,0.09453049302101135,0.5208333333333334
467,0.0018559472945829233,0.0013097427901811898,0.5462044994036357,0.01793472282588482,0.09084130823612213,0.5
468,0.0020422790044297774,0.0013968857742535572,0.645393188794454,0.01751640811562538,0.08914361149072647,0.5833333333333334
469,0.0017697212208683292,0.00123874315371116,0.5309780399004619,0.017667463049292564,0.0914437398314476,0.625
470,0.0019143166098122796,0.0013078885657402375,0.6064280271530151,0.01678762398660183,0.09163947403430939,0.4375
471,0.002356608173189064,0.0016185038179780046,0.7381043036778768,0.01942993886768818,0.09608271718025208,0.5625
472,0.0023305240630482633,0.0016065297842336199,0.7239942530790965,0.018248051404953003,0.09503724426031113,0.5625
473,0.0022968513735880454,0.0015462546221291025,0.7505967219670614,0.019676050171256065,0.09877996891736984,0.5416666666666666
474,0.001796057967779537,0.0012281701628429195,0.5678877890110016,0.017593037337064743,0.09352832287549973,0.5625
475,0.0022126402085026107,0.0015449060670410593,0.6677341083685557,0.019153468310832977,0.09532413631677628,0.4791666666666667
476,0.002677860762923956,0.0020357046470356483,0.6421560784180959,0.017892740666866302,0.09550737589597702,0.4166666666666667
477,0.002491042925976217,0.0017193098785355688,0.7717329919338226,0.019242877140641212,0.09958159923553467,0.4791666666666667
478,0.002207364118658006,0.0016161178781961402,0.5912461777528127,0.017124423757195473,0.09506724774837494,0.5833333333333334
479,0.002391906315460801,0.001728092231011639,0.6638140678405762,0.017365451902151108,0.09022606909275055,0.625
480,0.0024877570569515227,0.0017801455222070217,0.7076115131378173,0.01569993980228901,0.08907566964626312,0.6458333333333334
481,0.0024750643487398824,0.0017650811234489084,0.7099831938743592,0.015874454751610756,0.0974336564540863,0.6041666666666666
482,0.002564548468217254,0.001745585685906311,0.8189627408981324,0.017194580286741257,0.0884493961930275,0.625
483,0.0024150680129726727,0.0016061517720421155,0.8089162270228069,0.017226222902536392,0.09260491281747818,0.5416666666666666
484,0.0019601567182689905,0.0013607738306745886,0.5993828694025676,0.018353592604398727,0.09130790829658508,0.6458333333333334
485,0.0019357185422753294,0.001363397300398598,0.5723212122917175,0.016167500987648964,0.09229776263237,0.5
486,0.0021950129031514127,0.001456148053208987,0.7388648152351379,0.018331658095121384,0.09465578943490982,0.5208333333333334
487,0.00221174827311188,0.0014644782291725277,0.7472699960072835,0.02099856734275818,0.09849885106086731,0.4375
488,0.0019429087949295839,0.0013355300490123531,0.6073787073294322,0.017958680167794228,0.08981750905513763,0.5833333333333334
489,0.0016429660453771552,0.0011431039582627514,0.49986206491788227,0.02037704735994339,0.09641501307487488,0.4791666666666667
490,0.001959696349998315,0.0013717898555720845,0.5879064917564392,0.019126903265714645,0.09211861342191696,0.5625
491,0.0017214586958289146,0.0012241440204282601,0.49731465180714923,0.020415600389242172,0.09788678586483002,0.5208333333333334
492,0.0021302059836064775,0.0014585662866011262,0.6716396351655324,0.019537214189767838,0.10103456676006317,0.4583333333333333
493,0.00209333806609114,0.001527181543254604,0.5661565025647481,0.0191942248493433,0.09798336029052734,0.5833333333333334
494,0.0020229720044881105,0.001443484522557507,0.5794874687989553,0.016030946746468544,0.0961499735713005,0.5
495,0.0020066610149418315,0.0014443920149157445,0.5622689704100291,0.01789391227066517,0.09251998364925385,0.6458333333333334
496,0.0023531644449879727,0.001568140450399369,0.7850239515304566,0.017306603491306305,0.09238168597221375,0.5625
497,0.0026102540626501045,0.001527589256875217,1.0826647718747457,0.018848100677132607,0.09332691878080368,0.3958333333333333
498,0.002389914464826385,0.0014644542631382744,0.92546013991038,0.020011890679597855,0.09978833794593811,0.4375
499,0.0019058462930843234,0.001248026949663957,0.6578192929426829,0.0183347687125206,0.09410274773836136,0.5208333333333334
500,0.002059462231894334,0.0013219593597265582,0.7375028431415558,0.019835667684674263,0.09672848880290985,0.625
