epoch,train_loss,rmse_loss,trend_loss,val_rmse,val_trend_acc
0,0.15934573709964753,0.15166278133789698,7.682955932617188,0.05880444124341011,0.5166666666666667
1,0.0594014602402846,0.05658232172330221,2.8191391468048095,0.06774123758077621,0.4166666666666667
2,0.04450055658817291,0.042261141290267305,2.239415192604065,0.044468898326158524,0.4
3,0.03508794258038203,0.03360765563944976,1.4802874406178792,0.030281653627753258,0.5333333333333333
4,0.033178323258956276,0.031748420745134356,1.429902688662211,0.032771751284599304,0.55
5,0.0333087969571352,0.0317736620704333,1.5351345698038736,0.028395876288414,0.35
6,0.02960143474241098,0.028428001080950102,1.1734337568283082,0.029590357095003128,0.55
7,0.03258675659696261,0.031232247253259023,1.354509456952413,0.03050028346478939,0.45
8,0.03179303308327993,0.030511400972803433,1.2816322286923727,0.02840174362063408,0.38333333333333336
9,0.028102407480279604,0.026949822902679443,1.1525841673215231,0.021978991106152534,0.45
10,0.028247523059447607,0.02717641182243824,1.0711110432942708,0.03149733692407608,0.4666666666666667
11,0.03053805244465669,0.02920274001856645,1.3353122035662333,0.020509829744696617,0.48333333333333334
12,0.03203733513752619,0.03084966925283273,1.1876657724380493,0.02101442962884903,0.43333333333333335
13,0.02895992510020733,0.027752854426701865,1.2070701281229654,0.02236035093665123,0.4666666666666667
14,0.02908240569134553,0.027924179037412008,1.158226191997528,0.025108562782406807,0.38333333333333336
15,0.029726922139525415,0.02867765985429287,1.0492621382077536,0.02887890674173832,0.5
16,0.02772179345289866,0.026720251888036728,1.001541515191396,0.02394082210958004,0.36666666666666664
17,0.030065017814437548,0.02908820112546285,0.9768167455991109,0.07236317545175552,0.4666666666666667
18,0.0341593944778045,0.03321335253616174,0.9460417588551839,0.03427327424287796,0.5
19,0.030749281495809556,0.029560311883687972,1.1889696677525838,0.021870072931051254,0.48333333333333334
20,0.029681803037722904,0.028362404058376946,1.3193988084793091,0.019072068855166435,0.4
21,0.027460992832978568,0.02643356385330359,1.0274287780125937,0.022445635870099068,0.45
22,0.03130938013394673,0.03034276080628236,0.9666192491849264,0.02091105841100216,0.48333333333333334
23,0.028306823720534644,0.027297082791725793,1.0097408930460612,0.025326630100607872,0.48333333333333334
24,0.028675893569986025,0.02763632908463478,1.0395645181337991,0.021166255697607994,0.5166666666666667
25,0.028959443295995393,0.0278292428702116,1.130200203259786,0.023622998967766762,0.55
26,0.03114242764810721,0.02971631387869517,1.426113740603129,0.018911240622401237,0.5
27,0.030961382016539574,0.02933223235110442,1.6291495243708292,0.01803155243396759,0.5666666666666667
28,0.02902950830757618,0.027755059922734897,1.274448072910309,0.030793286859989166,0.4
29,0.028432484219471612,0.027375120545427005,1.057363510131836,0.017926853150129318,0.45
30,0.02430697778860728,0.023375079035758972,0.9318989197413127,0.031142696738243103,0.48333333333333334
31,0.02986935116350651,0.028862997765342395,1.0063532908757529,0.02489246055483818,0.4
32,0.025415861854950587,0.02444489027063052,0.970971405506134,0.025183752179145813,0.36666666666666664
33,0.027839170147975285,0.026571774358550706,1.267395814259847,0.019769376143813133,0.55
34,0.029728983963529267,0.028422148898243904,1.3068349560101826,0.020924383774399757,0.5333333333333333
35,0.024731960395971933,0.023781833052635194,0.9501273314158122,0.019170399755239487,0.35
36,0.026425694301724433,0.025481639678279558,0.9440544009208679,0.023747822269797325,0.4166666666666667
37,0.032111984118819235,0.030973202486832937,1.1387812892595928,0.01907118409872055,0.5
38,0.031518807138005894,0.030446087072292963,1.0727198600769043,0.021173875778913498,0.5833333333333334
39,0.028600586081544557,0.027492566530903182,1.1080198168754578,0.022891545668244362,0.38333333333333336
40,0.027782190591096878,0.026873663564523063,0.9085270245869954,0.02390912175178528,0.4166666666666667
41,0.025395737712581953,0.024433128287394842,0.9626091639200847,0.02082846127450466,0.43333333333333335
42,0.026631720860799155,0.02567342482507229,0.9582961519559224,0.02051287330687046,0.5
43,0.027872789278626443,0.026851308966676393,1.0214800437291462,0.025503912940621376,0.55
44,0.03341677126785119,0.0320519311974446,1.364839752515157,0.019066426903009415,0.4166666666666667
45,0.029571435476342837,0.02862847608824571,0.9429590106010437,0.025469424203038216,0.4666666666666667
46,0.025394479309519134,0.024491437524557114,0.9030415892601014,0.02288804203271866,0.5166666666666667
47,0.026957424357533455,0.02592019960284233,1.0372244675954183,0.02222626283764839,0.4
48,0.02851824201643467,0.027502815301219622,1.0154268701871236,0.02489510551095009,0.48333333333333334
49,0.027188343554735185,0.02605620225270589,1.1321410497029623,0.017131736502051353,0.4666666666666667
50,0.027814484511812527,0.026791978999972342,1.0225055019060771,0.032981742173433304,0.43333333333333335
51,0.039340892185767494,0.03806003630161285,1.280855929851532,0.025606121867895126,0.5
52,0.03203887529671192,0.030779036382834118,1.2598387718200683,0.031740088015794754,0.5333333333333333
53,0.02904620928068956,0.02810725085437298,0.9389579176902771,0.017544401809573174,0.5833333333333334
54,0.026966053619980813,0.02604117492834727,0.9248786926269531,0.025258027017116547,0.48333333333333334
55,0.02540801080564658,0.024466807146867116,0.9412038167317708,0.02408447675406933,0.5166666666666667
56,0.026346413915356002,0.025383916745583216,0.9624971111615499,0.02159123122692108,0.45
57,0.030323733389377595,0.029180115461349486,1.1436174988746644,0.020951315760612488,0.55
58,0.026663172617554666,0.025737371295690536,0.9258010427157084,0.028181619942188263,0.5333333333333333
59,0.030513262127836546,0.029380709181229273,1.1325528065363566,0.02052382566034794,0.5333333333333333
60,0.026084449018041293,0.025095191970467567,0.989257295926412,0.018416812643408775,0.5833333333333334
61,0.03045331078271071,0.029404851545890173,1.0484591086705526,0.02275015413761139,0.48333333333333334
62,0.026332996413111688,0.025219927728176116,1.1130687753359476,0.021629979833960533,0.38333333333333336
63,0.02464794119199117,0.02370186646779378,0.9460746208826701,0.033099353313446045,0.43333333333333335
64,0.02880135327577591,0.027734602118531862,1.0667505582173666,0.02686513215303421,0.5
65,0.03064060832063357,0.029274917766451837,1.3656907121340434,0.01967494934797287,0.5666666666666667
66,0.03208581830064456,0.03058008352915446,1.5057347615559895,0.02783173881471157,0.43333333333333335
67,0.024552720412611962,0.023638469725847246,0.9142505685488383,0.024754919111728668,0.36666666666666664
68,0.026091129953662553,0.025076081231236457,1.015048579374949,0.024552566930651665,0.55
69,0.028502543270587922,0.027487336347500484,1.0152066548665364,0.023436101153492928,0.45
70,0.026438888038198154,0.025514660899837813,0.924227503935496,0.027614248916506767,0.43333333333333335
71,0.02879102937877178,0.027528681606054307,1.2623478015263876,0.023663893342018127,0.4
72,0.025638576969504355,0.024572870507836343,1.0657063563664755,0.017797624692320824,0.5833333333333334
73,0.024560135106245676,0.023606411243478457,0.9537236173947652,0.023857759311795235,0.4
74,0.02497852879265944,0.024056273698806762,0.9222549796104431,0.019341282546520233,0.4166666666666667
75,0.02605126015841961,0.024998124316334726,1.05313591559728,0.022927921265363693,0.5333333333333333
76,0.025609475995103517,0.024692129467924435,0.9173465371131897,0.022186096757650375,0.45
77,0.029935778801639876,0.028915713975826898,1.020064644018809,0.028991011902689934,0.4166666666666667
78,0.026489856590827306,0.025421918307741483,1.0679384509722392,0.021794447675347328,0.5166666666666667
79,0.025132665410637856,0.024275673925876616,0.8569912989934285,0.02383372373878956,0.4166666666666667
80,0.0294808196524779,0.028514625132083894,0.9661944389343262,0.026262231171131134,0.5833333333333334
81,0.025819425160686176,0.024796377370754876,1.0230475862820942,0.025904580950737,0.5833333333333334
82,0.026760586226979893,0.025757537285486857,1.0030489921569825,0.022081848233938217,0.43333333333333335
83,0.026707733795046807,0.025758407140771548,0.9493264277776082,0.02850203961133957,0.35
84,0.025941621387998264,0.02504840021332105,0.893221092224121,0.01778593473136425,0.4666666666666667
85,0.02562606210509936,0.02459590919315815,1.0301524877548218,0.026240523904561996,0.38333333333333336
86,0.02664427285393079,0.02564391531050205,1.0003577868143718,0.019045738503336906,0.43333333333333335
87,0.025102843468387922,0.024230873957276345,0.8719693342844645,0.02467607893049717,0.55
88,0.02702347847322623,0.025928707669178645,1.0947706778844197,0.02075849659740925,0.6
89,0.028854092458883922,0.027595224604010583,1.2588679194450378,0.01833953894674778,0.6333333333333333
90,0.02772579714655876,0.02667345032095909,1.052346662680308,0.03753264620900154,0.36666666666666664
91,0.031115354473392167,0.029906379555662475,1.2089749574661255,0.032068606466054916,0.55
92,0.02747959829866886,0.026317383348941802,1.1622146169344585,0.032472215592861176,0.4666666666666667
93,0.02623472350339095,0.02524167994658152,0.9930435260136922,0.027188457548618317,0.4
94,0.025271073977152506,0.024281416088342667,0.9896580735842387,0.017564238980412483,0.4666666666666667
95,0.026362868398427962,0.025488786647717157,0.8740816473960876,0.016671795397996902,0.48333333333333334
96,0.026897592718402544,0.025853770847121874,1.0438218474388123,0.03858979046344757,0.4166666666666667
97,0.02604499397178491,0.02505637568732103,0.988618274529775,0.019589081406593323,0.5666666666666667
98,0.030463733275731406,0.0294801726937294,0.9835605343182882,0.027936074882745743,0.4
99,0.028239733104904494,0.027035134409864745,1.2045987407366434,0.03170158714056015,0.38333333333333336
100,0.027709917351603507,0.026623936494191487,1.0859808166821798,0.024309732019901276,0.45
101,0.027417808771133423,0.02639943150182565,1.0183772206306458,0.02784590609371662,0.5666666666666667
102,0.0294311236590147,0.02847127765417099,0.9598456780115764,0.03675138205289841,0.4666666666666667
103,0.030732148389021555,0.029682800297935803,1.0493480443954468,0.029510704800486565,0.3333333333333333
104,0.025013544037938117,0.02407906490067641,0.9344789505004882,0.024594958871603012,0.4666666666666667
105,0.02814757004380226,0.027170975506305695,0.9765942613283793,0.03395888954401016,0.4166666666666667
106,0.026809145510196686,0.025720917681852976,1.0882278720537821,0.030378470197319984,0.4
107,0.02788787769774596,0.026791992038488387,1.0958856344223022,0.021989569067955017,0.5333333333333333
108,0.024474421764413515,0.023544212430715562,0.9302093982696533,0.01977573335170746,0.48333333333333334
109,0.02379041227201621,0.02282743069032828,0.9629813869794209,0.02029900997877121,0.5333333333333333
110,0.026113131766517958,0.025034931922952332,1.0782000859578451,0.02051381766796112,0.48333333333333334
111,0.028114793573816618,0.027029644697904587,1.0851489543914794,0.029078135266900063,0.5333333333333333
112,0.02906325434645017,0.028036838894089065,1.026415514945984,0.021754462271928787,0.38333333333333336
113,0.024320495252807935,0.023330912490685782,0.9895827372868856,0.021383583545684814,0.36666666666666664
114,0.0234431820611159,0.022587834546963375,0.8553474227587382,0.021494807675480843,0.45
115,0.032397788017988205,0.031305968016386035,1.0918198267618815,0.017964040860533714,0.5166666666666667
116,0.024873168766498567,0.023901390905181567,0.9717777093251546,0.02516423538327217,0.45
117,0.02709574463466803,0.026208037883043288,0.8877066493034362,0.026056287810206413,0.4666666666666667
118,0.028608117997646332,0.027553063755234083,1.0550543189048767,0.03284240514039993,0.35
119,0.030830328166484833,0.02957624519864718,1.2540833830833436,0.02365635707974434,0.45
120,0.02614299307266871,0.02515732403844595,0.985668929417928,0.03797111660242081,0.45
121,0.027733950689435006,0.02668210913737615,1.051841425895691,0.019697217270731926,0.5166666666666667
122,0.025032887731989226,0.02411895791689555,0.9139299392700195,0.02224697358906269,0.43333333333333335
123,0.02785279241700967,0.02689003733297189,0.9627551476160685,0.026679590344429016,0.4166666666666667
124,0.02724620942026377,0.0260285934433341,1.2176158865292868,0.02800239436328411,0.5166666666666667
125,0.02947708641489347,0.02828275921444098,1.1943265517552695,0.024615705013275146,0.5
126,0.02634797195593516,0.025171423082550368,1.176548719406128,0.029502833262085915,0.43333333333333335
127,0.02612808917959531,0.025133617470661798,0.9944717804590861,0.018683230504393578,0.5166666666666667
128,0.025350099677840868,0.024388331299026806,0.9617681662241618,0.020928755402565002,0.43333333333333335
129,0.023455211023489634,0.022607699657479923,0.8475114901860555,0.028688428923487663,0.5166666666666667
130,0.025525289649764697,0.024606634428103766,0.9186550498008728,0.02804105170071125,0.43333333333333335
131,0.026053045938412348,0.02515556327998638,0.8974823514620464,0.039697665721178055,0.48333333333333334
132,0.028473584478100143,0.027477077146371206,0.9965074261029562,0.03463174030184746,0.4666666666666667
133,0.02811336318651835,0.0272087333103021,0.9046298702557881,0.02016877941787243,0.5333333333333333
134,0.02716622737546762,0.02608718735476335,1.0790400385856629,0.04015696421265602,0.38333333333333336
135,0.02511752371986707,0.02421200250585874,0.905521293481191,0.02090108022093773,0.6
136,0.026297632977366446,0.025323883816599845,0.9737493236859639,0.022352401167154312,0.4
137,0.026264577234784762,0.02520087423423926,1.0637028813362122,0.03238116577267647,0.4
138,0.027394811809062957,0.026431853199998537,0.962958558400472,0.020919544622302055,0.48333333333333334
139,0.029623816534876824,0.028459502508242925,1.1643142700195312,0.019855588674545288,0.43333333333333335
140,0.02551338958243529,0.024379501615961394,1.133888022104899,0.021084148436784744,0.5833333333333334
141,0.02655364436407884,0.02549858602384726,1.0550580302874246,0.02710530161857605,0.48333333333333334
142,0.02603383002181848,0.025104228282968204,0.9296019355456034,0.029050851240754128,0.45
143,0.02464998463789622,0.02368929497897625,0.9606894612312317,0.027287906035780907,0.5333333333333333
144,0.02868677464624246,0.027482929329077404,1.2038452863693236,0.03318411111831665,0.5666666666666667
145,0.026533683761954308,0.025558594365914664,0.9750892917315165,0.026933578774333,0.38333333333333336
146,0.027049679930011433,0.026057367275158564,0.9923127929369608,0.03245657682418823,0.5166666666666667
147,0.030742795641223588,0.029642824704448383,1.099970817565918,0.020089076831936836,0.48333333333333334
148,0.025887427975734074,0.02483363524079323,1.053792695204417,0.025019116699695587,0.4
149,0.026449168970187505,0.02553964654604594,0.9095223069190979,0.01963287591934204,0.5333333333333333
150,0.02688462659716606,0.025851404294371605,1.033222738901774,0.021273335441946983,0.4666666666666667
151,0.026050586625933646,0.025003774339954057,1.0468124310175577,0.019891295582056046,0.4666666666666667
152,0.0275769737859567,0.026632962996761003,0.9440108299255371,0.02417108416557312,0.43333333333333335
153,0.028089202816287677,0.027122447391351064,0.9667555809020996,0.031963322311639786,0.43333333333333335
154,0.03717690072953701,0.035881047571698826,1.2958531777064006,0.03676941990852356,0.4
155,0.0372070321192344,0.03559791979690393,1.6091123819351196,0.029814820736646652,0.38333333333333336
156,0.026261403039097787,0.025468800341089566,0.7926026622454325,0.037869036197662354,0.45
157,0.028972236439585686,0.02796625979244709,1.0059768716494242,0.019511070102453232,0.5166666666666667
158,0.023859057451287906,0.023024103169639907,0.8349542061487834,0.024063939228653908,0.5
159,0.02402833228309949,0.023141459499796232,0.8868726929028828,0.027052296325564384,0.45
160,0.028277054056525232,0.027041268224517506,1.235785392920176,0.019869353622198105,0.48333333333333334
161,0.02603233717381954,0.025048034141461055,0.9843032836914063,0.019913334399461746,0.45
162,0.024378285060326257,0.023555793737371763,0.822491439183553,0.02406916953623295,0.43333333333333335
163,0.025167321413755418,0.0243270143866539,0.8403069257736206,0.019593454897403717,0.4
164,0.02553369787832101,0.024633861208955447,0.899836532274882,0.021649451926350594,0.43333333333333335
165,0.028687274207671483,0.02764553961654504,1.041734218597412,0.021983150392770767,0.4
166,0.025142321735620497,0.024210146938761074,0.9321747581164043,0.01951681077480316,0.48333333333333334
167,0.027357820669809976,0.02650139257311821,0.856428066889445,0.03136146813631058,0.5
168,0.02544112006823222,0.0245498967046539,0.8912231961886088,0.030441075563430786,0.4166666666666667
169,0.025974591573079426,0.025043991828958192,0.9305997570355733,0.020410841330885887,0.5666666666666667
170,0.026368872572978336,0.025353498260180154,1.0153743505477906,0.03671836107969284,0.45
171,0.0318337008357048,0.03072376549243927,1.1099351366360983,0.036440398544073105,0.5333333333333333
172,0.03491591947774093,0.03388456366956234,1.031355901559194,0.04898269101977348,0.5
173,0.034256457909941675,0.03280441127717495,1.4520468751589457,0.036291033029556274,0.4166666666666667
174,0.028813903282086054,0.02775503508746624,1.0588682452837626,0.021424079313874245,0.43333333333333335
175,0.024272381390134493,0.023353364691138266,0.9190163056055705,0.017695235088467598,0.65
176,0.024627753471334776,0.023788059254487355,0.8396940191586812,0.027638353407382965,0.36666666666666664
177,0.026395308226346968,0.02545226936539014,0.9430389563242595,0.02361108735203743,0.43333333333333335
178,0.02845511076351007,0.02741511488954226,1.0399961590766906,0.025131987407803535,0.4
179,0.02615840658545494,0.025082360953092575,1.076045775413513,0.019557802006602287,0.55
180,0.023277869882682958,0.022479320131242275,0.7985498150189717,0.026700260117650032,0.38333333333333336
181,0.023562178822855155,0.02268624318142732,0.875935427347819,0.030698096379637718,0.35
182,0.02357943964501222,0.02275805324316025,0.8213862895965576,0.024535922333598137,0.4166666666666667
183,0.024619191884994507,0.023723215609788895,0.8959761301676432,0.0385563001036644,0.4
184,0.026788983369867007,0.025788882250587144,1.000101137161255,0.02242732048034668,0.5
185,0.02547156425813834,0.024528473118940988,0.9430912534395853,0.03204408288002014,0.45
186,0.026104578127463657,0.0250294196108977,1.0751583019892375,0.02744218334555626,0.4
187,0.029255160441001255,0.028204835702975592,1.0503247141838075,0.0347420908510685,0.5333333333333333
188,0.027439803133408228,0.02646714635193348,0.9726567029953003,0.030268460512161255,0.31666666666666665
189,0.028324496870239576,0.027303811038533847,1.0206857999165853,0.028473777696490288,0.4
190,0.025255282347400983,0.024381087472041447,0.874194860458374,0.021393341943621635,0.4166666666666667
191,0.024790800487001736,0.02374547173579534,1.0453288992245993,0.02779983915388584,0.5833333333333334
192,0.030751065040628116,0.029456101109584173,1.294963804880778,0.02419993467628956,0.48333333333333334
193,0.026013545567790668,0.024994204938411712,1.0193404714266459,0.03870617225766182,0.5833333333333334
194,0.03128137836853663,0.030289988592267038,0.9913899540901184,0.024326801300048828,0.43333333333333335
195,0.030623133977254233,0.029368546480933826,1.2545873204867044,0.027644868940114975,0.4166666666666667
196,0.02773021099468072,0.026648214211066563,1.0819967230161032,0.03203805536031723,0.4166666666666667
197,0.027556275700529417,0.026454552449285983,1.1017228960990906,0.028252435848116875,0.4
198,0.027322845285137495,0.0263469398021698,0.9759056329727173,0.03202005848288536,0.5
199,0.027192733809351922,0.026056655744711558,1.136077920595805,0.01912480592727661,0.6166666666666667
200,0.024985246857007346,0.024022837976614635,0.9624088486035665,0.020595794543623924,0.5166666666666667
201,0.025629376992583275,0.024756480132540067,0.8728968501091003,0.030733676627278328,0.4
202,0.02430487424135208,0.02341217709084352,0.8926971197128296,0.03157917037606239,0.4666666666666667
203,0.025558994834621748,0.024599659318725268,0.9593355576197307,0.026080060750246048,0.55
204,0.029150755827625593,0.027958314493298532,1.192441670099894,0.03186076506972313,0.5166666666666667
205,0.024857527390122414,0.023914595569173493,0.942931612332662,0.021602094173431396,0.43333333333333335
206,0.02501266139249007,0.02404260275264581,0.9700583418210348,0.029480159282684326,0.5333333333333333
207,0.02620413564145565,0.025303654124339423,0.9004815181096395,0.024012822657823563,0.5166666666666667
208,0.024282090365886688,0.02337879128754139,0.9032989780108134,0.026019040495157242,0.43333333333333335
209,0.027382203564047813,0.02634392517308394,1.0382782578468324,0.02051575668156147,0.43333333333333335
210,0.026968442276120184,0.02605236731469631,0.9160751342773438,0.02079908549785614,0.5833333333333334
211,0.026749881853659948,0.025657477602362633,1.0924041589101157,0.025553997606039047,0.43333333333333335
212,0.027166307841738065,0.025995557941496373,1.1707497239112854,0.021356437355279922,0.5
213,0.027116487547755242,0.025842618445555368,1.2738688349723817,0.024756092578172684,0.4166666666666667
214,0.02685883268713951,0.025762002418438592,1.0968300422032675,0.025849096477031708,0.5666666666666667
215,0.025181701655189195,0.024288428326447804,0.89327339331309,0.020901143550872803,0.5666666666666667
216,0.022912656267484028,0.022021284326910973,0.8913718223571777,0.02329268865287304,0.45
217,0.024174395948648453,0.02324312167863051,0.931274660428365,0.01883680559694767,0.5333333333333333
218,0.023892025525371233,0.023081684485077858,0.8103409767150879,0.01816871203482151,0.5166666666666667
219,0.025254698966940246,0.024366725857059162,0.8879727164904276,0.025521034374833107,0.6
220,0.027262140065431595,0.026260511204600333,1.0016286492347717,0.020874885842204094,0.48333333333333334
221,0.02610950010518233,0.025044685105482738,1.064814805984497,0.02440289594233036,0.38333333333333336
222,0.02500537671148777,0.023997998361786208,1.0073784748713175,0.023378802463412285,0.48333333333333334
223,0.02496768453468879,0.02393562284608682,1.0320617278416953,0.025470850989222527,0.55
224,0.027089647576212884,0.026154144977529842,0.9355024894078573,0.022316576912999153,0.4166666666666667
225,0.02749033235013485,0.02643006940682729,1.0602633833885193,0.03510167449712753,0.4666666666666667
226,0.029069342588384946,0.027989421784877778,1.0799209276835124,0.025749891996383667,0.55
227,0.02622140720486641,0.025330259278416634,0.8911479552586873,0.017836960032582283,0.6166666666666667
228,0.026166638607780138,0.025128822897871335,1.0378157814343771,0.024221783503890038,0.55
229,0.02627930467327436,0.025261072814464568,1.0182316501935322,0.01766328513622284,0.5
230,0.024761737758914628,0.023841717466711997,0.9200201551119487,0.026819156482815742,0.5833333333333334
231,0.026924047494928043,0.025912818064292274,1.011229431629181,0.023322943598031998,0.55
232,0.02337603606283665,0.02248750887811184,0.8885271747907003,0.021043123677372932,0.5166666666666667
233,0.025225671629110973,0.024233446829020976,0.9922247131665548,0.022240497171878815,0.45
234,0.024451485276222228,0.02353845685720444,0.9130287051200867,0.021414266899228096,0.38333333333333336
235,0.02296649180352688,0.022159930691123007,0.8065611441930135,0.019444812089204788,0.45
236,0.023194963485002516,0.022373483950893083,0.8214794198671976,0.024256326258182526,0.5666666666666667
237,0.027324535076816876,0.0263767605026563,0.9477746287981669,0.02499384805560112,0.4166666666666667
238,0.025407826776305834,0.02440324214597543,1.0045846899350483,0.02008037641644478,0.43333333333333335
239,0.023324375599622728,0.02245861552655697,0.8657604138056437,0.021755119785666466,0.38333333333333336
240,0.023686842744549116,0.02278072622915109,0.9061164140701294,0.02770089916884899,0.5166666666666667
241,0.02735631267229716,0.026385377471645672,0.9709349870681763,0.03752000257372856,0.5333333333333333
242,0.03747231463591258,0.03593442291021347,1.5378913442293802,0.04667497053742409,0.45
243,0.037463262056310974,0.035992283125718436,1.4709787845611573,0.029971731826663017,0.55
244,0.025691818383832773,0.02469774497052034,0.9940731565157572,0.026781780645251274,0.45
245,0.02532364750901858,0.024359245598316193,0.9644016782442729,0.022762084379792213,0.4666666666666667
246,0.023923704152305922,0.023040624149143697,0.8830801288286845,0.01653078943490982,0.5833333333333334
247,0.02413826286792755,0.02312968870004018,1.0085739612579345,0.020022490993142128,0.4166666666666667
248,0.026955800006786983,0.025778248781959216,1.1775512456893922,0.029186870902776718,0.4166666666666667
249,0.024658292159438135,0.023701560497283936,0.9567317763964335,0.022519299760460854,0.5
250,0.0253978264828523,0.024449429909388223,0.9483964999516805,0.024918191134929657,0.5666666666666667
251,0.025515180826187134,0.02446564498047034,1.049536148707072,0.030585722997784615,0.45
252,0.02627019559343656,0.025425945098201435,0.844250484307607,0.017523521557450294,0.55
253,0.025493958344062168,0.024595459923148155,0.8984984477361043,0.019222375005483627,0.4166666666666667
254,0.02286137267947197,0.0219766599436601,0.8847126444180806,0.04774700477719307,0.43333333333333335
255,0.030161459371447562,0.029086741556723913,1.0747181018193563,0.023162174969911575,0.4
256,0.024986235549052556,0.023902527491251626,1.0837079644203187,0.023056594654917717,0.5666666666666667
257,0.02426432805756728,0.023279308900237085,0.9850191752115885,0.019458375871181488,0.36666666666666664
258,0.024951610590020816,0.02401268109679222,0.9389295935630798,0.025342000648379326,0.45
259,0.022966228673855463,0.02214782126247883,0.818407146135966,0.02414747141301632,0.6
260,0.02615899915496508,0.025194602832198144,0.9643961032231648,0.019929291680455208,0.45
261,0.026559480279684067,0.025557161370913187,1.0023191491762797,0.020285723730921745,0.5333333333333333
262,0.02907482385635376,0.027981391921639443,1.0934317747751872,0.018123939633369446,0.5833333333333334
263,0.02543173891802629,0.02439798042178154,1.0337586164474488,0.027914782986044884,0.5833333333333334
264,0.0259710847089688,0.025076501443982123,0.8945834318796794,0.03691527992486954,0.38333333333333336
265,0.02732316553592682,0.02634946716328462,0.9736984491348266,0.017410388216376305,0.5333333333333333
266,0.023793405542771023,0.022984176749984424,0.8092288096745809,0.017537878826260567,0.55
267,0.027248343701163927,0.026387529075145723,0.8608142813046773,0.03335615620017052,0.38333333333333336
268,0.029406041155258814,0.02831649382909139,1.0895474394162497,0.027258293703198433,0.45
269,0.025019886965552966,0.024075452859203022,0.9444339672724406,0.02080932818353176,0.48333333333333334
270,0.023962972064812977,0.023139156276981036,0.8238156000773112,0.02762574702501297,0.4166666666666667
271,0.026503884047269822,0.02544492098192374,1.0589628219604492,0.025238892063498497,0.4166666666666667
272,0.026161514843503635,0.025099995732307433,1.061518923441569,0.020215777680277824,0.48333333333333334
273,0.025184195737044016,0.024261508882045747,0.9226868669191997,0.02249145321547985,0.45
274,0.022694615026315052,0.021862549831469853,0.8320654074350993,0.03467293828725815,0.6
275,0.025536982466777165,0.024682876840233802,0.8541058460871379,0.024384258314967155,0.43333333333333335
276,0.026087512572606403,0.025239161401987075,0.8483511606852213,0.02088906057178974,0.45
277,0.0246567539870739,0.023656889547904333,0.999864403406779,0.023389462381601334,0.48333333333333334
278,0.02652066797018051,0.025526720161239306,0.993947692712148,0.020805031061172485,0.4666666666666667
279,0.02634349192182223,0.025456668809056282,0.886823046207428,0.01769985817372799,0.45
280,0.022922121360898016,0.022134933558603128,0.7871877153714498,0.026305444538593292,0.5
281,0.02533840189377467,0.024458055570721626,0.8803460121154785,0.019468244165182114,0.4166666666666667
282,0.025144169727961223,0.02430574248234431,0.8384271820386251,0.02358720637857914,0.6166666666666667
283,0.024922913312911986,0.024025690058867136,0.8972230950991312,0.03265925124287605,0.6
284,0.026859673857688903,0.025844430923461913,1.0152429461479187,0.018406478688120842,0.4666666666666667
285,0.027576584368944168,0.02667876568933328,0.8978186964988708,0.024007320404052734,0.48333333333333334
286,0.0257269773632288,0.024589496478438378,1.137480874856313,0.027446459978818893,0.5
287,0.025497161721189817,0.024578196679552397,0.9189648548762004,0.025929436087608337,0.43333333333333335
288,0.024809100727240244,0.02391612728436788,0.8929736216862997,0.026420148089528084,0.5833333333333334
289,0.024967360123991967,0.024108107760548593,0.8592524806658427,0.01831415668129921,0.5333333333333333
290,0.021920014545321463,0.021119927614927293,0.8000869075457255,0.02411649376153946,0.45
291,0.027303472782174747,0.02613572676976522,1.1677459359169007,0.03169450908899307,0.5
292,0.025716661910216012,0.024684590101242066,1.032071622212728,0.020890863612294197,0.43333333333333335
293,0.026539736861983933,0.025449105352163316,1.0906312743822733,0.022089803591370583,0.4
294,0.024555152654647826,0.023609300951162975,0.9458515246709188,0.02537202648818493,0.38333333333333336
295,0.025014221171538033,0.024090034638841948,0.9241864005724589,0.027161717414855957,0.4666666666666667
296,0.025675208618243534,0.02465619668364525,1.0190119425455728,0.021489141508936882,0.4
297,0.02743851033349832,0.02640076254804929,1.037747609615326,0.02075500786304474,0.5833333333333334
298,0.02608406779666742,0.02511826977133751,0.9657980561256408,0.01700587198138237,0.5166666666666667
299,0.02694962757329146,0.025976219028234483,0.9734083731969198,0.028975585475564003,0.36666666666666664
300,0.028104881942272186,0.02702746366461118,1.0774180928866068,0.01915793865919113,0.4
301,0.02359073795378208,0.02278021362920602,0.8105243484179179,0.024878012016415596,0.5
302,0.023337514822681746,0.02248651161789894,0.8510035554567973,0.022977890446782112,0.43333333333333335
303,0.026022249708573024,0.025104297945896786,0.9179516593615215,0.030253669247031212,0.4166666666666667
304,0.026743668566147485,0.025882086468239626,0.8615817109743754,0.023257654160261154,0.45
305,0.02441028691828251,0.023560922717054684,0.8493642091751099,0.018211930990219116,0.55
306,0.024872068936626118,0.024113041969637077,0.7590270519256592,0.03285795450210571,0.4
307,0.029561899602413177,0.028487660611669224,1.0742388049761453,0.026742052286863327,0.4166666666666667
308,0.025067680577437083,0.024030982330441476,1.036698341369629,0.01871367171406746,0.48333333333333334
309,0.025449867422382037,0.02449621446430683,0.9536525090535481,0.023720350116491318,0.48333333333333334
310,0.02325100339949131,0.022395451242725056,0.8555521726608276,0.0201835036277771,0.5666666666666667
311,0.02295901527007421,0.022158011918266614,0.8010035514831543,0.0186543557792902,0.45
312,0.022635258982578912,0.021838988115390142,0.7962707161903382,0.019382013007998466,0.43333333333333335
313,0.025242439284920693,0.024236443266272546,1.0059956471125284,0.026592209935188293,0.36666666666666664
314,0.023921620100736618,0.02304379598548015,0.8778241117795308,0.018420441076159477,0.5333333333333333
315,0.02616711656252543,0.02521938954790433,0.9477267662684122,0.02316887304186821,0.4
316,0.024794501562913258,0.02400217540562153,0.7923261245091756,0.02166726626455784,0.5666666666666667
317,0.02424348406493664,0.023378247519334157,0.865236775080363,0.024690501391887665,0.4166666666666667
318,0.025171242405970892,0.024266512567798295,0.9047297517458598,0.024957675486803055,0.48333333333333334
319,0.024763862043619154,0.02388926185667515,0.8746000329653422,0.022510133683681488,0.4666666666666667
320,0.024365057423710822,0.02344234858949979,0.9227092067400614,0.025016451254487038,0.38333333333333336
321,0.025986917937795322,0.025111834829052288,0.8750831166903178,0.02091086283326149,0.48333333333333334
322,0.023155875752369562,0.022301665941874185,0.8542096138000488,0.030023010447621346,0.5333333333333333
323,0.025525402277708054,0.024687620500723522,0.8377819736798604,0.027049565687775612,0.5
324,0.022772818927963574,0.021939434483647345,0.833384652932485,0.022912640124559402,0.5166666666666667
325,0.024535156041383743,0.02372869538764159,0.8064605633417765,0.023361681029200554,0.5
326,0.024466892207662263,0.0234832089394331,0.9836831967035929,0.03532518446445465,0.5833333333333334
327,0.024774332096179328,0.023837241654594738,0.9370903452237447,0.024738792330026627,0.5666666666666667
328,0.02563670923312505,0.024549409747123718,1.0872995177904765,0.025217775255441666,0.48333333333333334
329,0.0259226410339276,0.024962441250681876,0.9601997375488281,0.020311107859015465,0.5833333333333334
330,0.024054611598451934,0.02301365099847317,1.040960637728373,0.032314665615558624,0.43333333333333335
331,0.025877372547984123,0.024964179222782452,0.9131931066513062,0.030612997710704803,0.5833333333333334
332,0.024458688373366993,0.023510463535785675,0.9482249657313029,0.024249818176031113,0.5666666666666667
333,0.024646348257859548,0.023650022844473522,0.9963253339131674,0.022448724135756493,0.4666666666666667
334,0.026192266742388406,0.025327081481615703,0.8651852170626323,0.023980699479579926,0.38333333333333336
335,0.027315898239612578,0.026318253204226493,0.9976450681686402,0.03022235818207264,0.55
336,0.02662281480928262,0.025622309371829032,1.0005052407582602,0.023687774315476418,0.5166666666666667
337,0.025958379233876862,0.02496876468261083,0.9896147211392721,0.02010335773229599,0.43333333333333335
338,0.023503658175468446,0.02268548185626666,0.8181761860847473,0.024622876197099686,0.4666666666666667
339,0.02426091767847538,0.023301297053694724,0.9596207022666932,0.020178064703941345,0.5666666666666667
340,0.025435759375492733,0.024353443210323653,1.0823158979415894,0.027670199051499367,0.4166666666666667
341,0.02477726588646571,0.02377194960912069,1.0053159872690836,0.02242836356163025,0.5333333333333333
342,0.025103299443920455,0.024168566862742106,0.9347327669461568,0.02428055740892887,0.43333333333333335
343,0.027344426636894546,0.026456563795606295,0.8878629525502523,0.025446489453315735,0.48333333333333334
344,0.02476588450372219,0.02388123112420241,0.8846532185872396,0.021091874688863754,0.5666666666666667
345,0.025478249664107958,0.024541780352592468,0.9364692330360412,0.028922036290168762,0.4666666666666667
346,0.026459810510277747,0.02535902721186479,1.1007832884788513,0.02935263328254223,0.65
347,0.027306047454476356,0.0264383289963007,0.8677186965942383,0.03140243515372276,0.5833333333333334
348,0.029835758730769157,0.02874216909209887,1.0935895800590516,0.02498062700033188,0.5666666666666667
349,0.026705939695239066,0.025626966481407484,1.0789729952812195,0.018899573013186455,0.4166666666666667
350,0.025872572635610897,0.02483629807829857,1.036274751027425,0.0213534627109766,0.48333333333333334
351,0.024067404245336852,0.023128722421824933,0.9386815706888835,0.02297796495258808,0.48333333333333334
352,0.02472258284687996,0.023855772490302723,0.8668105602264404,0.023986563086509705,0.43333333333333335
353,0.028195782005786894,0.027192789564530053,1.0029926578203836,0.023026596754789352,0.5666666666666667
354,0.026271451512972513,0.02510994958380858,1.1615020394325257,0.019967706874012947,0.55
355,0.025176855300863586,0.024367864429950713,0.8089909076690673,0.030020635575056076,0.38333333333333336
356,0.02576318768163522,0.024829251940051714,0.9339356621106466,0.01941659115254879,0.5833333333333334
357,0.024392023434241614,0.02347815570731958,0.9138676246007283,0.02288004197180271,0.38333333333333336
358,0.0254460409283638,0.024562835569183032,0.8832052071889241,0.03020528517663479,0.5333333333333333
359,0.028228521719574927,0.02718972327808539,1.038798443476359,0.03362329676747322,0.5166666666666667
360,0.032230650757749876,0.030901654933889706,1.328995438416799,0.02771999128162861,0.4
361,0.02590058222413063,0.024881928662459054,1.0186534563700358,0.02988458052277565,0.36666666666666664
362,0.02551416531205177,0.024626010159651438,0.888155174255371,0.019015001133084297,0.5
363,0.023887771864732107,0.02310719812909762,0.78057386080424,0.02144576795399189,0.4
364,0.024048128724098207,0.02309500426054001,0.953124479452769,0.023488210514187813,0.5833333333333334
365,0.024346848701437315,0.023336904992659887,1.0099438309669495,0.01899459771811962,0.55
366,0.02281506173312664,0.021966972015798093,0.8480896115303039,0.025321293622255325,0.4
367,0.025037686278422674,0.024018801127870876,1.018884797890981,0.024145998060703278,0.5333333333333333
368,0.02220515770216783,0.02137201949954033,0.8331383426984151,0.022785458713769913,0.48333333333333334
369,0.021687732512752213,0.020872950243453186,0.8147824366887411,0.019848234951496124,0.5333333333333333
370,0.024320002272725107,0.023440904170274734,0.8790980855623881,0.02480313926935196,0.5666666666666667
371,0.022929952666163444,0.022062094633777937,0.8678578734397888,0.02471945621073246,0.43333333333333335
372,0.02375092593332132,0.022844463835159937,0.9064621329307556,0.01948525756597519,0.5666666666666667
373,0.023410502448678018,0.02250940886636575,0.9010935346285502,0.027159934863448143,0.4166666666666667
374,0.02584172474841277,0.024869522576530776,0.9722018917401631,0.025149459019303322,0.43333333333333335
375,0.023556262999773026,0.022653587659200034,0.9026754101117452,0.019078059121966362,0.5166666666666667
376,0.022465087845921515,0.021638759101430576,0.8263287504514059,0.02357715740799904,0.35
377,0.02447361536324024,0.023488303025563557,0.985312573115031,0.02078424207866192,0.4666666666666667
378,0.024900766213734944,0.023940335835019748,0.960430113474528,0.02066108025610447,0.5333333333333333
379,0.024553260828057925,0.02364528365433216,0.907977032661438,0.02395925112068653,0.4166666666666667
380,0.02612326977153619,0.025108153000473976,1.0151166558265685,0.020916206762194633,0.48333333333333334
381,0.025204692656795185,0.02422820602854093,0.9764866073926289,0.02043648064136505,0.5333333333333333
382,0.022690321753422418,0.021860564996798833,0.8297567725181579,0.02478877268731594,0.5666666666666667
383,0.025169279302159946,0.024163511147101722,1.0057682991027832,0.024249698966741562,0.5333333333333333
384,0.02631160579621792,0.025193590049942333,1.1180155078570049,0.023333653807640076,0.5833333333333334
385,0.02396185298760732,0.022999793911973637,0.9620591640472412,0.020803045481443405,0.5666666666666667
386,0.024910387769341468,0.02387780261536439,1.0325852870941161,0.027622006833553314,0.43333333333333335
387,0.026055064921577772,0.025152479857206346,0.902584966023763,0.022711703553795815,0.48333333333333334
388,0.025061515594522157,0.02409688668946425,0.9646286527315776,0.021804722025990486,0.4666666666666667
389,0.025632475564877192,0.024670392026503882,0.962083621819814,0.03371463716030121,0.5166666666666667
390,0.029742634296417235,0.028678616633017857,1.0640175183614096,0.03322099521756172,0.4
391,0.026945949345827103,0.025741784647107125,1.2041646758715312,0.024366343393921852,0.4166666666666667
392,0.02839592124025027,0.02739655561745167,0.9993659615516662,0.03371553122997284,0.4
393,0.026085391516486804,0.025169204672177634,0.9161868651707967,0.020709848031401634,0.38333333333333336
394,0.02364238438506921,0.02270382915933927,0.938555363814036,0.033353593200445175,0.5833333333333334
395,0.02573193460702896,0.024820142487684885,0.9117919603983561,0.02148192934691906,0.45
396,0.021946642299493155,0.021119663243492445,0.8269789695739747,0.02047860249876976,0.5833333333333334
397,0.022265276685357095,0.021385504864156246,0.8797717213630676,0.027976809069514275,0.5666666666666667
398,0.02486448399722576,0.023991531878709792,0.8729519248008728,0.022944379597902298,0.5333333333333333
399,0.024533347661296525,0.023567598188916843,0.9657494107882182,0.02627347595989704,0.5666666666666667
400,0.026556842774152756,0.02558926815787951,0.9675748586654663,0.026269523426890373,0.5666666666666667
401,0.028359069054325423,0.027216999729474386,1.1420694748560587,0.02150537818670273,0.5833333333333334
402,0.02266306666036447,0.02182586205502351,0.8372043371200562,0.02896345965564251,0.5833333333333334
403,0.02426343473295371,0.023299856980641683,0.9635776122411092,0.021810751408338547,0.48333333333333334
404,0.023848574981093405,0.022965265003343425,0.8833102027575175,0.023643800988793373,0.4666666666666667
405,0.023219966515898704,0.022280609359343846,0.9393568754196167,0.03564079478383064,0.55
406,0.025599352891246478,0.024670117596785227,0.9292352000872294,0.024231882765889168,0.5833333333333334
407,0.023304656396309534,0.02242016966144244,0.8844867944717407,0.020757265388965607,0.5666666666666667
408,0.022899942100048067,0.022071347758173942,0.8285945693651835,0.02453351393342018,0.55
409,0.022309324766198794,0.021460133045911788,0.8491916656494141,0.028505563735961914,0.4666666666666667
410,0.025647935271263123,0.02453474166492621,1.113193647066752,0.03087824024260044,0.4
411,0.02661375713845094,0.025569556405146916,1.0442006587982178,0.03522341698408127,0.5
412,0.026017537588874498,0.025112829978267352,0.9047077218691508,0.02474028989672661,0.5333333333333333
413,0.02454522078235944,0.023735461508234343,0.8097593029340108,0.027230899780988693,0.45
414,0.024789420639475188,0.023814241712292034,0.9751791954040527,0.023337502032518387,0.5333333333333333
415,0.023417822023232778,0.022536884248256683,0.8809378743171692,0.03419749438762665,0.4
416,0.024920343856016793,0.024081496770183244,0.8388468782107036,0.02271728590130806,0.5666666666666667
417,0.02432162091135979,0.02340387428800265,0.9177465160687764,0.024284727871418,0.5333333333333333
418,0.024107706919312476,0.023177444686492285,0.9302621603012085,0.019208276644349098,0.5
419,0.02414912109573682,0.023257769892613092,0.8913511991500854,0.0263142641633749,0.4
420,0.024416803320248922,0.023524436975518863,0.892366333802541,0.02324783243238926,0.38333333333333336
421,0.022830301771561305,0.0219963905091087,0.8339112440745036,0.019835442304611206,0.4666666666666667
422,0.022587474063038827,0.021722712367773057,0.8647614439328511,0.020537614822387695,0.4666666666666667
423,0.024239931131402652,0.023371610914667447,0.8683200200398763,0.022975804284214973,0.38333333333333336
424,0.024495944380760193,0.02364342473447323,0.8525195082028707,0.02320418506860733,0.5833333333333334
425,0.024975145359834035,0.024103753641247748,0.871391753355662,0.026058370247483253,0.5666666666666667
426,0.02456585057079792,0.02367677204310894,0.8890783747037252,0.025607401505112648,0.6
427,0.026251799489061037,0.025204501673579217,1.0472977836926778,0.02418438531458378,0.5833333333333334
428,0.025328859438498816,0.024347715576489768,0.9811439355214436,0.0278168935328722,0.5833333333333334
429,0.025648358712593713,0.02463154134651025,1.0168174703915913,0.024940788745880127,0.5666666666666667
430,0.02322914476195971,0.022359247505664825,0.8698971986770629,0.021115276962518692,0.5833333333333334
431,0.023990507548054058,0.023058623572190604,0.931883986790975,0.03523699566721916,0.4166666666666667
432,0.026657173037528993,0.025647479544083276,1.009693710009257,0.020672382786870003,0.4
433,0.021671625537176928,0.02088918077449004,0.7824447909990947,0.023902520537376404,0.4
434,0.026174658785263698,0.025230823581417403,0.9438348452250163,0.025511745363473892,0.35
435,0.03442267117400964,0.03347761755188306,0.9450531323750814,0.03022378496825695,0.4666666666666667
436,0.028271937121947605,0.027054468169808388,1.2174694498380025,0.018870869651436806,0.6
437,0.025066759437322617,0.024062835549314817,1.0039240837097168,0.026292312890291214,0.43333333333333335
438,0.023230069503188133,0.02243578334649404,0.7942862391471863,0.019439056515693665,0.5166666666666667
439,0.026723782842357952,0.025750027721126875,0.9737549821535746,0.024141162633895874,0.5833333333333334
440,0.026709164182345074,0.025696844359238944,1.0123198628425598,0.021835260093212128,0.4666666666666667
441,0.02622897525628408,0.025360128780206045,0.8688462932904562,0.025510579347610474,0.4
442,0.025934431639810403,0.024958134070038794,0.9762975454330445,0.02914990857243538,0.48333333333333334
443,0.028086340924104055,0.0267569400370121,1.329400690396627,0.025611478835344315,0.5166666666666667
444,0.025911922256151836,0.02484688423573971,1.0650376796722412,0.026928061619400978,0.48333333333333334
445,0.022790557518601418,0.021844575429956117,0.9459819674491883,0.022638468071818352,0.4666666666666667
446,0.023391967390974364,0.022482384368777274,0.9095831513404846,0.025196732953190804,0.4666666666666667
447,0.022930406779050828,0.022116440534591674,0.8139663894971212,0.019512146711349487,0.48333333333333334
448,0.023496015245715776,0.02265243132909139,0.8435839136441549,0.01919717527925968,0.5
449,0.024902581671873727,0.024003380785385768,0.8992010831832886,0.028773944824934006,0.5833333333333334
450,0.024096166963378587,0.0230792668958505,1.0168999671936034,0.02802962064743042,0.4666666666666667
451,0.02505854604144891,0.024073057994246482,0.9854878584543864,0.020479585975408554,0.5666666666666667
452,0.022594866901636125,0.021695622801780702,0.8992441495259603,0.018841756507754326,0.5
453,0.02383829914033413,0.022994252170125642,0.8440469940503438,0.030520392581820488,0.4
454,0.02454629590113958,0.023532033587495487,1.0142621954282125,0.04103979840874672,0.38333333333333336
455,0.026592948536078135,0.02572450793037812,0.8684405565261841,0.02769225463271141,0.4166666666666667
456,0.02539494770268599,0.024431409065922102,0.9635383486747742,0.03040522150695324,0.48333333333333334
457,0.023509687557816506,0.022612925494710605,0.8967619856198629,0.020723074674606323,0.5
458,0.02204661356906096,0.021181444202860198,0.8651692986488342,0.02197541482746601,0.43333333333333335
459,0.022667384892702102,0.021782758459448815,0.8846263488133749,0.020910196006298065,0.43333333333333335
460,0.024479246015350023,0.0235436433305343,0.9356022198994954,0.02136617712676525,0.4666666666666667
461,0.02321381357808908,0.022348456891874473,0.8653566439946493,0.02196025848388672,0.5666666666666667
462,0.023924202223618827,0.023041343068083128,0.8828590075174968,0.022949252277612686,0.43333333333333335
463,0.023110671093066533,0.022223586837450664,0.8870840986569722,0.019459692761301994,0.43333333333333335
464,0.0233020747701327,0.02244964838027954,0.8524264375368754,0.023854516446590424,0.43333333333333335
465,0.024332465355594954,0.023379966616630554,0.9524986227353414,0.020264100283384323,0.4666666666666667
466,0.02424883618950844,0.02341062364478906,0.8382124781608582,0.019593456760048866,0.5333333333333333
467,0.022744712481896082,0.02190144608418147,0.8432662010192871,0.021723035722970963,0.4
468,0.02371284825106462,0.022911289582649867,0.8015586535135905,0.023412315174937248,0.6
469,0.027277353033423424,0.026393207907676696,0.8841448108355204,0.025401070713996887,0.5666666666666667
470,0.02921474874019623,0.028060271715124447,1.154477302233378,0.02218087948858738,0.48333333333333334
471,0.026645752415060998,0.025720868383844693,0.924883766969045,0.02195047400891781,0.45
472,0.02497208652396997,0.024123996620376904,0.8480898976325989,0.023731373250484467,0.5666666666666667
473,0.023899968216816583,0.02307224484781424,0.8277232964833577,0.019395994022488594,0.55
474,0.022057309498389563,0.02124091312289238,0.8163963278134664,0.023790953680872917,0.38333333333333336
475,0.023302744949857394,0.022457792609930038,0.8449521462122599,0.026396935805678368,0.45
476,0.023235496133565903,0.022386854514479637,0.8486418128013611,0.02184266783297062,0.6
477,0.0230349101126194,0.022198219845692316,0.8366903384526571,0.023905545473098755,0.45
478,0.02550873433550199,0.024564307431379953,0.9444266080856323,0.03152323141694069,0.38333333333333336
479,0.02537010982632637,0.024591433877746264,0.7786761005719502,0.02555745281279087,0.55
480,0.02281028007467588,0.02200879044830799,0.8014897028605144,0.021442558616399765,0.5
481,0.023411809901396432,0.0226236030459404,0.7882070104281108,0.030984332785010338,0.48333333333333334
482,0.02415569598476092,0.023173931613564493,0.9817644437154134,0.021580956876277924,0.45
483,0.02525218923886617,0.02427719794213772,0.9749914089838664,0.021787049248814583,0.4666666666666667
484,0.023033087576429048,0.022162565464774766,0.8705220619837443,0.02017144113779068,0.55
485,0.022286475698153178,0.021452865997950234,0.8336095889409383,0.026534153148531914,0.4666666666666667
486,0.02180178202688694,0.020986140767733256,0.8156411091486613,0.02228124998509884,0.5
487,0.028243620817859968,0.02738238995273908,0.8612308700879415,0.042892925441265106,0.5666666666666667
488,0.03149500489234924,0.030505546120305857,0.9894584457079569,0.022366568446159363,0.5666666666666667
489,0.024231057986617087,0.02331624316672484,0.9148149609565734,0.02347245067358017,0.5666666666666667
490,0.023406391715010008,0.022406861806909244,0.9995301524798076,0.023597806692123413,0.45
491,0.025017745420336725,0.0240514550358057,0.9662905136744181,0.02254329062998295,0.4666666666666667
492,0.023625680431723594,0.022715002546707788,0.9106777707735697,0.0248669795691967,0.4666666666666667
493,0.023862076923251152,0.022941663985451062,0.9204130053520203,0.024252815172076225,0.4666666666666667
494,0.022423910163342952,0.021604107258220515,0.8198027690251668,0.0238674134016037,0.6166666666666667
495,0.021952374279499053,0.021172731618086495,0.7796427448590596,0.027807263657450676,0.5
496,0.02342192071179549,0.022526828199625017,0.8950924595197042,0.024751119315624237,0.45
497,0.02707000287870566,0.026185850923260052,0.8841516097386678,0.02958080545067787,0.4666666666666667
498,0.0302483598391215,0.028973750894268353,1.2746087948481242,0.03284946829080582,0.5833333333333334
499,0.02807575141390165,0.027054064845045408,1.0216867407162984,0.03031780757009983,0.45
500,0.023778813580671947,0.022977921987573306,0.8008916894594829,0.024319369345903397,0.5
