epoch,train_loss,rmse_loss,trend_loss,val_rmse,val_trend_acc
0,0.3217572619517644,0.30496791899204256,16.789338556925454,0.15702655911445618,0.48333333333333334
1,0.10453965266545613,0.10029720291495323,4.242449243863423,0.0733904242515564,0.4166666666666667
2,0.06819524715344111,0.06607614234089851,2.119105037053426,0.05828249827027321,0.5833333333333334
3,0.060567723462979,0.0588712769250075,1.6964460213979085,0.06100091710686684,0.43333333333333335
4,0.0588927373290062,0.0574109673500061,1.4817697286605835,0.07037810981273651,0.5333333333333333
5,0.06466170822580655,0.06320644939939181,1.4552596966425577,0.08128977566957474,0.55
6,0.06785398026307424,0.06647176866730055,1.382211931546529,0.07378184050321579,0.4
7,0.05898321618636449,0.05762767419219017,1.3555415391921997,0.05410192906856537,0.5
8,0.057904061675071714,0.056770383318265276,1.1336780746777853,0.07058363407850266,0.5666666666666667
9,0.0602364552517732,0.0588381198545297,1.3983356316884359,0.05751154199242592,0.5166666666666667
10,0.06024200593431791,0.05885217313965162,1.3898333390553792,0.04917757585644722,0.45
11,0.05582175826032956,0.0543687974413236,1.4529606660207113,0.04674346745014191,0.5
12,0.05483669216434161,0.053595222532749176,1.2414693435033162,0.05984152853488922,0.43333333333333335
13,0.057477436711390814,0.05618377476930618,1.2936619122823079,0.05271844193339348,0.48333333333333334
14,0.05519623085856438,0.053971020877361296,1.225210158030192,0.05695671588182449,0.55
15,0.05786923070748647,0.05668271432320277,1.1865168452262878,0.05168623477220535,0.48333333333333334
16,0.05874968046943347,0.05772150456905365,1.0281760454177857,0.07502029836177826,0.5166666666666667
17,0.062300235281387964,0.06105860844254494,1.2416269302368164,0.0666704997420311,0.5166666666666667
18,0.06385899235804876,0.0626434380809466,1.2155553062756856,0.07092070579528809,0.5833333333333334
19,0.06415450225273768,0.06281992743412654,1.3345743656158446,0.055860571563243866,0.5166666666666667
20,0.059790941327810286,0.05853722045818965,1.2537204225858052,0.053113531321287155,0.6333333333333333
21,0.05996516570448875,0.05872979188958804,1.235373862584432,0.05992906913161278,0.55
22,0.06564929087956746,0.0641049881776174,1.5443023443222046,0.059520892798900604,0.6
23,0.06099982013305028,0.05963478833436966,1.3650313854217528,0.07128483057022095,0.5
24,0.058684652547041576,0.05743314748009046,1.2515047947565714,0.06010688096284866,0.5833333333333334
25,0.059921844551960625,0.05864823286732038,1.273611875375112,0.05852750688791275,0.5
26,0.06284515584508578,0.06148754755655925,1.3576080799102783,0.052802570164203644,0.6
27,0.05668243517478307,0.055564158409833905,1.1182775934537252,0.05921191722154617,0.6166666666666667
28,0.061344628036022184,0.060002519935369494,1.3421085596084594,0.05591977387666702,0.5333333333333333
29,0.05506485054890315,0.054031679034233095,1.0331715861956279,0.050652582198381424,0.5833333333333334
30,0.05755906651417415,0.0563382384677728,1.2208277702331543,0.054401297122240067,0.4166666666666667
31,0.056214065104722974,0.05503703529636065,1.1770292361577352,0.054489269852638245,0.5333333333333333
32,0.05939460868636767,0.057889230797688165,1.5053779244422913,0.05510162189602852,0.6166666666666667
33,0.05681327035029729,0.05550286670525869,1.3104031999905905,0.05552994832396507,0.6166666666666667
34,0.053609570612510045,0.05244234005610148,1.1672306696573893,0.053426068276166916,0.5333333333333333
35,0.05544748480121295,0.054033700625101724,1.4137836694717407,0.057458847761154175,0.5166666666666667
36,0.05540878747900327,0.054123621930678684,1.28516552845637,0.054472580552101135,0.55
37,0.05467560663819313,0.053506600111722945,1.1690065344174703,0.05516742914915085,0.65
38,0.054093611985445024,0.052995592604080835,1.0980188727378846,0.053723037242889404,0.5666666666666667
39,0.054395755380392076,0.053345581889152525,1.0501734375953675,0.05109367147088051,0.45
40,0.05567131961385409,0.05456668982903163,1.104629405339559,0.056105345487594604,0.43333333333333335
41,0.060747548937797546,0.059116267661253614,1.6312814235687256,0.06394977867603302,0.65
42,0.060957521200180054,0.05913047318657239,1.8270474433898927,0.058621421456336975,0.55
43,0.055670927216609316,0.054172933598359424,1.4979935169219971,0.0531807504594326,0.6333333333333333
44,0.055069928616285325,0.053772240628798804,1.2976871490478517,0.0512678325176239,0.55
45,0.05317471822102864,0.05210528820753098,1.0694295128186544,0.05484463647007942,0.4
46,0.05485678513844808,0.05378538643320401,1.0713987191518148,0.05794523283839226,0.5666666666666667
47,0.05581113373239835,0.05463762432336807,1.1735091845194499,0.05510872229933739,0.5333333333333333
48,0.055887471139431,0.054656415184338884,1.2310560623804727,0.059146203100681305,0.55
49,0.05258707155783971,0.051458013554414116,1.129058063030243,0.05370622128248215,0.65
50,0.054118839899698894,0.05309087485074997,1.0279647509257,0.056241847574710846,0.5666666666666667
51,0.05411354551712672,0.05304355894525846,1.0699870745340982,0.05428167060017586,0.4666666666666667
52,0.05682546148697535,0.05575051928559939,1.0749422947565714,0.0647074356675148,0.48333333333333334
53,0.0611125056942304,0.059839342286189395,1.2731631875038147,0.05869053676724434,0.6333333333333333
54,0.05862608924508095,0.057334200789531074,1.29188818136851,0.06217144802212715,0.6166666666666667
55,0.05532163605093956,0.05408996045589447,1.2316757917404175,0.05429045855998993,0.55
56,0.05277474696437518,0.051640258232752485,1.1344885349273681,0.06400636583566666,0.5
57,0.05689236695567767,0.05580308859546979,1.0892783721288046,0.05901351198554039,0.5166666666666667
58,0.05590858111778895,0.054681076357762017,1.2275044123331706,0.05147993937134743,0.5
59,0.0538945846259594,0.052855499337116876,1.0390852570533753,0.06197448819875717,0.45
60,0.056875994553168614,0.055541957666476564,1.3340371012687684,0.056841835379600525,0.4
61,0.05653917615612348,0.0552659956117471,1.273180091381073,0.07094869017601013,0.5
62,0.057995774100224176,0.056708246717850366,1.2875275095303853,0.0644509345293045,0.45
63,0.0540890800456206,0.052943192919095355,1.145886731147766,0.05892403796315193,0.5166666666666667
64,0.055612460772196455,0.054584310452143354,1.0281508406003317,0.054169464856386185,0.48333333333333334
65,0.05271966407696406,0.05176882470647494,0.9508391857147217,0.053217869251966476,0.45
66,0.05320945953329404,0.05214610124627749,1.0633588353792827,0.049477338790893555,0.45
67,0.05256603037317594,0.051649674276510876,0.9163558801015218,0.06783310323953629,0.38333333333333336
68,0.055429496616125104,0.05414467031757037,1.2848260720570883,0.0634014904499054,0.5166666666666667
69,0.06667272821068763,0.06537130624055862,1.3014219880104065,0.05994310602545738,0.45
70,0.05514708509047826,0.053723890086015066,1.423195234934489,0.05882742628455162,0.65
71,0.05714550589521726,0.05583450123667717,1.3110043247540792,0.05018283426761627,0.48333333333333334
72,0.05416361888249715,0.052910198271274564,1.253420881430308,0.05856490880250931,0.5
73,0.05668858165542285,0.05541782180468242,1.2707594434420268,0.05722340568900108,0.55
74,0.05494217425584793,0.053712281833092373,1.229892945289612,0.05440633371472359,0.5666666666666667
75,0.05338502575953801,0.052280895163615546,1.1041304310162863,0.05693286657333374,0.5833333333333334
76,0.05395425061384837,0.052956553548574446,0.9976972103118896,0.05278904736042023,0.48333333333333334
77,0.05144179264704386,0.050381438434123994,1.0603542764981588,0.059295404702425,0.5833333333333334
78,0.05478281155228615,0.05363935555020968,1.143455723921458,0.05520283803343773,0.5333333333333333
79,0.05284180268645287,0.051689664274454115,1.1521379868189494,0.059697698801755905,0.6
80,0.05449019372463226,0.053344026456276575,1.1461673458417256,0.057082004845142365,0.5166666666666667
81,0.057497505346934,0.056215332945187886,1.2821727037429809,0.049894217401742935,0.5
82,0.05790717229247093,0.05663555984695753,1.2716120878855388,0.0519995279610157,0.5833333333333334
83,0.05280745973189672,0.05179091567794482,1.0165438175201416,0.054789114743471146,0.38333333333333336
84,0.05133793354034424,0.05019697993993759,1.1409532070159911,0.058093179017305374,0.55
85,0.05646413837869962,0.05528354719281196,1.1805904626846313,0.05802242085337639,0.35
86,0.05949557001392047,0.05807043934861819,1.4251311540603637,0.06729713827371597,0.5166666666666667
87,0.06035795286297798,0.05861475840210915,1.7431943496068318,0.05998155474662781,0.5
88,0.05184798464179039,0.05066334928075473,1.1846351464589437,0.058369725942611694,0.4
89,0.05292963037888209,0.05190061603983243,1.029014488061269,0.04964898154139519,0.5833333333333334
90,0.055263653645912805,0.05412473653753599,1.138916834195455,0.052049435675144196,0.65
91,0.055516462524731955,0.054472031195958455,1.0444313446680704,0.060507215559482574,0.5833333333333334
92,0.056060889114936195,0.054810505857070285,1.250383234024048,0.05723097175359726,0.4166666666666667
93,0.057975021004676816,0.05672746201356252,1.2475586732228596,0.054286811500787735,0.5833333333333334
94,0.05273840402563413,0.0516405646999677,1.0978389859199524,0.05292709171772003,0.55
95,0.051853641867637634,0.05075770616531372,1.0959356705347696,0.052416153252124786,0.45
96,0.051006513585646944,0.04997852320472399,1.0279904842376708,0.061256490647792816,0.5666666666666667
97,0.05597594951589902,0.0548758419851462,1.100107777118683,0.056313976645469666,0.5166666666666667
98,0.05379108240207036,0.05277585163712502,1.015230619907379,0.05644381418824196,0.55
99,0.05778129721681277,0.05642416700720787,1.3571307897567748,0.05685564503073692,0.5
100,0.055948456128438316,0.05462632377942403,1.3221319238344829,0.06412534415721893,0.5333333333333333
101,0.0535673255721728,0.05244357759753863,1.1237484693527222,0.052233949303627014,0.5
102,0.05193310007452965,0.05075089211265246,1.1822076519330342,0.05342629924416542,0.5
103,0.053303179889917375,0.05230857084194819,0.9946089665095011,0.06870716065168381,0.55
104,0.05682729830344518,0.05549648081262906,1.3308173020680745,0.05373247712850571,0.6166666666666667
105,0.05149018640319506,0.05049824491143227,0.9919419328371684,0.06019382178783417,0.6166666666666667
106,0.05368336935838063,0.052537352591753,1.14601674079895,0.04974869638681412,0.36666666666666664
107,0.05287786622842153,0.05167744581898053,1.2004207173983257,0.054096389561891556,0.5333333333333333
108,0.05053804988662402,0.049397383878628416,1.1406659444173177,0.051149751991033554,0.4166666666666667
109,0.05048149774471919,0.04934581195314725,1.1356856544812521,0.05636180564761162,0.38333333333333336
110,0.05426500414808591,0.05312599614262581,1.139007834593455,0.056615930050611496,0.48333333333333334
111,0.05603238145510356,0.05484378561377525,1.1885960618654887,0.06034122779965401,0.38333333333333336
112,0.05419395466645559,0.05287823254863421,1.3157220641771952,0.05330957844853401,0.43333333333333335
113,0.0528835562368234,0.051767219851414366,1.1163362264633179,0.047805290669202805,0.5
114,0.05181689684589704,0.05074509009718895,1.071806514263153,0.051525767892599106,0.5166666666666667
115,0.05017877717812856,0.04924654439091682,0.932232936223348,0.053377289324998856,0.4666666666666667
116,0.05165739580988884,0.050560425221920016,1.0969701250394186,0.051087573170661926,0.5
117,0.06060335884491603,0.0592147188882033,1.3886400183041891,0.06240609288215637,0.4
118,0.052942068129777906,0.05167751262585322,1.2645554423332215,0.050481364130973816,0.65
119,0.05202496523658435,0.05098458354671796,1.0403815666834513,0.0634903833270073,0.6166666666666667
120,0.054027739663918814,0.052873747299114864,1.153991989294688,0.05155250430107117,0.45
121,0.053033007929722466,0.05201236704985301,1.020640742778778,0.04943113774061203,0.5666666666666667
122,0.05269447813431422,0.05165106877684593,1.0434090415636699,0.05813722684979439,0.55
123,0.053563353667656584,0.05226205190022786,1.301302174727122,0.050699591636657715,0.4666666666666667
124,0.051070397595564525,0.049942107995351155,1.1282895843187968,0.05655531957745552,0.4666666666666667
125,0.05617736056447029,0.05501179421941439,1.1655666748682658,0.05202361196279526,0.5833333333333334
126,0.05347922916213672,0.052217643707990646,1.2615853627522786,0.0548892505466938,0.48333333333333334
127,0.05544819037119548,0.05410499150554339,1.3431989510854085,0.060544464737176895,0.38333333333333336
128,0.05284748524427414,0.05151655450463295,1.330931337674459,0.051131390035152435,0.5333333333333333
129,0.051875201612710954,0.05081297407547633,1.0622273325920104,0.0548536442220211,0.6166666666666667
130,0.05318386356035868,0.05218720411260923,0.9966597278912862,0.05127527937293053,0.5333333333333333
131,0.05262848635514577,0.051662672062714896,0.9658143083254497,0.0605386421084404,0.43333333333333335
132,0.05473593225081762,0.05357613762219747,1.1597947915395102,0.057394880801439285,0.5333333333333333
133,0.05145145679513614,0.050377451628446576,1.0740052262941997,0.057185035198926926,0.43333333333333335
134,0.05465232233206431,0.0534124585489432,1.239864420890808,0.054658278822898865,0.4166666666666667
135,0.05324926003813744,0.05217717935641607,1.0720805684725443,0.05471426993608475,0.45
136,0.05242279668649038,0.051428092271089555,0.9947044491767884,0.05933694913983345,0.4666666666666667
137,0.052135514467954634,0.051108288516600923,1.0272262891133626,0.05274752154946327,0.6
138,0.055596449474493666,0.05459687908490499,0.9995703339576721,0.050991032272577286,0.5166666666666667
139,0.05510374084115029,0.05403167928258578,1.0720614870389302,0.055249836295843124,0.6
140,0.05283488407731056,0.051535940666993456,1.2989434639612834,0.05270426720380783,0.6166666666666667
141,0.05257485980788867,0.05146443396806717,1.1104257146517436,0.05132198706269264,0.5333333333333333
142,0.051412040491898854,0.050366969654957454,1.0450708746910096,0.049991413950920105,0.55
143,0.05064463739593824,0.04967510799566905,0.9695294698079427,0.05184333026409149,0.5666666666666667
144,0.052928415685892106,0.05141020938754082,1.5182055791219076,0.055108439177274704,0.5666666666666667
145,0.05160409758488337,0.050437081356843314,1.1670162359873453,0.057377010583877563,0.6
146,0.053558941433827084,0.05255713611841202,1.0018052935600281,0.052844129502773285,0.4
147,0.05174467464288076,0.05071842670440674,1.0262482007344564,0.05228564143180847,0.5166666666666667
148,0.05213517223795255,0.051161831617355345,0.9733406941095988,0.0538356713950634,0.38333333333333336
149,0.0503580629825592,0.04947279294331868,0.8852697730064392,0.05776003375649452,0.5833333333333334
150,0.05222743327418963,0.05109850416580836,1.1289297183354696,0.05897194519639015,0.6
151,0.05720208461085955,0.05591435035069783,1.287734599908193,0.06023731827735901,0.5333333333333333
152,0.05654916589458783,0.05534990479548772,1.1992607474327088,0.06102755665779114,0.4166666666666667
153,0.05393626516064008,0.05258974656462669,1.3465190609296163,0.05033944174647331,0.4166666666666667
154,0.051711536447207135,0.05060133611162503,1.1101999441782633,0.056334201246500015,0.6166666666666667
155,0.05577621683478355,0.054600293189287184,1.1759236971537272,0.04956949129700661,0.5666666666666667
156,0.05293093944589297,0.05186647226413091,1.064467732111613,0.057174284011125565,0.6
157,0.053095576663812004,0.05191899761557579,1.176579491297404,0.053101979196071625,0.4666666666666667
158,0.05248271748423576,0.051292375475168225,1.1903418223063151,0.0499597042798996,0.45
159,0.05420417884985606,0.053053566813468934,1.1506120840708414,0.05360986664891243,0.4
160,0.05049495324492455,0.049441893398761746,1.053059975306193,0.052357371896505356,0.45
161,0.05150781919558843,0.05055916234850884,0.9486569007237752,0.054891448467969894,0.6
162,0.05303755179047585,0.05197869216402372,1.0588601311047872,0.055573899298906326,0.5833333333333334
163,0.053415617595116295,0.05216712256272634,1.2484951734542846,0.049870096147060394,0.6166666666666667
164,0.04973087509473165,0.048677147924900056,1.0537270387013753,0.05113839730620384,0.48333333333333334
165,0.052912587672472,0.05168706178665161,1.2255251208941143,0.05081925541162491,0.45
166,0.049088383962710695,0.048156125098466875,0.9322586456934611,0.05125062167644501,0.55
167,0.05042551209529241,0.049382237096627556,1.0432754437128702,0.05509882792830467,0.4666666666666667
168,0.05511872246861458,0.05404682507117589,1.0718973557154337,0.06365345418453217,0.43333333333333335
169,0.05465171659986178,0.053554599483807884,1.0971169948577881,0.06211607903242111,0.5333333333333333
170,0.05383511433998744,0.052729079872369765,1.106034247080485,0.05066634714603424,0.6166666666666667
171,0.050702336430549624,0.049645011375347776,1.0573250770568847,0.05463559180498123,0.6166666666666667
172,0.05037763168414434,0.04934307560324669,1.0345557411511739,0.054370056837797165,0.55
173,0.050656554351250334,0.04963841984669368,1.018134613831838,0.05200527608394623,0.48333333333333334
174,0.05099491501847903,0.0500278706351916,0.9670447627703349,0.053015951067209244,0.5166666666666667
175,0.049795084943374,0.048742876201868054,1.0522085865338644,0.06265465170145035,0.55
176,0.055675981442133586,0.054401967922846475,1.2740131656328837,0.05601372942328453,0.55
177,0.05263157809774081,0.05153796821832657,1.0936091144879658,0.05184117332100868,0.6333333333333333
178,0.05231318200627963,0.05122872640689214,1.0844548066457114,0.05305712670087814,0.6333333333333333
179,0.050657896945873894,0.04963174636165301,1.0261505683263143,0.05735252425074577,0.6166666666666667
180,0.04959127654631933,0.048618995646635695,0.9722813566525778,0.052214447408914566,0.5166666666666667
181,0.04941152359048526,0.048478227108716965,0.9332965890566508,0.05077919736504555,0.4666666666666667
182,0.05109075531363487,0.05023380940159162,0.8569455862045288,0.0498507097363472,0.45
183,0.05140115370353063,0.05044074902931849,0.9604042450586955,0.05089205875992775,0.38333333333333336
184,0.053679923464854555,0.052572295814752576,1.1076274434725444,0.05863581970334053,0.48333333333333334
185,0.05075128649671872,0.04973242481549581,1.0188615918159485,0.05126936733722687,0.5833333333333334
186,0.04950803890824318,0.048460682233174644,1.0473572492599488,0.050841376185417175,0.43333333333333335
187,0.05219649150967598,0.05107076490918795,1.125726596514384,0.05731728672981262,0.38333333333333336
188,0.05205957392851512,0.050864758590857186,1.1948148369789124,0.04962996020913124,0.5
189,0.05002121527989705,0.04904745643337568,0.9737589200337727,0.05258520692586899,0.5333333333333333
190,0.05023998742302259,0.04914799854159355,1.0919885238011677,0.05394409969449043,0.55
191,0.05245460097988446,0.05132857362429301,1.126027512550354,0.051880430430173874,0.5333333333333333
192,0.05047112827499708,0.049441007028023405,1.0301213026046754,0.050416249781847,0.43333333333333335
193,0.05139211714267731,0.0503053476413091,1.086769159634908,0.049919404089450836,0.6
194,0.05140126819411914,0.05019440054893494,1.2068679531415303,0.059470947831869125,0.55
195,0.05669144218166669,0.05548022761940956,1.2112150073051453,0.05947333574295044,0.45
196,0.054569803675015766,0.05340028703212738,1.1695159475008647,0.05453917011618614,0.6
197,0.05245507632692655,0.05142671888073285,1.0283565481503805,0.05089692398905754,0.4
198,0.049942452212174734,0.04889638498425484,1.046067508061727,0.050869014114141464,0.45
199,0.05307244459788005,0.05206884617606799,1.0035982251167297,0.05511320009827614,0.45
200,0.05366607755422592,0.052557075023651124,1.1090024948120116,0.05361691117286682,0.48333333333333334
201,0.049765636771917345,0.048868211607138314,0.8974253296852112,0.05184337869286537,0.6333333333333333
202,0.050207474082708356,0.04925097227096557,0.9565015077590943,0.0544162280857563,0.48333333333333334
203,0.051965935279925664,0.050947563350200654,1.0183720231056212,0.051564838737249374,0.5166666666666667
204,0.05089594622453054,0.04977898399035136,1.1169623931248982,0.05670226737856865,0.5166666666666667
205,0.05182253122329712,0.05063229749600093,1.1902334252993265,0.054182469844818115,0.5833333333333334
206,0.05289616659283638,0.051722012211879095,1.1741533954938252,0.05011483654379845,0.6
207,0.05057494739691416,0.0495559128622214,1.0190344373385112,0.05149165913462639,0.5333333333333333
208,0.054790641615788144,0.05350635051727295,1.2842911680539448,0.05838507041335106,0.5333333333333333
209,0.05214307680726051,0.05087820639212926,1.2648704051971436,0.05151935666799545,0.45
210,0.05137674783666928,0.050255145877599716,1.1216022650400796,0.04881296306848526,0.6333333333333333
211,0.05487009013692538,0.05386947567264239,1.0006147384643556,0.05226689949631691,0.5666666666666667
212,0.05635307158033053,0.05506997754176458,1.2830937425295512,0.06120048835873604,0.5666666666666667
213,0.05558566649754842,0.05436348468065262,1.2221821029980977,0.05285384878516197,0.5666666666666667
214,0.04987706368168195,0.048934342712163924,0.942720894018809,0.055133651942014694,0.6
215,0.0504713699221611,0.04938949743906657,1.081872578461965,0.05443524941802025,0.5166666666666667
216,0.05185623442133268,0.05073832745353381,1.1179070870081584,0.049676451832056046,0.5666666666666667
217,0.048739517976840334,0.047850373884042105,0.8891438007354736,0.05058281868696213,0.55
218,0.05664743408560753,0.0555133211115996,1.1341131250063579,0.05287373811006546,0.65
219,0.05760190859436989,0.05635387400786082,1.2480346361796062,0.051855362951755524,0.5
220,0.049800505737463634,0.048818222930034,0.982282833258311,0.04971526935696602,0.5666666666666667
221,0.05135351543625196,0.05010607490936915,1.2474397857983908,0.0544157437980175,0.45
222,0.05242140044768651,0.05108103503783544,1.3403649965922038,0.05444485321640968,0.4666666666666667
223,0.050727709134419756,0.049618806193272275,1.1089031060536703,0.054766617715358734,0.6333333333333333
224,0.05124247620503108,0.0502650648355484,0.9774111628532409,0.0549883171916008,0.6333333333333333
225,0.05451755523681641,0.05335926314194997,1.1582920869191489,0.053070418536663055,0.5166666666666667
226,0.051953849693139396,0.050904880712429684,1.0489692131678263,0.05156416445970535,0.6
227,0.051388138284285866,0.050436358402172726,0.9517798662185669,0.05511181801557541,0.65
228,0.05264572898546855,0.051572051892677946,1.0736772497495015,0.05362800508737564,0.65
229,0.04969342872500419,0.04870274836818377,0.990680464108785,0.053834814578294754,0.4666666666666667
230,0.04929796035091082,0.04814273118972778,1.1552289048830668,0.05523532256484032,0.5333333333333333
231,0.049747950335343676,0.04881868561108907,0.9292647083600362,0.05078022554516792,0.55
232,0.048373037576675416,0.04742459133267403,0.9484462221463521,0.05363461375236511,0.3333333333333333
233,0.05128290181358655,0.05020639921228091,1.0765028516451518,0.052719395607709885,0.6
234,0.049003980308771136,0.04809064343571663,0.9133365472157796,0.04883831739425659,0.5833333333333334
235,0.04797069989144802,0.04705396071076393,0.9167393724123637,0.0576932430267334,0.6166666666666667
236,0.050156615177790326,0.04904507026076317,1.1115448673566182,0.0545131154358387,0.65
237,0.05143041089177132,0.050258260468641916,1.1721506635348002,0.0499555841088295,0.48333333333333334
238,0.050484914580980936,0.04946364089846611,1.0212737003962198,0.04911206290125847,0.38333333333333336
239,0.04922944108645121,0.048199261724948886,1.0301793615023296,0.05198464170098305,0.55
240,0.050953520089387895,0.049905283252398173,1.048236644268036,0.05632950738072395,0.5333333333333333
241,0.050357489039500554,0.04928721090157827,1.0702781319618224,0.055779535323381424,0.4666666666666667
242,0.05275914147496223,0.05169244060913722,1.0667009552319844,0.061117928475141525,0.5166666666666667
243,0.048556561768054965,0.04751070539156596,1.0458561460177103,0.05003715306520462,0.4666666666666667
244,0.05252621248364449,0.051284592350323996,1.2416201909383138,0.05501572787761688,0.38333333333333336
245,0.04984555939833323,0.04868212938308716,1.1634300072987875,0.04920050874352455,0.5833333333333334
246,0.05427898193399112,0.053227249532938004,1.051732317606608,0.06211068108677864,0.6
247,0.053872896979252495,0.052705347537994385,1.1675490895907084,0.06299714744091034,0.55
248,0.05024699966112773,0.04916255573431651,1.0844438791275024,0.05401783064007759,0.5333333333333333
249,0.050091440230607985,0.04911617711186409,0.9752630074818929,0.051706984639167786,0.5833333333333334
250,0.048647030939658484,0.04774813776214917,0.8988930225372315,0.05439374968409538,0.4
251,0.04899017885327339,0.047946528842051826,1.0436499158541361,0.06051062047481537,0.6
252,0.049468602240085605,0.0485637200375398,0.9048818270365397,0.05178389325737953,0.65
253,0.04899187038342158,0.04800243526697159,0.9894352833429972,0.051837533712387085,0.48333333333333334
254,0.04989947080612182,0.04900070031483968,0.8987706899642944,0.05132158100605011,0.38333333333333336
255,0.05347891499598821,0.05236921360095342,1.1097015380859374,0.050396837294101715,0.43333333333333335
256,0.04995259766777357,0.04887618546684583,1.0764123439788817,0.05257505923509598,0.6166666666666667
257,0.05020550141731898,0.04903046116232872,1.1750399510065714,0.058535072952508926,0.5333333333333333
258,0.04968119151890278,0.048694189886252084,0.9870015382766724,0.059347234666347504,0.6333333333333333
259,0.05206497485438983,0.05120048845807711,0.8644863486289978,0.05245901644229889,0.6166666666666667
260,0.04896508107582728,0.04802330682675044,0.941774825255076,0.05479659512639046,0.5333333333333333
261,0.05235460748275121,0.051236445705095925,1.118161936601003,0.0505279004573822,0.38333333333333336
262,0.05038950865467389,0.04929976388812065,1.0897451996803285,0.05164897069334984,0.55
263,0.05086282690366109,0.04990435068806012,0.9584760586420695,0.05044284835457802,0.43333333333333335
264,0.04919779871900876,0.04806899478038152,1.128804075717926,0.054804250597953796,0.6333333333333333
265,0.054339026908079784,0.05303117359677951,1.3078532894452413,0.04863770678639412,0.6166666666666667
266,0.04992983763416608,0.04882616698741913,1.103670605023702,0.05161677673459053,0.55
267,0.048532385379076004,0.04762618318200111,0.9062025388081868,0.056487053632736206,0.55
268,0.05244311342636744,0.051263364404439925,1.1797492822011313,0.05285486951470375,0.6
269,0.05068623075882594,0.04962001790603002,1.0662132223447165,0.07001356035470963,0.48333333333333334
270,0.05435132384300232,0.0529439481596152,1.40737593571345,0.04915213957428932,0.5666666666666667
271,0.048833003640174864,0.04778311873475711,1.0498854557673136,0.05434670299291611,0.6166666666666667
272,0.04920881936947505,0.04813696046670278,1.0718582669893901,0.055307358503341675,0.5666666666666667
273,0.050321069359779355,0.04908312087257703,1.2379483302434287,0.06868896633386612,0.5
274,0.05382333646217982,0.05267836302518845,1.1449731667836507,0.05266795679926872,0.55
275,0.048270152012507124,0.04734887704253197,0.9212753732999166,0.05147133395075798,0.5666666666666667
276,0.05016740411520004,0.04920660456021627,0.9607991814613343,0.050616245716810226,0.5833333333333334
277,0.05134861841797829,0.05012175713976224,1.2268611868222554,0.059095580130815506,0.5
278,0.05250603233774503,0.05151109844446182,0.994933529694875,0.048946280032396317,0.45
279,0.04785946880777677,0.04696007693807284,0.8993915319442749,0.0538325160741806,0.4666666666666667
280,0.04769336208701134,0.04677999516328176,0.9133665402730305,0.05579077824950218,0.5333333333333333
281,0.05078414902091026,0.04965890223781268,1.1252466956774394,0.05078870803117752,0.6
282,0.05122670630613963,0.05005059490601222,1.1761114835739135,0.05333356559276581,0.5166666666666667
283,0.05099986394246419,0.04993987108270327,1.0599930961926778,0.05352146923542023,0.48333333333333334
284,0.0475285105407238,0.04654348467787107,0.9850261529286702,0.05131033807992935,0.5666666666666667
285,0.04859083518385887,0.04764792049924533,0.9429140090942383,0.05070430040359497,0.5166666666666667
286,0.04949770147601763,0.04857514748970668,0.9225541710853576,0.060774318873882294,0.5166666666666667
287,0.05183497468630473,0.05080621913075447,1.0287554820378622,0.06221437826752663,0.48333333333333334
288,0.05172842120130857,0.05059343079725901,1.1349898417790731,0.047334570437669754,0.6
289,0.04835187494754791,0.047486747801303866,0.8651276350021362,0.05278274789452553,0.4166666666666667
290,0.04927022804816564,0.04833927725752195,0.930950649579366,0.05205151066184044,0.5
291,0.04906610573331515,0.048068034648895266,0.9980711778004964,0.05015488341450691,0.4666666666666667
292,0.04732068926095963,0.04646045540769895,0.8602338631947836,0.059731148183345795,0.6166666666666667
293,0.05233870297670364,0.05113624508182208,1.2024581631024678,0.051967211067676544,0.6
294,0.05182097281018893,0.05067942440509796,1.1415484388669332,0.0554618239402771,0.5166666666666667
295,0.049537949512402216,0.04835893015066783,1.179019280274709,0.055914055556058884,0.55
296,0.04857180640101433,0.04753604605793953,1.0357598940531412,0.051026925444602966,0.55
297,0.04836030825972557,0.047430162131786344,0.9301455855369568,0.05352235585451126,0.43333333333333335
298,0.04821384300788244,0.04728252341349919,0.9313197056452434,0.049055349081754684,0.5
299,0.04832801297307014,0.04745958596467972,0.8684272686640422,0.060337092727422714,0.4166666666666667
300,0.0519248532752196,0.050725977122783664,1.1988763809204102,0.05337962135672569,0.6166666666666667
301,0.05388534863789876,0.05262661303083102,1.2587356090545654,0.05546002835035324,0.55
302,0.051656339317560196,0.05044621055324872,1.2101285854975383,0.05649293586611748,0.38333333333333336
303,0.05149132559696833,0.050165351231892905,1.325974440574646,0.06243555247783661,0.5166666666666667
304,0.05134181355436643,0.04997191106279691,1.3699020981788634,0.04816208779811859,0.5666666666666667
305,0.04830706318219503,0.047373131414254505,0.9339317003885905,0.050488363951444626,0.5333333333333333
306,0.04589021106561025,0.044907350838184354,0.9828601360321045,0.05021677538752556,0.45
307,0.04863333702087402,0.04751541738708814,1.1179194649060566,0.0493679940700531,0.45
308,0.05311563337842624,0.05200967291990916,1.1059597810109456,0.05459350347518921,0.5
309,0.054991534103949864,0.053983960300683975,1.0075735807418824,0.05236624926328659,0.5333333333333333
310,0.049552399292588235,0.048487112919489546,1.0652862509091696,0.05128326639533043,0.5166666666666667
311,0.04923266246914863,0.048241121073563896,0.9915412108103434,0.05233485996723175,0.6166666666666667
312,0.04620821538070838,0.04531230243543784,0.8959129969278972,0.058190472424030304,0.6333333333333333
313,0.05028300161163012,0.04931900799274445,0.963994042078654,0.051402099430561066,0.5166666666666667
314,0.05493471572796504,0.05388343632221222,1.051278571287791,0.050223659723997116,0.45
315,0.048804856340090436,0.047604791323343915,1.20006529490153,0.05133628472685814,0.5666666666666667
316,0.047210306177536646,0.04624421422680219,0.9660922408103942,0.05343399569392204,0.48333333333333334
317,0.049083525935808815,0.04803183923165003,1.051686990261078,0.06331970542669296,0.5666666666666667
318,0.054513942698637644,0.05316990862290064,1.344034194946289,0.05999280512332916,0.4166666666666667
319,0.05036107103029887,0.049135810881853106,1.225259494781494,0.048893723636865616,0.6166666666666667
320,0.05233520319064458,0.05128438969453176,1.0508137345314026,0.061425983905792236,0.5666666666666667
321,0.05257234250505765,0.05142250607411067,1.1498356580734252,0.051603808999061584,0.5166666666666667
322,0.050151533385117845,0.049118645737568536,1.0328870177268983,0.04993147775530815,0.43333333333333335
323,0.047275623927513756,0.04631487081448237,0.9607533693313599,0.05101136118173599,0.48333333333333334
324,0.04736813927690188,0.04645623415708542,0.9119055390357971,0.05719631165266037,0.4666666666666667
325,0.049232145150502525,0.04822825441757838,1.0038908839225769,0.05237996205687523,0.5666666666666667
326,0.05248245547215144,0.05141336396336556,1.0690916260083516,0.0563126876950264,0.5
327,0.05381579995155335,0.052362221231063204,1.4535784681638082,0.05367891862988472,0.55
328,0.05132335672775904,0.049803343663613005,1.5200129588445028,0.04990650340914726,0.5
329,0.05247998808821042,0.05118922541538874,1.2907625834147136,0.05434059351682663,0.43333333333333335
330,0.0521865909298261,0.050997595737377804,1.188995067278544,0.05329936370253563,0.45
331,0.04942600776751836,0.04852002635598183,0.9059816400210062,0.05341845378279686,0.5166666666666667
332,0.04936177333196004,0.048444029937187834,0.9177437742551168,0.061577875167131424,0.5833333333333334
333,0.050007585684458414,0.049123963713645934,0.8836220026016235,0.05810932815074921,0.5
334,0.0476045956214269,0.04671835054953893,0.8862450202306111,0.046760380268096924,0.5166666666666667
335,0.047002176443735756,0.046085738390684125,0.9164379676183064,0.05199027433991432,0.55
336,0.04866875136892001,0.047649184117714564,1.0195679545402527,0.049153830856084824,0.48333333333333334
337,0.04910444741447766,0.04790665184458097,1.1977951089541117,0.05064358562231064,0.48333333333333334
338,0.048946889489889144,0.04787200515468915,1.0748841842015584,0.04928011819720268,0.48333333333333334
339,0.04950510039925575,0.04830969745914141,1.1954032222429911,0.051806043833494186,0.6833333333333333
340,0.04967624892791112,0.04865063081185023,1.0256179253260294,0.049740687012672424,0.55
341,0.04718606074651082,0.04613529940446218,1.0507609764734904,0.04862622916698456,0.6
342,0.0476323626935482,0.04663970023393631,0.9926627318064372,0.05226045101881027,0.5333333333333333
343,0.04664364630977313,0.0457726214081049,0.8710253437360128,0.05330117419362068,0.5166666666666667
344,0.04920787165562312,0.04804875502983729,1.1591166774431865,0.05260632932186127,0.4666666666666667
345,0.05045621270934741,0.048802633335192996,1.6535790761311848,0.04928429797291756,0.45
346,0.04810659761230151,0.04702678894003232,1.0798089543978373,0.05028334632515907,0.45
347,0.04804011235634486,0.04706481049458186,0.9753019253412882,0.05404554679989815,0.38333333333333336
348,0.04707864349087079,0.046102701251705486,0.9759422898292541,0.048881687223911285,0.48333333333333334
349,0.04533100302020709,0.04454225972294808,0.7887431740760803,0.05232904478907585,0.4666666666666667
350,0.047449599703152975,0.04649607166647911,0.9535277088483175,0.05777227506041527,0.5166666666666667
351,0.05108408952752749,0.05010495881239573,0.9791306972503662,0.049277164041996,0.5
352,0.048717140406370166,0.047782110919555025,0.9350298245747884,0.05311623588204384,0.5333333333333333
353,0.04831661184628804,0.0473260169227918,0.9905948360761007,0.0475078746676445,0.6166666666666667
354,0.05142927095293999,0.05050041601061821,0.9288544575373332,0.060794081538915634,0.4166666666666667
355,0.05284884721040726,0.05172081862886747,1.12802894115448,0.05176685377955437,0.55
356,0.05253251244624456,0.05135902091860771,1.1734916726748148,0.05007806420326233,0.55
357,0.0464743676284949,0.045562238742907844,0.9121286948521932,0.050738152116537094,0.4666666666666667
358,0.04842220072944959,0.04743093773722649,0.9912628094355266,0.05748753622174263,0.5333333333333333
359,0.05302672286828359,0.05198186337947845,1.0448587894439698,0.05453101545572281,0.55
360,0.05242182364066442,0.05099269201358159,1.429131571451823,0.05467189475893974,0.6166666666666667
361,0.05052500466505686,0.04935345103343328,1.1715534567832946,0.053202468901872635,0.6333333333333333
362,0.04876596877972285,0.047825096547603606,0.9408723433812459,0.059674132615327835,0.6166666666666667
363,0.047685471922159196,0.04668770357966423,0.9977678219477336,0.04986032098531723,0.6333333333333333
364,0.04870288595557213,0.04775598223010699,0.9469038764635722,0.05537926405668259,0.4666666666666667
365,0.0510259784758091,0.05012806157271067,0.8979165593783061,0.060718171298503876,0.5
366,0.050569046288728714,0.04945060064395269,1.1184459010759988,0.05369318649172783,0.4166666666666667
367,0.048438918838898344,0.047271929184595746,1.166989302635193,0.052240289747714996,0.36666666666666664
368,0.0477724201977253,0.04671598672866821,1.0564330220222473,0.053394246846437454,0.6
369,0.050330138951539996,0.04916126603881518,1.168873393535614,0.052580177783966064,0.45
370,0.047780158619085945,0.0466356448829174,1.1445130268732706,0.05382974445819855,0.43333333333333335
371,0.04621080632011096,0.04530273030201594,0.9080763657887777,0.05251935124397278,0.55
372,0.046779765437046684,0.04580862199266752,0.9711436033248901,0.05124104022979736,0.5
373,0.050792293002208076,0.04974779710173607,1.0444959243138632,0.05897972360253334,0.5
374,0.050398789594570795,0.0492584154009819,1.140373667081197,0.05106643587350845,0.65
375,0.04684523170193036,0.04591051141421,0.9347208579381306,0.05174511298537254,0.6666666666666666
376,0.04839306150873502,0.04742182145516078,0.9712397654851278,0.05299689993262291,0.5666666666666667
377,0.05376886998613675,0.05280921223262946,0.9596580982208252,0.05632912367582321,0.5833333333333334
378,0.049863218019406,0.048718210061391196,1.1450079798698425,0.05698632076382637,0.5833333333333334
379,0.05061261256535848,0.04964488744735718,0.967725133895874,0.04804360866546631,0.5666666666666667
380,0.04707168862223625,0.04618121162056923,0.8904765327771504,0.056603651493787766,0.5166666666666667
381,0.048357925315697985,0.04748282904426257,0.8750961025555929,0.06291761249303818,0.5166666666666667
382,0.053358904520670575,0.05224234610795975,1.1165579994519552,0.05280926823616028,0.4666666666666667
383,0.04573512425025304,0.04485832154750824,0.8768025795618694,0.06912431865930557,0.45
384,0.04946549298862616,0.048492036884029706,0.9734559496243794,0.053721509873867035,0.45
385,0.045862716933091484,0.04486191396911939,1.0008032282193502,0.05153229460120201,0.45
386,0.0486232894162337,0.0475338709851106,1.0894182324409485,0.05720055475831032,0.35
387,0.05058002049724261,0.04952535331249237,1.054667075475057,0.06002397462725639,0.4166666666666667
388,0.046903797735770546,0.046015093475580214,0.8887041330337524,0.04930919036269188,0.4666666666666667
389,0.04430092747012774,0.0434835580488046,0.8173696637153626,0.053861189633607864,0.48333333333333334
390,0.04872048099835714,0.047663946201403934,1.0565349102020263,0.056092116981744766,0.6166666666666667
391,0.05039812525113423,0.04927585025628408,1.1222746610641479,0.051290493458509445,0.5333333333333333
392,0.047218015789985655,0.04631627971927325,0.9017362674077352,0.05939410254359245,0.48333333333333334
393,0.049573326607545216,0.04837824429074923,1.1950823624928792,0.052711665630340576,0.6166666666666667
394,0.04974460676312446,0.048789923638105394,0.9546830375989278,0.04900343716144562,0.45
395,0.04875393609205882,0.04794735958178838,0.8065757910410564,0.053677648305892944,0.65
396,0.04644126916925113,0.04556604102253914,0.8752282977104187,0.06646991521120071,0.4666666666666667
397,0.05527752240498861,0.05401684045791626,1.2606814622879028,0.04910410940647125,0.55
398,0.049450446665287015,0.048432099322477974,1.01834690173467,0.05837342143058777,0.5
399,0.049562744051218036,0.048309212923049925,1.2535309672355652,0.04969940334558487,0.5
400,0.04602693443497022,0.045151588320732114,0.8753460248311361,0.05834922194480896,0.5333333333333333
401,0.04811404223243396,0.04725402022401492,0.8600218256314596,0.056179530918598175,0.48333333333333334
402,0.04720273017883301,0.04632370000084241,0.8790307323137919,0.06843628734350204,0.55
403,0.05334049885471662,0.05221238483985265,1.1281136711438497,0.0557580441236496,0.5
404,0.04704904208580653,0.046076906472444536,0.9721356391906738,0.057605963200330734,0.55
405,0.05237527216474215,0.05124628444512685,1.1289877772331238,0.0512026883661747,0.5166666666666667
406,0.046601224690675735,0.045629957566658656,0.9712671518325806,0.05193030834197998,0.4666666666666667
407,0.05156077320377032,0.05042374804615975,1.1370251576105754,0.05329681932926178,0.5166666666666667
408,0.048213013509909315,0.04713162270685037,1.0813909888267517,0.052725911140441895,0.4666666666666667
409,0.046306027968724565,0.045359031607707344,0.9469965934753418,0.04984835162758827,0.6166666666666667
410,0.047964416444301605,0.046889750907818474,1.0746653954188028,0.05499644950032234,0.55
411,0.051488711933294934,0.05026839127143224,1.2203205863634745,0.05572010576725006,0.5666666666666667
412,0.04755830292900403,0.04643916686375936,1.1191365083058675,0.050371963530778885,0.48333333333333334
413,0.047424615174531934,0.046583087742328645,0.8415273507436116,0.05360863357782364,0.6166666666666667
414,0.04755682821075122,0.046644806116819384,0.912021807829539,0.055010490119457245,0.6166666666666667
415,0.04888060688972473,0.047865717113018035,1.014889625708262,0.055254288017749786,0.6166666666666667
416,0.04839375043908755,0.04739886944492658,0.9948812484741211,0.05031539499759674,0.5833333333333334
417,0.0491271602610747,0.04808145761489868,1.0457029223442078,0.056521061807870865,0.5166666666666667
418,0.04729111244281133,0.04616742109258969,1.1236912608146667,0.05096755549311638,0.6166666666666667
419,0.04696922053893407,0.045932489136854805,1.0367314259211222,0.04999978467822075,0.6166666666666667
420,0.04762767528494199,0.046608057866493864,1.019617001215617,0.054383330047130585,0.5
421,0.0462059718867143,0.04517874519030253,1.0272269566853842,0.04768083244562149,0.48333333333333334
422,0.04805017982920011,0.04709452266494433,0.9556567390759786,0.052909668534994125,0.6166666666666667
423,0.04737160118917624,0.04643305763602257,0.9385435581207275,0.04967476427555084,0.55
424,0.049426042040189105,0.048384456584850945,1.041585624217987,0.056015368551015854,0.5666666666666667
425,0.048100087543328604,0.046885350594917934,1.2147363464037577,0.049008723348379135,0.4666666666666667
426,0.04568279633919398,0.044723420838514966,0.9593754847844441,0.05121251568198204,0.48333333333333334
427,0.044190297772487,0.043409161766370136,0.7811364372571309,0.05033358559012413,0.4666666666666667
428,0.044674619535605115,0.04378385916352272,0.8907600998878479,0.04977608472108841,0.4666666666666667
429,0.04632017090916633,0.04544409414132436,0.8760770201683045,0.04934205114841461,0.4666666666666667
430,0.04489110435048739,0.04408104059596856,0.8100640654563904,0.05122077837586403,0.4166666666666667
431,0.047559165954589845,0.046663675208886465,0.8954899072647095,0.0521884523332119,0.4666666666666667
432,0.04870084002614021,0.04768138031164805,1.0194600303967793,0.054480958729982376,0.48333333333333334
433,0.04708034073313077,0.04602529903252919,1.0550420006116232,0.04995790868997574,0.43333333333333335
434,0.044192493458588916,0.043343488872051236,0.8490047732988993,0.04944735765457153,0.4666666666666667
435,0.04569275627533595,0.0448406438032786,0.852112090587616,0.0528472438454628,0.55
436,0.04667614872256915,0.04571506604552269,0.9610824584960938,0.05108759179711342,0.45
437,0.045680825412273404,0.04482803667585055,0.85278822183609,0.05581950396299362,0.5166666666666667
438,0.04820198764403661,0.047138119985659914,1.0638676404953002,0.05620201304554939,0.5
439,0.05023874218265215,0.04899148220817248,1.2472599307696024,0.05176818370819092,0.6
440,0.04702386831243833,0.04616216272115707,0.8617056767145793,0.05292646959424019,0.45
441,0.04675995136300723,0.045790748298168184,0.9692030032475789,0.051668014377355576,0.45
442,0.0429958701133728,0.0421946590145429,0.8012111902236938,0.049862515181303024,0.43333333333333335
443,0.04568222016096115,0.0448585328956445,0.8236872116724651,0.05263374000787735,0.4166666666666667
444,0.048143688837687174,0.047173195208112396,0.9704936583836873,0.05369696393609047,0.4166666666666667
445,0.04686462978521983,0.045874252915382385,0.9903767188390096,0.05226636305451393,0.5166666666666667
446,0.047839475174744926,0.04686948259671529,0.9699926098187764,0.056896310299634933,0.45
447,0.047476715346177416,0.04640023683508237,1.0764785448710124,0.06027020886540413,0.48333333333333334
448,0.04820887744426727,0.04729120781024297,0.9176702578862508,0.054023340344429016,0.6
449,0.04924086307485898,0.048331734786431,0.9091282804807027,0.05079607665538788,0.5166666666666667
450,0.04505058055122693,0.0442707784473896,0.7798020005226135,0.04838797077536583,0.5333333333333333
451,0.04646105567614237,0.045652068903048834,0.8089869618415833,0.057773325592279434,0.5
452,0.04957636296749115,0.0486369344095389,0.9394287308057149,0.0640311986207962,0.55
453,0.05184857621788978,0.05085794652501742,0.9906297445297241,0.05566667392849922,0.45
454,0.047676134606202444,0.046786389748255414,0.88974449634552,0.05635744705796242,0.43333333333333335
455,0.052889496584733325,0.05195820977290471,0.9312867919603983,0.0639452114701271,0.5333333333333333
456,0.05287814165155093,0.05138808141152064,1.490059765179952,0.04979660362005234,0.45
457,0.04712601800759633,0.0461043693125248,1.0216490030288696,0.05009429156780243,0.4666666666666667
458,0.04530665079752604,0.044343264400959016,0.9633863965670267,0.05277493968605995,0.38333333333333336
459,0.04673869895438353,0.04568493018547694,1.0537683129310609,0.05079922825098038,0.5833333333333334
460,0.044613046447436015,0.04376601402958234,0.8470319867134094,0.050372522324323654,0.48333333333333334
461,0.04452635298172633,0.043760161846876144,0.7661912441253662,0.058719027787446976,0.5666666666666667
462,0.04833330313364665,0.04729158853491147,1.041714644432068,0.05391237884759903,0.5833333333333334
463,0.04530386378367742,0.044391981015602745,0.9118827978769938,0.052763957530260086,0.6
464,0.04744748373826345,0.04653239001830419,0.9150935530662536,0.05138817057013512,0.5333333333333333
465,0.047020275394121805,0.04608881771564484,0.9314575433731079,0.05118841677904129,0.6166666666666667
466,0.045525140066941576,0.04458610092600187,0.9390392820040385,0.05464448779821396,0.5166666666666667
467,0.04778091435631116,0.04683485304315885,0.9460612614949544,0.051451366394758224,0.6333333333333333
468,0.048229166368643446,0.047412628680467604,0.8165377736091614,0.04885760694742203,0.5
469,0.047300660113493605,0.04617020909984906,1.1304514249165853,0.053583625704050064,0.5833333333333334
470,0.0456882822016875,0.04473606124520302,0.9522207458813985,0.04618745297193527,0.55
471,0.04546934440732002,0.044559879849354424,0.9094643910725911,0.05504046753048897,0.5333333333333333
472,0.047751478105783465,0.04670198609431585,1.0494921247164408,0.05058664083480835,0.5666666666666667
473,0.04579854508241018,0.04476974060138066,1.0288043340047202,0.05235105752944946,0.5666666666666667
474,0.04712593207756678,0.046096827213962875,1.0291045506795247,0.05158781632781029,0.5666666666666667
475,0.045520078390836716,0.044496842722098036,1.0232351978619894,0.051856283098459244,0.5833333333333334
476,0.04766509706775347,0.04671640048424403,0.9486964106559753,0.051054611802101135,0.4
477,0.04540712460875511,0.04442853331565857,0.9785916606585184,0.052922558039426804,0.45
478,0.045257437974214554,0.044263590375582376,0.99384792248408,0.05425329506397247,0.4166666666666667
479,0.047023666898409526,0.04594893033305804,1.074736523628235,0.0510944202542305,0.5666666666666667
480,0.04503265917301178,0.044152894119421644,0.8797648866971334,0.05044965818524361,0.48333333333333334
481,0.045250248660643894,0.04439879606167475,0.8514524340629578,0.050364311784505844,0.6166666666666667
482,0.04541993662714958,0.04450124402840932,0.9186926444371541,0.05619310587644577,0.45
483,0.04805741608142853,0.04719262346625328,0.8647923191388448,0.0595964752137661,0.5
484,0.04727956106265386,0.046394100536902745,0.885460638999939,0.050926223397254944,0.55
485,0.0451976644496123,0.04435828849673271,0.8393758296966553,0.05186351016163826,0.36666666666666664
486,0.04935453807314237,0.04832520683606466,1.0293312589327495,0.052114829421043396,0.5666666666666667
487,0.04817114099860191,0.0470652624964714,1.1058783213297525,0.048323530703783035,0.4166666666666667
488,0.046456065277258554,0.04562088722983996,0.8351781725883484,0.05483770743012428,0.6
489,0.04711058214306831,0.04623726010322571,0.8733219583829244,0.04788963869214058,0.4666666666666667
490,0.04519316330552101,0.04436620126167933,0.8269618113835653,0.0550973080098629,0.38333333333333336
491,0.04445536037286123,0.043672969192266466,0.7823909600575765,0.05001010745763779,0.5666666666666667
492,0.04701574246088664,0.04611602375904719,0.8997190395991007,0.05058357119560242,0.45
493,0.04455222835143407,0.0437709853053093,0.781243356068929,0.057564593851566315,0.45
494,0.049216309934854506,0.048195513089497884,1.0207966367403667,0.054723549634218216,0.5833333333333334
495,0.04864687795440356,0.04767019972205162,0.9766781091690063,0.048246581107378006,0.5333333333333333
496,0.044477557142575584,0.04366138577461243,0.8161708831787109,0.05206817388534546,0.5833333333333334
497,0.04584344501296679,0.04495513215661049,0.8883123238881429,0.050166055560112,0.6333333333333333
498,0.04536736657222112,0.04452186127503713,0.8455048561096191,0.050568584352731705,0.6166666666666667
499,0.04604771286249161,0.045188912004232404,0.8588009675343832,0.05287948623299599,0.6166666666666667
500,0.04543979888161023,0.04456803326805433,0.8717658519744873,0.05200142785906792,0.55
